chr	st	BC08T.ref	BC08T.var	BC08T.vaf	BC08T.cn	BC08T.cleancn	BC08T.depth	adequateDepth	cluster	cluster.prob.1	cluster.prob.2	cluster.prob.3
chr1	9791410	23	2	8	1.73147	NA	25	0	NA	NA	NA	NA
chr1	12942289	45	14	23.73	1.73147	NA	59	1	NA	NA	NA	NA
chr1	13183109	205	9	4.21	1.73147	NA	214	1	NA	NA	NA	NA
chr1	13183115	201	9	4.29	1.73147	NA	210	1	NA	NA	NA	NA
chr1	13183130	209	15	6.7	1.73147	NA	224	1	NA	NA	NA	NA
chr1	13183138	214	17	7.36	1.73147	NA	231	1	NA	NA	NA	NA
chr1	13183167	206	9	4.19	1.73147	NA	215	1	NA	NA	NA	NA
chr1	16384986	21	22	51.16	1.73147	NA	43	1	NA	NA	NA	NA
chr1	16384998	22	14	38.89	1.73147	NA	36	1	NA	NA	NA	NA
chr1	16384999	21	15	41.67	1.73147	NA	36	1	NA	NA	NA	NA
chr1	16892065	392	36	8.41	1.73147	NA	428	1	NA	NA	NA	NA
chr1	16902857	226	11	4.64	1.73147	NA	237	1	NA	NA	NA	NA
chr1	16903798	99	8	7.48	1.73147	NA	107	1	NA	NA	NA	NA
chr1	16903803	99	7	6.6	1.73147	NA	106	1	NA	NA	NA	NA
chr1	16948361	85	23	21.3	1.73147	NA	108	1	NA	NA	NA	NA
chr1	17081886	217	25	10.33	1.73147	NA	242	1	NA	NA	NA	NA
chr1	29652476	26	3	10.34	1.73147	NA	29	0	NA	NA	NA	NA
chr1	68627533	60	15	20	1.90316	2	75	1	2	0.151827696008054	0.848169014169665	3.292822280807e-06
chr1	68627652	136	32	19.05	1.90316	2	168	1	2	0.067192306944637	0.932796694882495	1.10011728681172e-05
chr1	68627872	131	9	6.43	1.90316	2	140	1	3	1.01882374971702e-09	0.00621440467990056	0.993785597301275
chr1	68628033	235	16	6.37	1.90316	2	251	1	3	1.01499230760765e-09	0.00563373199315632	0.994366269991851
chr1	68628264	27	8	22.86	1.90316	2	35	1	1	0.709226070834557	0.290773890923852	4.12415902351522e-08
chr1	68628323	79	13	14.13	1.90316	2	92	1	2	0.0003915997306847	0.995446123134982	0.0041622801343335
chr1	68628325	82	13	13.68	1.90316	2	95	1	2	0.000229441910946459	0.992550853919777	0.00721970716927658
chr1	68628326	80	13	13.98	1.90316	2	93	1	2	0.00032816940804294	0.994672052378342	0.00499978121361489
chr1	68628333	79	13	14.13	1.90316	2	92	1	2	0.0003915997306847	0.995446123134982	0.0041622801343335
chr1	68628336	77	13	14.44	1.90316	2	90	1	2	0.000561738001244925	0.996586181362577	0.002852083636178
chr1	142619350	109	21	16.15	1.90316	2	130	1	2	0.00374531709102197	0.99589286816711	0.000361817741868454
chr1	142806056	679	38	5.3	1.90316	2	717	1	3	1.00019327570988e-09	0.000889970119845885	0.999110031879961
chr1	142806946	123	11	8.21	1.90316	2	134	1	3	9.45332453982591e-09	0.0890034762316178	0.910996517315058
chr1	142808185	301	24	7.38	1.90316	2	325	1	3	1.56937709922534e-09	0.0274149374315074	0.972585063999116
chr1	142808199	353	32	8.31	1.90316	2	385	1	3	1.24869929186337e-08	0.101570388707544	0.898429601805463
chr1	142808427	228	12	5	1.90316	2	240	1	3	1.00005077916318e-09	0.000510948938208338	0.999489053061741
chr1	142812349	426	23	5.12	1.90316	2	449	1	3	1.00008728990908e-09	0.000639383133752591	0.99936061886616
chr1	142816458	452	27	5.64	1.90316	2	479	1	3	1.00082217975592e-09	0.00163378588580337	0.998366216113374
chr1	143166735	111	13	10.48	1.90316	2	124	1	2	2.439330400525e-06	0.697151980312314	0.302845583357286
chr1	143195884	48	18	27.27	1.90316	2	66	1	1	0.990461846694191	0.00953815529826417	1.00754424290746e-09
chr1	143195902	45	10	18.18	1.90316	2	55	1	2	0.0296901302517695	0.970278088574824	3.17841734066345e-05
chr1	143209844	608	38	5.88	1.90316	2	646	1	3	1.00219827686124e-09	0.00247764556701415	0.997522356430787
chr1	143223019	173	28	13.93	1.90316	2	201	1	2	0.000309297612904434	0.994375546614785	0.00531515877231039
chr1	143223022	177	28	13.66	1.90316	2	205	1	2	0.000223982947350911	0.992377041883041	0.00739897816960815
chr1	143223085	227	34	13.03	1.90316	2	261	1	2	0.000103261052942104	0.983852395753525	0.0160443461935326
chr1	143223142	251	36	12.54	1.90316	2	287	1	2	5.51553384868497e-05	0.970657532832344	0.0292873148291687
chr1	143230327	362	53	12.77	1.90316	2	415	1	2	7.42627957012251e-05	0.977839664394421	0.0220860758098776
chr1	144615102	45	14	23.73	1.90316	2	59	1	1	0.839484049216836	0.160515944726423	9.05674088676504e-09
chr1	144615104	45	14	23.73	1.90316	2	59	1	1	0.839484049216836	0.160515944726423	9.05674088676504e-09
chr1	144852254	201	28	12.23	1.90316	2	229	1	2	3.6567419740456e-05	0.957196582524041	0.0427668530562181
chr1	145293274	511	78	13.24	1.90316	2	589	1	2	0.00013414968194155	0.987472680288019	0.0123931730300396
chr1	145323388	119	14	10.53	1.90316	2	133	1	2	2.67427586555057e-06	0.711022427641272	0.288974901082863
chr1	147229654	67	20	22.99	1.90316	2	87	1	1	0.732322708501437	0.267677261660864	3.28376992922609e-08
chr1	148004422	215	12	5.29	1.90316	2	227	1	3	1.00018502584209e-09	0.000873919717110118	0.999126082282705
chr1	148010972	103	13	11.21	1.90316	2	116	1	2	8.40915330920493e-06	0.857635084454572	0.142356509392119
chr1	148853906	182	17	8.54	1.90316	2	199	1	3	2.38741818153843e-08	0.136231461714379	0.863768517411439
chr1	149262467	190	27	12.44	1.90316	2	217	1	2	4.83720372144773e-05	0.96685043706222	0.0331011939005653
chr1	168511349	45	8	15.09	1.90316	2	53	1	2	0.00117586778419956	0.997528036728341	0.00129609848745915
chr1	201178749	460	27	5.54	1.90316	2	487	1	3	1.00054079079982e-09	0.00136950463754861	0.99863049736191
chr1	201179173	179	19	9.6	1.90316	2	198	1	3	3.86556266090852e-07	0.411705917470328	0.588293698973406
chr1	205627203	39	3	7.14	1.90316	2	42	1	3	1.2486710570424e-09	0.0190771876444474	0.980922814106881
chr1	212482722	93	19	16.96	1.90316	2	112	1	2	0.00876074565833852	0.991102025082859	0.000137232258802708
chr10	15050032	160	28	14.89	1.84242	2	188	1	2	0.000939079798421975	0.997409769858413	0.00165115334316464
chr10	15050147	213	28	11.62	1.84242	2	241	1	2	1.55943139107843e-05	0.911111923387506	0.0888724852985831
chr10	38475397	38	4	9.52	1.84242	2	42	1	3	3.19641652768183e-07	0.385308108781363	0.614691574576984
chr10	42949940	59	6	9.23	1.84242	2	65	1	3	1.55556827084053e-07	0.295385876359091	0.704613971084082
chr10	42949949	55	6	9.84	1.84242	2	61	1	3	6.68108417034944e-07	0.492887602753691	0.507111732137892
chr10	46248788	26	9	25.71	1.84242	2	35	1	1	0.965981386394398	0.0340186154369896	1.16861223118529e-09
chr10	123722942	17	3	15	1.84242	2	20	0	NA	NA	NA	NA
chr10	126677096	987	105	9.62	1.84242	2	1091	1	3	4.05126562990311e-07	0.418379072288102	0.581620525585335
chr10	126677242	916	70	7.1	1.84242	2	986	1	3	1.21614780923657e-09	0.0179434491342717	0.98205655264958
chr10	126677275	1082	61	5.34	1.84242	2	1142	1	3	1.00022997971658e-09	0.000956985761057426	0.999043016238713
chr10	126727619	224	20	8.2	1.84242	2	244	1	3	9.19614056863658e-09	0.0878236993736082	0.912176294430251
chr10	126727649	216	31	12.55	1.84242	2	247	1	2	5.58802269852859e-05	0.971013473238706	0.0289306495343091
chr10	127585125	110	8	6.78	1.84242	2	118	1	3	1.0688918613979e-09	0.0109001100805087	0.989099891850599
chr11	870241	29	3	9.38	1.83248	2	32	1	3	2.27124787234679e-07	0.340583050977069	0.659416724898144
chr11	1016613	321	40	11.08	1.83248	2	361	1	2	6.8451624503647e-06	0.835619706395295	0.164373451442254
chr11	1016645	471	39	7.65	1.83248	2	510	1	3	2.40935095680768e-09	0.0407786818903168	0.959221318700332
chr11	1016647	479	43	8.24	1.83248	2	522	1	3	1.02719985592314e-08	0.0926251876653358	0.907374805062666
chr11	1016678	588	59	9.12	1.83248	2	647	1	3	1.16949926856265e-07	0.264400003617536	0.735599882432537
chr11	1016690	648	36	5.26	1.83248	2	684	1	3	1.00016226906593e-09	0.000827385815478379	0.999172616184359
chr11	1016707	621	53	7.86	1.83248	2	674	1	3	3.79878346427558e-09	0.0550504091346351	0.944949590066582
chr11	1016919	631	43	6.38	1.83248	2	674	1	3	1.01557358295503e-09	0.00572680792690281	0.994273194057524
chr11	1016960	587	70	10.65	1.83248	2	657	1	2	3.31863574690271e-06	0.742637198405233	0.25735948595902
chr11	1017012	557	28	4.79	1.83248	2	585	1	3	1.00001920300979e-09	0.000342435445703781	0.999657566554277
chr11	1017013	565	28	4.72	1.83248	2	593	1	3	1.00001378597249e-09	0.000298976554234512	0.999701025445752
chr11	1017059	528	38	6.71	1.83248	2	566	1	3	1.05336019885463e-09	0.00975510418776258	0.990244897758877
chr11	1017066	574	26	4.33	1.83248	2	600	1	3	1.0000020215522e-09	0.00013711322900383	0.999862888770994
chr11	1017085	644	33	4.87	1.83248	2	678	1	3	1.00002791859794e-09	0.000399311574219006	0.999600690425753
chr11	1017090	667	33	4.71	1.83248	2	701	1	3	1.00001314442037e-09	0.000293206804398156	0.999706795195589
chr11	1017111	480	40	7.69	1.83248	2	520	1	3	2.60815946036385e-09	0.0432042275817246	0.956795772810116
chr11	1017116	533	32	5.66	1.83248	2	565	1	3	1.00089344291673e-09	0.00169211173927942	0.998307890259827
chr11	1017200	610	57	8.55	1.83248	2	667	1	3	2.45567879761915e-08	0.137933737670297	0.862066240772915
chr11	1017221	623	30	4.59	1.83248	2	654	1	3	1.00000737387106e-09	0.000231609739441693	0.999768392260551
chr11	1017280	421	50	10.62	1.83248	2	471	1	2	3.14623344608424e-06	0.73496012513044	0.265036731636114
chr11	1017294	399	33	7.64	1.83248	2	432	1	3	2.36348693710965e-09	0.040192116743983	0.95980788389253
chr11	1017755	414	50	10.78	1.83248	2	464	1	2	4.16274389135307e-06	0.774114978666944	0.225880861589165
chr11	1017841	665	40	5.67	1.83248	2	705	1	3	1.00093128247268e-09	0.00172200573853551	0.998277996260533
chr11	1017870	704	52	6.88	1.83248	2	756	1	3	1.09890175790259e-09	0.0127574002512146	0.987242601649884
chr11	1018289	269	29	9.73	1.83248	2	298	1	3	5.22158796760383e-07	0.455460919131797	0.544538561709406
chr11	1018293	282	14	4.73	1.83248	2	296	1	3	1.00001445771043e-09	0.000304852255683981	0.999695149744302
chr11	64882898	38	5	11.63	1.83248	2	43	1	2	1.58227982727545e-05	0.912150323860992	0.0878338563407346
chr11	65147294	27	3	10	1.83248	2	30	1	2	9.43907692093793e-07	0.547087853702238	0.45291120539007
chr11	67560756	160	7	4.19	1.83248	2	167	1	3	1.00000098170013e-09	0.000102551381421213	0.999897450618578
chr11	119032470	61	4	6.15	1.83248	2	65	1	3	1.00642004242412e-09	0.00391383596388654	0.996086166029693
chr12	74115	64	4	5.88	1.81793	2	68	1	3	1.00219827686124e-09	0.00247764556701415	0.997522356430787
chr12	6947261	23	2	8	1.81793	2	25	0	NA	NA	NA	NA
chr12	11244190	116	29	20	1.81793	2	145	1	2	0.151827696008054	0.848169014169665	3.292822280807e-06
chr12	11244199	120	26	17.81	1.81793	2	146	1	2	0.0206724141627206	0.979277982046363	4.96067909160698e-05
chr12	11244744	56	14	20	1.81793	2	70	1	2	0.151827696008054	0.848169014169665	3.292822280807e-06
chr12	31237978	60	5	7.69	1.81793	2	65	1	3	2.60815946036385e-09	0.0432042275817246	0.956795772810116
chr12	31242869	44	9	16.98	1.81793	2	53	1	2	0.00894308758501871	0.99092292599333	0.000133989421650744
chr12	58217180	69	4	5.48	1.81793	2	73	1	3	1.00041946182534e-09	0.0012308565790466	0.998769145420534
chr12	58217184	67	4	5.63	1.81793	2	71	1	3	1.00078864436503e-09	0.00160533897159178	0.99839466302762
chr12	58217185	68	4	5.56	1.81793	2	72	1	3	1.00058831602223e-09	0.00141890109470325	0.998581100904708
chr12	58217770	35	5	12.5	1.81793	2	40	1	2	5.23423892733252e-05	0.969189774699578	0.0307578859111487
chr12	117685270	82	4	4.65	1.81793	2	86	1	3	1.00000985931021e-09	0.000260714957932909	0.999739287042057
chr13	114603373	30	7	18.92	1.90977	2	37	1	2	0.0596845349145425	0.940302553042716	1.2915042741344e-05
chr14	20009989	78	21	21.21	1.85048	2	99	1	2	0.355780477703409	0.644218914798216	6.10498374855476e-07
chr14	23416549	31	23	42.59	1.85048	2	54	1	1	0.999999938553797	6.34462022859997e-08	1e-09
chr14	51353323	77	6	7.23	1.85048	2	83	1	3	1.34012328020119e-09	0.0218780491572033	0.978121952502673
chr14	81329150	50	3	5.66	1.85048	2	53	1	3	1.00089344291673e-09	0.00169211173927942	0.998307890259827
chr14	103574714	18	3	14.29	1.85048	2	21	0	NA	NA	NA	NA
chr15	20363393	40	15	27.27	1.82931	2	55	1	1	0.990461846694191	0.00953815529826417	1.00754424290746e-09
chr15	28989968	73	6	7.59	1.82931	2	79	1	3	2.15495918901129e-09	0.0373737699481913	0.96262623089685
chr15	31093734	18	6	25	1.82931	2	24	0	NA	NA	NA	NA
chr15	74364730	142	6	4.05	1.82931	2	148	1	3	1.00000046755208e-09	7.62261140981579e-05	0.999923775885901
chr15	76030135	78	19	19.59	1.82931	2	97	1	2	0.108105691775196	0.891888720657978	5.59056682630382e-06
chr15	100333075	64	17	20.99	1.82931	2	81	1	2	0.310873871497775	0.689125287944353	8.43557872037637e-07
chr15	102304374	25	3	10.71	1.82931	2	28	0	NA	NA	NA	NA
chr15	102304393	30	5	14.29	1.82931	2	35	1	2	0.000472094969332445	0.996103906521064	0.0034240015096034
chr15	102515347	157	10	5.99	1.82931	2	167	1	3	1.00341637088753e-09	0.00298909897218407	0.9970109030244
chr15	102517868	99	26	20.8	1.82931	2	125	1	2	0.27455462588193	0.725444269216113	1.10790195756657e-06
chr16	830855	158	10	5.95	1.74026	NA	168	1	NA	NA	NA	NA
chr16	15457764	67	8	10.67	1.74026	NA	75	1	NA	NA	NA	NA
chr16	28507439	37	4	9.76	1.74026	NA	41	1	NA	NA	NA	NA
chr16	32403516	114	14	10.94	1.74026	NA	128	1	NA	NA	NA	NA
chr16	33530772	180	33	15.49	1.74026	NA	213	1	NA	NA	NA	NA
chr16	33781448	23	6	20.69	1.74026	NA	29	0	NA	NA	NA	NA
chr16	57061955	41	3	6.82	1.74026	NA	44	1	NA	NA	NA	NA
chr16	57722932	26	3	10.34	1.74026	NA	29	0	NA	NA	NA	NA
chr16	57748755	54	11	16.92	1.74026	NA	65	1	NA	NA	NA	NA
chr16	57748759	51	10	16.39	1.74026	NA	61	1	NA	NA	NA	NA
chr16	57748767	49	11	18.33	1.74026	NA	60	1	NA	NA	NA	NA
chr16	57748768	49	11	18.33	1.74026	NA	60	1	NA	NA	NA	NA
chr16	70182249	35	6	14.63	1.74026	NA	41	1	NA	NA	NA	NA
chr16	89964885	17	4	19.05	1.74026	NA	21	0	NA	NA	NA	NA
chr17	20768132	137	26	15.95	1.76957	2	163	1	2	0.00302234905269923	0.996517719798326	0.00045993414897476
chr17	20768134	138	26	15.85	1.76957	2	164	1	2	0.00271311566573598	0.99676826462373	0.000518622710534272
chr17	20768137	151	24	13.71	1.76957	2	175	1	2	0.000237868147615662	0.992803173007079	0.00695896184530505
chr17	20768142	149	27	15.34	1.76957	2	176	1	2	0.00155299216546422	0.997488736583395	0.000958274251141126
chr17	21904589	109	15	12.1	1.76957	2	124	1	2	3.0656828815923e-05	0.949893074569716	0.0500762716014679
chr17	34499725	86	13	13.13	1.76957	2	99	1	2	0.000117021553349827	0.985695058689805	0.0141879227568451
chr17	34587791	100	8	7.41	1.76957	2	108	1	3	1.63054561008839e-09	0.0286682881939342	0.97133171317552
chr17	34587794	105	8	7.08	1.76957	2	113	1	3	1.20147217190692e-09	0.0174005769881607	0.982599424810367
chr17	36203061	25	11	30.56	1.76957	2	36	1	1	0.999323363578275	0.000676638421714313	1.00001061913671e-09
chr17	36203073	26	11	29.73	1.76957	2	37	1	1	0.998690100841202	0.00130990115874248	1.00005568503081e-09
chr17	36203088	28	9	24.32	1.76957	2	37	1	1	0.897023017520698	0.102976981883293	3.5960097209966e-09
chr17	36203091	26	10	27.78	1.76957	2	36	1	1	0.993699964670995	0.00630003732627804	1.00272708459659e-09
chr17	36203095	28	10	26.32	1.76957	2	38	1	1	0.979299570706195	0.020700431243673	1.05013182380825e-09
chr17	36203167	45	9	16.67	1.76957	2	54	1	2	0.00648507335264927	0.993320808393836	0.000194121253514561
chr17	36203174	53	8	13.11	1.76957	2	61	1	2	0.000114138179279889	0.985344696789531	0.0145411680311889
chr17	36203175	55	8	12.7	1.76957	2	63	1	2	6.78768145173643e-05	0.975863471332315	0.0240686548531676
chr17	36203178	52	7	11.86	1.76957	2	59	1	2	2.19823569367209e-05	0.933124627897517	0.0668533927455466
chr17	36203184	54	9	14.29	1.76957	2	63	1	2	0.000472094969332445	0.996103906521064	0.0034240015096034
chr17	36203198	55	11	16.67	1.76957	2	66	1	2	0.00648507335264927	0.993320808393836	0.000194121253514561
chr17	36203213	55	9	14.06	1.76957	2	64	1	2	0.000360666602126094	0.995105427892002	0.00453390850587199
chr17	36203214	56	9	13.85	1.76957	2	65	1	2	0.000281237120718212	0.993856763605084	0.00586200227419815
chr17	36203228	49	8	14.04	1.76957	2	57	1	2	0.000352265992187285	0.995001629488719	0.00464610751909418
chr17	36348979	152	19	11.11	1.76957	2	171	1	2	7.1815247104314e-06	0.840938854128408	0.159053967346882
chr17	39240713	56	12	17.65	1.78621	2	68	1	2	0.0176360538691022	0.982303847686371	6.01014445263629e-05
chr17	39406812	223	30	11.86	1.78621	2	253	1	2	2.19823569367209e-05	0.933124627897517	0.0668533927455466
chr17	45214661	398	22	5.24	1.78621	2	420	1	3	1.00014862845079e-09	0.000797668186387836	0.999202333813464
chr17	45214684	347	15	4.14	1.78621	2	362	1	3	1.00000075496135e-09	9.23097564948839e-05	0.999907692243504
chr17	45214689	336	15	4.27	1.78621	2	351	1	3	1.00000148674771e-09	0.000121154420190853	0.999878847579808
chr17	45221261	45	22	32.84	1.78621	2	67	1	1	0.999887357113398	0.000112644886601743	1.0000001108802e-09
chr17	45221281	46	21	31.34	1.78621	2	67	1	1	0.999634808848175	0.000365193151823115	1.00000223474426e-09
chr17	45221301	50	10	16.67	1.78621	2	60	1	2	0.00648507335264927	0.993320808393836	0.000194121253514561
chr17	45221307	44	11	20	1.78621	2	55	1	2	0.151827696008054	0.848169014169665	3.292822280807e-06
chr17	45221313	36	8	18.18	1.78621	2	44	1	2	0.0296901302517695	0.970278088574824	3.17841734066345e-05
chr17	45234417	811	43	5.04	1.78621	2	853	1	3	1.00006089532001e-09	0.000550794394704596	0.999449207605234
chr17	58093178	27	7	20.59	1.78621	2	34	1	2	0.237454668495256	0.762543847107436	1.48739730740124e-06
chr17	73570286	23	3	11.54	1.78621	2	26	0	NA	NA	NA	NA
chr18	14183538	15	17	53.12	1.84856	2	32	1	1	1.00000000098478	1.01522184044831e-09	1e-09
chr18	14183569	28	6	17.65	1.84856	2	34	1	2	0.0176360538691022	0.982303847686371	6.01014445263629e-05
chr18	14183574	25	6	19.35	1.84856	2	31	1	2	0.0878208639328343	0.912171568073062	7.57099410390472e-06
chr18	14183680	133	22	14.19	1.84856	2	155	1	2	0.000420114392968947	0.995711623176104	0.00386826543092667
chr18	14183814	134	24	15.19	1.84856	2	158	1	2	0.00131476515864752	0.997536710978556	0.00114852686279624
chr18	14183818	153	12	7.27	1.84856	2	165	1	3	1.39053752514634e-09	0.0232424483850949	0.976757553224368
chr18	14183823	159	13	7.56	1.84856	2	172	1	3	2.04501284403496e-09	0.0357712230135939	0.964228777941393
chr18	14184005	190	24	11.21	1.84856	2	214	1	2	8.40915330920493e-06	0.857635084454572	0.142356509392119
chr18	14184254	20	6	23.08	1.84856	2	26	0	NA	NA	NA	NA
chr18	14213134	22	4	15.38	1.84856	2	26	0	NA	NA	NA	NA
chr18	15325567	157	29	15.59	1.84856	2	186	1	2	0.00204468418820091	0.997246324976792	0.000708993835006776
chr18	20837381	39	3	7.14	1.84856	2	42	1	3	1.2486710570424e-09	0.0190771876444474	0.980922814106881
chr18	48190374	18	2	10	1.84856	2	20	0	NA	NA	NA	NA
chr18	61616690	34	3	8.11	1.8767	2	37	1	3	7.19500011022765e-09	0.0778020649994253	0.922197930805574
chr19	199040	20	8	28.57	1.54724	NA	28	0	NA	NA	NA	NA
chr19	200181	133	10	6.99	1.54724	NA	143	1	NA	NA	NA	NA
chr19	1807125	19	3	13.64	1.48226	NA	22	0	NA	NA	NA	NA
chr19	8999468	143	20	12.27	1.71868	NA	163	1	NA	NA	NA	NA
chr19	8999500	75	10	11.76	1.71868	NA	85	1	NA	NA	NA	NA
chr19	8999501	72	10	12.2	1.71868	NA	82	1	NA	NA	NA	NA
chr19	8999502	72	10	12.2	1.71868	NA	82	1	NA	NA	NA	NA
chr19	8999511	67	10	12.99	1.71868	NA	77	1	NA	NA	NA	NA
chr19	8999517	65	10	13.33	1.71868	NA	75	1	NA	NA	NA	NA
chr19	8999531	44	9	16.98	1.71868	NA	53	1	NA	NA	NA	NA
chr19	8999539	41	6	12.77	1.71868	NA	47	1	NA	NA	NA	NA
chr19	8999540	40	6	13.04	1.71868	NA	46	1	NA	NA	NA	NA
chr19	9027626	23	12	34.29	1.71868	NA	35	1	NA	NA	NA	NA
chr19	13039356	35	2	5.41	1.71868	NA	37	1	NA	NA	NA	NA
chr19	15839060	120	6	4.76	1.71868	NA	126	1	NA	NA	NA	NA
chr19	18248177	22	3	12	1.71868	NA	25	0	NA	NA	NA	NA
chr19	18775235	28	3	9.68	1.71868	NA	31	1	NA	NA	NA	NA
chr19	21493343	37	5	11.9	1.71868	NA	42	1	NA	NA	NA	NA
chr2	62373635	121	10	7.63	1.90303	2	131	1	3	2.31906610608852e-09	0.0396133007815193	0.960386699899415
chr2	89076154	75	5	6.25	1.90303	2	80	1	3	1.00946529759213e-09	0.00462273351732384	0.995377268473211
chr2	89104333	222	29	11.55	1.90303	2	251	1	2	1.40757990683402e-05	0.903519938112646	0.0964659890882861
chr2	89104362	211	23	9.83	1.90303	2	234	1	3	6.53501178518833e-07	0.489481858309902	0.51051749118892
chr2	91768794	288	47	14.03	1.90303	2	335	1	2	0.000348136007823434	0.994948614687776	0.00470325230440061
chr2	91824833	160	26	13.98	1.90303	2	186	1	2	0.00032816940804294	0.994672052378342	0.00499978121361489
chr2	91843403	27	8	22.86	1.90303	2	35	1	1	0.709226070834557	0.290773890923852	4.12415902351522e-08
chr2	91935981	18	5	21.74	1.90303	2	23	0	NA	NA	NA	NA
chr2	95474262	128	22	14.67	1.90303	2	150	1	2	0.000731490454307747	0.997112263475108	0.00215624907058451
chr2	95474274	130	26	16.67	1.90303	2	156	1	2	0.00648507335264927	0.993320808393836	0.000194121253514561
chr2	95474319	107	19	15.08	1.90303	2	126	1	2	0.00116277916208422	0.997525354731603	0.00131186910631228
chr2	95474322	105	19	15.32	1.90303	2	124	1	2	0.00151898964638559	0.997499332573449	0.000981680780166
chr2	95474325	102	19	15.7	1.90303	2	121	1	2	0.00230552083005619	0.997073386874882	0.000621095295061994
chr2	95511119	152	10	6.17	1.90303	2	162	1	3	1.00694091266805e-09	0.00404682625515414	0.995953175737905
chr2	95513734	197	30	13.22	1.90303	2	227	1	2	0.000130868989415637	0.987167466301293	0.012701667709291
chr2	96525453	27	11	28.95	1.90303	2	38	1	1	0.997552540978121	0.0024474610216152	1.00026409678015e-09
chr2	96604771	84	24	22.22	1.90303	2	108	1	1	0.579780294829126	0.420219584596043	1.23574830889765e-07
chr2	96604785	79	18	18.56	1.90303	2	97	1	2	0.0426951813211229	0.957284761528322	2.00601505545752e-05
chr2	96604799	76	12	13.64	1.90303	2	88	1	2	0.000218647601001585	0.99219862640337	0.00758272899562788
chr2	96616597	53	14	20.9	1.90303	2	67	1	2	0.293361635127526	0.706637407328532	9.60543942576975e-07
chr2	96616599	50	13	20.63	1.90303	2	63	1	2	0.244261974327862	0.755736621697555	1.40697458345777e-06
chr2	96616607	41	12	22.64	1.90303	2	53	1	1	0.667441532443232	0.332558410085386	6.04713824057417e-08
chr2	97808346	144	26	15.29	1.90303	2	170	1	2	0.00146932155599855	0.997512806006482	0.00101787543751947
chr2	97827852	178	27	13.17	1.90303	2	205	1	2	0.000122995783571409	0.986370014549641	0.0135069926667874
chr2	114256759	135	11	7.53	1.88296	2	146	1	3	1.94521607378016e-09	0.0342322294671536	0.96576777158763
chr2	114352916	70	11	13.58	1.88296	2	81	1	2	0.000203356716567239	0.991634651311442	0.00816199497199046
chr2	114355146	94	4	4.08	1.88296	2	98	1	3	1.00000054903717e-09	8.12734225836668e-05	0.999918728577416
chr2	130739462	64	24	27.27	1.88296	2	88	1	1	0.990461846694191	0.00953815529826417	1.00754424290746e-09
chr2	130739463	69	24	25.81	1.88296	2	93	1	1	0.968636246289716	0.0313637555720352	1.13824825546054e-09
chr2	132905792	157	28	15.14	1.88296	2	185	1	2	0.00124345814006137	0.997536479182677	0.00122006567726196
chr2	133015401	87	19	17.92	1.88296	2	106	1	2	0.0230398135882488	0.976916722005933	4.34674058183027e-05
chr2	133015522	117	15	11.36	1.88296	2	132	1	2	1.05953120332777e-05	0.879841513438726	0.120147894249241
chr2	152496526	38	20	34.48	1.88296	2	58	1	1	0.99996848978717	3.15122128299288e-05	1.00000000409572e-09
chr20	25753574	109	9	7.63	1.80713	2	118	1	3	2.31906610608852e-09	0.0396133007815193	0.960386699899415
chr20	25754060	59	8	11.94	1.80713	2	67	1	2	2.45868471571189e-05	0.9392368017291	0.060738614423743
chr20	25754073	63	7	10	1.80713	2	70	1	2	9.43907692093793e-07	0.547087853702238	0.45291120539007
chr20	25755895	36	13	26.53	1.80713	2	49	1	1	0.982559424143351	0.0174405778236541	1.0329945118304e-09
chr20	25755913	34	11	24.44	1.80713	2	45	1	1	0.906164894074672	0.0938351058691729	3.05615466134187e-09
chr20	26063442	111	22	16.54	1.80713	2	133	1	2	0.00565995795400981	0.994113255697824	0.000226789348165893
chr20	26063469	99	21	17.5	1.80713	2	120	1	2	0.015177640677298	0.984750430109321	7.19322133811063e-05
chr20	26189376	246	14	5.38	1.80713	2	260	1	3	1.000273387642e-09	0.00102872714631876	0.998971274853408
chr20	29612076	31	8	20.51	1.80713	2	39	1	2	0.224216365391264	0.775781976484355	1.66112438057381e-06
chr20	29632545	160	11	6.43	1.80713	2	171	1	3	1.01882374971702e-09	0.00621440467990056	0.993785597301275
chr20	29632551	190	15	7.32	1.80713	2	205	1	3	1.46380052074936e-09	0.0250596716053572	0.974940329930842
chr20	29632660	842	86	9.27	1.80713	2	928	1	3	1.72286044085385e-07	0.307124723967351	0.692875106746604
chr20	29633915	425	64	13.09	1.80713	2	489	1	2	0.000111321919943351	0.984985467180879	0.0149032138991779
chr20	29634002	493	48	8.87	1.80713	2	541	1	3	5.98425303920892e-08	0.20171279020415	0.798287152953319
chr21	9908218	170	19	10.05	1.86154	2	189	1	2	1.04829692426272e-06	0.563795794463868	0.436203160239207
chr21	9912336	82	14	14.58	1.86154	2	96	1	2	0.000659919672983309	0.996934649543427	0.00240543378359016
chr21	9912343	76	13	14.61	1.86154	2	89	1	2	0.000682997091612909	0.996997705691255	0.00231930021713209
chr21	9912397	57	10	14.93	1.86154	2	67	1	2	0.000982441880387862	0.997444517989357	0.00157304313025514
chr21	9912408	46	9	16.36	1.86154	2	55	1	2	0.00468193012651333	0.995036749096916	0.000281323776570384
chr21	9912427	42	10	19.23	1.86154	2	52	1	2	0.0789807472891922	0.921010458423935	8.79728687244445e-06
chr21	9912450	29	6	17.14	1.86154	2	35	1	2	0.0105381960373927	0.989351149143704	0.00011065781890328
chr21	9926780	95	4	4.04	1.86154	2	99	1	3	1.00000044307866e-09	7.46092684916644e-05	0.999925392731508
chr21	9926782	95	12	11.21	1.86154	2	107	1	2	8.40915330920493e-06	0.857635084454572	0.142356509392119
chr21	9926795	104	5	4.59	1.86154	2	109	1	3	1.00000737387106e-09	0.000231609739441693	0.999768392260551
chr21	9927307	18	3	14.29	1.86154	2	21	0	NA	NA	NA	NA
chr21	9968459	35	8	18.6	1.86154	2	43	1	2	0.0443349292481844	0.955645966894275	1.91068575409029e-05
chr21	10907041	95	23	19.49	1.86154	2	118	1	2	0.0992123518794052	0.900781304304463	6.34681613215127e-06
chr21	10908767	63	8	11.27	1.86154	2	71	1	2	9.23069621861584e-06	0.866913635526618	0.133077136777163
chr21	10934193	204	40	16.39	1.86154	2	244	1	2	0.00483282532157659	0.994895781273519	0.000271396404904234
chr21	10942981	143	24	14.37	1.86154	2	167	1	2	0.000518048380992848	0.996376057433324	0.00310589718568313
chr21	14468657	71	9	11.25	1.86154	2	80	1	2	8.9493565153538e-06	0.863880785836264	0.13611026780722
chr22	21576172	37	8	17.78	1.7446	NA	45	1	NA	NA	NA	NA
chr22	22976660	53	5	8.62	1.7446	NA	58	1	NA	NA	NA	NA
chr22	37163799	19	2	9.52	1.7446	NA	21	0	NA	NA	NA	NA
chr22	46761585	30	3	9.09	1.7446	NA	33	1	NA	NA	NA	NA
chr3	58154304	49	4	7.55	1.8954	2	53	1	3	2.01066589567315e-09	0.0352512743913693	0.964748726597965
chr3	58377519	68	5	6.85	1.8954	2	73	1	3	1.08877129342194e-09	0.0121710380338235	0.987828963877405
chr3	75713958	95	14	12.84	1.8954	2	109	1	2	8.12081956818128e-05	0.979652897979839	0.0202658968244797
chr3	75834705	16	4	20	1.8954	2	20	0	NA	NA	NA	NA
chr3	124449291	39	3	7.14	1.8954	2	42	1	3	1.2486710570424e-09	0.0190771876444474	0.980922814106881
chr3	195505766	60	9	13.04	1.89776	2	69	1	2	0.000104565175009467	0.984047172958978	0.0158482648660123
chr3	195507189	400	31	7.19	1.89776	2	431	1	3	1.2960397264696e-09	0.0205888058508237	0.979411195853136
chr3	195507604	323	55	14.55	1.89776	2	378	1	2	0.000637589571745578	0.996867618833912	0.00249479459434202
chr3	195509832	447	58	11.49	1.89776	2	505	1	2	1.28807270328412e-05	0.896544327954402	0.103442794318565
chr4	678257	19	3	13.64	1.89711	2	22	0	NA	NA	NA	NA
chr4	49214844	235	17	6.75	1.89711	2	252	1	3	1.06176208526228e-09	0.0103946815294589	0.989605320408779
chr4	49240143	28	8	22.22	1.89711	2	36	1	1	0.579780294829126	0.420219584596043	1.23574830889765e-07
chr4	49240176	27	9	25	1.89711	2	36	1	1	0.93968928297969	0.0603107183336379	1.68667243983772e-09
chr4	49240189	28	7	20	1.89711	2	35	1	2	0.151827696008054	0.848169014169665	3.292822280807e-06
chr4	49241258	146	17	10.43	1.89711	2	163	1	2	2.22229529415533e-06	0.682889350767979	0.317108429936727
chr4	49241300	163	20	10.93	1.89711	2	183	1	2	5.36044614153168e-06	0.806789257910864	0.193205384642994
chr4	49241302	164	19	10.38	1.89711	2	183	1	2	2.02202287127807e-06	0.66825048036997	0.331747500607159
chr4	49241312	173	19	9.9	1.89711	2	192	1	2	7.61909753432888e-07	0.513298676660126	0.486700564430121
chr4	49241330	162	16	8.99	1.89711	2	178	1	3	8.28339005561723e-08	0.230411544057681	0.769588376108418
chr4	120327201	83	12	12.63	1.89711	2	95	1	2	6.20071717125633e-05	0.9737103221003	0.0262276737279877
chr4	120327854	88	8	8.33	1.89711	2	96	1	3	1.32073238460773e-08	0.104257203642271	0.895742786150405
chr4	120327890	98	16	14.04	1.89711	2	114	1	2	0.000352265992187285	0.995001629488719	0.00464610751909418
chr4	190878662	282	40	12.42	1.95071	2	322	1	2	4.71119912381785e-05	0.966032220723904	0.0339206702848581
chr5	21497187	119	18	13.14	1.90832	2	137	1	2	0.000118488884046207	0.985866980076711	0.0140145340392431
chr5	23527492	281	30	9.65	1.90832	2	311	1	3	4.34472445625715e-07	0.428434633526274	0.571564935001281
chr5	140590088	89	5	5.32	1.90832	2	94	1	3	1.00021085634026e-09	0.000922906041494266	0.999077095958295
chr5	142662332	27	5	15.62	1.90832	2	32	1	2	0.00211286666830374	0.997203288017055	0.000683848314641057
chr6	30954552	129	20	13.42	1.89172	2	149	1	2	0.000167388813508779	0.989898840808255	0.00993377337823639
chr6	30954559	113	18	13.74	1.89172	2	131	1	2	0.000246588194023617	0.993045722114609	0.00670769269136782
chr6	30954560	118	17	12.59	1.89172	2	135	1	2	5.88694396761689e-05	0.97239473695329	0.0275463966070341
chr6	32557508	70	4	5.41	1.89172	2	74	1	3	1.00031104419299e-09	0.00108582189577273	0.998914180103916
chr6	32605189	19	5	20.83	1.89172	2	24	0	NA	NA	NA	NA
chr6	132029813	83	12	12.63	1.93455	2	95	1	2	6.20071717125633e-05	0.9737103221003	0.0262276737279877
chr6	161054859	378	58	13.3	1.93455	2	436	1	2	0.000144464702327327	0.988343509401021	0.011512028896652
chr6	169654141	43	3	6.52	1.93455	2	46	1	3	1.02640617925176e-09	0.00719247934102802	0.992807522632566
chr7	44873800	81	5	5.81	1.84229	2	86	1	3	1.00165521929645e-09	0.00219648743194505	0.9978035145664
chr7	56871964	71	9	11.25	1.84229	2	80	1	2	8.9493565153538e-06	0.863880785836264	0.13611026780722
chr7	56871965	69	9	11.54	1.84229	2	78	1	2	1.38700116180585e-05	0.902388011683765	0.0975981213046166
chr7	56879631	33	3	8.33	1.84229	2	36	1	3	1.32073238460773e-08	0.104257203642271	0.895742786150405
chr7	56900525	133	12	8.28	1.84229	2	145	1	3	1.14820362257876e-08	0.0976504373135715	0.902349554204392
chr7	56900528	134	16	10.67	1.84229	2	150	1	2	3.4380180417257e-06	0.7476698953731	0.252326669608858
chr7	56900544	137	18	11.61	1.84229	2	155	1	2	1.53687877722643e-05	0.910062178171796	0.0899224560404319
chr7	63222481	29	3	9.38	1.84229	2	32	1	3	2.27124787234679e-07	0.340583050977069	0.659416724898144
chr7	97835958	40	3	6.98	1.84229	2	43	1	3	1.14143091126536e-09	0.0149099003144418	0.985090101544127
chr7	100639710	532	30	5.34	1.84229	2	562	1	3	1.00022997971658e-09	0.000956985761057426	0.999043016238713
chr7	101987641	181	13	6.7	1.84229	2	194	1	3	1.05143960767065e-09	0.00960111491142371	0.990398887037137
chr7	128293103	172	16	8.51	1.84229	2	188	1	3	2.19369555590618e-08	0.131225822325197	0.868774158737847
chr7	128293202	176	10	5.38	1.84229	2	186	1	3	1.000273387642e-09	0.00102872714631876	0.998971274853408
chr7	151944981	175	11	5.91	1.84229	2	186	1	3	1.00248064086938e-09	0.00260826042762598	0.997391741569894
chr7	151945101	351	16	4.36	1.84229	2	367	1	3	1.00000235430296e-09	0.000145805784469528	0.999854196215528
chr7	157061642	6	15	71.43	1.84229	2	21	0	NA	NA	NA	NA
chr8	182794	22	5	18.52	2.02553	2	27	0	NA	NA	NA	NA
chr8	253870	63	16	20.25	2.02553	2	79	1	2	0.18471887686046	0.815278762054581	2.36408495879253e-06
chr8	52731344	181	13	6.7	2.02553	2	194	1	3	1.05143960767065e-09	0.00960111491142371	0.990398887037137
chr8	52731362	168	8	4.55	2.02553	2	176	1	3	1.00000606569605e-09	0.000213922270855445	0.999786079729139
chr8	52731369	155	10	6.06	2.02553	2	165	1	3	1.0045089883467e-09	0.00336487054528375	0.996635131450207
chr8	52731557	154	13	7.78	2.02553	2	167	1	3	3.1593359649013e-09	0.0491506910281763	0.950849308812488
chr8	52731974	135	13	8.78	2.02553	2	148	1	3	4.67203136652373e-08	0.18191129262427	0.818088663655416
chr8	52732053	131	10	7.09	2.02553	2	141	1	3	1.20868497528247e-09	0.0176700570553595	0.982329944735955
chr8	86567934	738	31	4.03	2.02553	2	769	1	3	1.00000041984147e-09	7.30242247578337e-05	0.999926977775242
chr8	86572085	592	74	11.11	2.02553	2	666	1	2	7.1815247104314e-06	0.840938854128408	0.159053967346882
chr8	87485483	125	7	5.3	2.02553	2	132	1	3	1.00019327570988e-09	0.000889970119845885	0.999110031879961
chr8	110293306	115	23	16.67	2.02553	2	138	1	2	0.00648507335264927	0.993320808393836	0.000194121253514561
chr8	139703076	29	6	17.14	2.02553	2	35	1	2	0.0105381960373927	0.989351149143704	0.00011065781890328
chr9	33385771	63	14	18.18	1.84984	2	77	1	2	0.0296901302517695	0.970278088574824	3.17841734066345e-05
chr9	33797969	143	27	15.88	1.84984	2	170	1	2	0.00280254530926528	0.996697191873494	0.000500265817240832
chr9	33797978	151	33	17.93	1.84984	2	184	1	2	0.0232672727941702	0.976689782109129	4.29480967008367e-05
chr9	33797992	147	34	18.78	1.84984	2	181	1	2	0.0524547776428078	0.947529888681234	1.53366759579065e-05
chr9	38541344	69	15	17.86	1.84984	2	84	1	2	0.0217185068795543	0.978234779722714	4.67163977320833e-05
chr9	41954740	30	5	14.29	1.84984	2	35	1	2	0.000472094969332445	0.996103906521064	0.0034240015096034
chr9	45424492	87	12	12.12	1.84984	2	99	1	2	3.15049630679436e-05	0.951090753656322	0.0488777443806103
chr9	45424507	90	5	5.26	1.84984	2	95	1	3	1.00016226906593e-09	0.000827385815478379	0.999172616184359
chr9	45424508	89	5	5.32	1.84984	2	94	1	3	1.00021085634026e-09	0.000922906041494266	0.999077095958295
chr9	45424513	83	13	13.54	1.84984	2	96	1	2	0.000193733165000496	0.991233568800746	0.00857270103425384
chr9	66513727	210	14	6.25	1.84984	2	224	1	3	1.00946529759213e-09	0.00462273351732384	0.995377268473211
chr9	66513728	217	14	6.06	1.84984	2	231	1	3	1.0045089883467e-09	0.00336487054528375	0.996635131450207
chr9	66513785	363	20	5.22	1.84984	2	383	1	3	1.00013610008135e-09	0.000768955802019764	0.999231046197844
chr9	66513854	624	56	8.24	1.84984	2	680	1	3	1.02719985592314e-08	0.0926251876653358	0.907374805062666
chr9	66513855	630	57	8.3	1.84984	2	687	1	3	1.21422098320837e-08	0.10024914146883	0.89975084938896
chr9	66513863	618	57	8.44	1.84984	2	675	1	3	1.80037521076125e-08	0.120125430379688	0.87987455461656
chr9	66513877	545	53	8.86	1.84984	2	598	1	3	5.8227557613866e-08	0.199439538032641	0.800560406739802
chr9	66545685	34	13	27.66	1.84984	2	47	1	1	0.993055012405864	0.00694498959067143	1.00346486938135e-09
chr9	66553647	55	10	15.38	1.84984	2	65	1	2	0.00162320066115263	0.997463668047136	0.00091313429171076
chr9	66665216	109	6	5.22	1.84984	2	115	1	3	1.00013610008135e-09	0.000768955802019764	0.999231046197844
chr9	66665219	110	6	5.17	1.84984	2	116	1	3	1.00010908464765e-09	0.000701364655722746	0.999298637344168
chr9	67047230	51	8	13.56	1.84984	2	59	1	2	0.000198489565167869	0.99143669968003	0.0083648137548022
chr9	67273568	60	4	6.25	1.84984	2	64	1	3	1.00946529759213e-09	0.00462273351732384	0.995377268473211
chr9	67293386	99	15	13.16	1.84984	2	114	1	2	0.000121475802129842	0.986204432673074	0.0136740945247965
chr9	67935005	186	33	15.07	1.84984	2	219	1	2	0.00114983028149053	0.997522339520205	0.00132783319830495
chr9	68433612	242	35	12.64	1.84984	2	277	1	2	6.28156245222326e-05	0.974029308923515	0.0259078784519628
chr9	69083162	273	16	5.54	1.84984	2	289	1	3	1.00054079079982e-09	0.00136950463754861	0.99863049736191
chr9	69391206	159	17	9.66	1.84984	2	176	1	3	4.44665934554542e-07	0.431797515785208	0.568202042548858
chr9	69391207	166	10	5.68	1.84984	2	176	1	3	1.00097067212703e-09	0.00175239734572217	0.998247604653307
chr9	69421946	67	27	28.72	1.84984	2	94	1	1	0.99705476257183	0.00294523942775167	1.00041791323473e-09
chr9	69423670	162	16	8.99	1.84984	2	178	1	3	8.28339005561723e-08	0.230411544057681	0.769588376108418
chr9	69651318	42	8	16	1.84984	2	50	1	2	0.00318938122973924	0.996377478640487	0.000433143129773548
chr9	69845804	38	5	11.63	1.84984	2	43	1	2	1.58227982727545e-05	0.912150323860992	0.0878338563407346
chr9	100973137	20	4	16.67	1.84984	2	24	0	NA	NA	NA	NA
chr9	127910950	97	7	6.73	1.84984	2	104	1	3	1.05741224844446e-09	0.0100701024277928	0.989929899514795
chrX	1506113	33	3	8.33	1.87488	2	36	1	3	1.32073238460773e-08	0.104257203642271	0.895742786150405
chrX	118603925	33	11	25	1.87488	2	44	1	1	0.93968928297969	0.0603107183336379	1.68667243983772e-09
chrX	118603929	34	11	24.44	1.87488	2	45	1	1	0.906164894074672	0.0938351058691729	3.05615466134187e-09
chrX	118603941	33	12	26.67	1.87488	2	45	1	1	0.984442403111727	0.0155575988633113	1.02496135955046e-09
chrX	118603958	34	13	27.66	1.87488	2	47	1	1	0.993055012405864	0.00694498959067143	1.00346486938135e-09
chrX	153008476	27	5	15.62	1.87488	2	32	1	2	0.00211286666830374	0.997203288017055	0.000683848314641057
chrX	153008483	32	5	13.51	1.87488	2	37	1	2	0.000186800955713166	0.990918888920638	0.00889431312364923
chrX	153009303	22	8	26.67	1.87488	2	30	1	1	0.984442403111727	0.0155575988633113	1.02496135955046e-09
chrX	153009304	24	7	22.58	1.87488	2	31	1	1	0.655499491820421	0.344500444112184	6.70673948588933e-08
chrX	153009314	30	8	21.05	1.87488	2	38	1	2	0.322839189402655	0.677160040595666	7.73001678386783e-07
chrX	153009448	44	8	15.38	1.87488	2	52	1	2	0.00162320066115263	0.997463668047136	0.00091313429171076
chrX	155252903	54	5	8.47	1.87488	2	59	1	3	1.95948310495458e-08	0.12478463395678	0.875215349448389
