chr	st	BC15T.ref	BC15T.var	BC15T.vaf	BC15T.cn	BC15T.cleancn	BC15T.depth	adequateDepth	cluster	cluster.prob.1	cluster.prob.2
chr1	12891079	44	11	20	2.24731	2	55	1	2	9.01061643658944e-09	0.999999992989384
chr1	12891082	50	11	18.03	2.24731	2	61	1	2	1.3758999128578e-09	1.0000000006241
chr1	12907400	197	28	12.44	2.24731	2	225	1	2	1.0000049864781e-09	1.000000001
chr1	12907408	196	26	11.71	2.24731	2	222	1	2	1.00000077419669e-09	1.000000001
chr1	12907438	190	22	10.38	2.24731	2	212	1	2	1.00000001848596e-09	1.000000001
chr1	12907446	190	22	10.38	2.24731	2	212	1	2	1.00000001848596e-09	1.000000001
chr1	12907450	191	22	10.33	2.24731	2	213	1	2	1.00000001590895e-09	1.000000001
chr1	12907457	189	23	10.85	2.24731	2	212	1	2	1.00000007311124e-09	1.000000001
chr1	12907458	188	22	10.48	2.24731	2	210	1	2	1.00000002490316e-09	1.000000001
chr1	12907465	191	23	10.75	2.24731	2	214	1	2	1.00000005485978e-09	1.000000001
chr1	12907469	196	22	10.09	2.24731	2	218	1	2	1.0000000076555e-09	1.000000001
chr1	12907483	190	21	9.95	2.24731	2	211	1	2	1.00000000495415e-09	1.000000001
chr1	12919482	165	32	16.24	2.24731	2	197	1	2	1.01653593221878e-09	1.00000000098346
chr1	13183615	56	8	12.5	2.24731	2	64	1	2	1.00000578112602e-09	1.00000000099999
chr1	13413982	52	10	16.13	2.24731	2	62	1	2	1.01348075036522e-09	1.00000000098652
chr1	13736923	33	17	34	2.24731	2	50	1	2	0.0199494459986926	0.980050556001307
chr1	13736931	30	10	25	2.24731	2	40	1	2	4.92146069246941e-06	0.999995080539308
chr1	16892028	381	25	6.16	2.24731	2	406	1	2	1e-09	1.000000001
chr1	16894472	282	14	4.73	2.24731	2	296	1	2	1e-09	1.000000001
chr1	16894476	293	13	4.25	2.24731	2	306	1	2	1e-09	1.000000001
chr1	16895695	186	8	4.12	2.24731	2	194	1	2	1e-09	1.000000001
chr1	16902780	103	5	4.63	2.24731	2	108	1	2	1e-09	1.000000001
chr1	16902784	103	5	4.63	2.24731	2	108	1	2	1e-09	1.000000001
chr1	16902844	145	14	8.81	2.24731	2	159	1	2	1.00000000011048e-09	1.000000001
chr1	16903781	53	5	8.62	2.24731	2	58	1	2	1.00000000005577e-09	1.000000001
chr1	16976539	62	15	19.48	2.24731	2	77	1	2	4.69714343624349e-09	0.999999997302856
chr1	16976649	52	9	14.75	2.24731	2	61	1	2	1.00090523581287e-09	1.00000000099909
chr1	20237458	35	6	14.63	2.24731	2	41	1	2	1.00070654906061e-09	1.00000000099929
chr1	33478900	19	4	17.39	2.24731	2	23	0	NA	NA	NA
chr1	68626949	70	21	23.08	2.24731	2	91	1	2	5.09208121375877e-07	0.999999492791879
chr1	68627572	55	26	32.1	2.24731	2	81	1	2	0.0045318949593949	0.995468107040605
chr1	68628863	233	15	6.05	2.24731	2	248	1	2	1e-09	1.000000001
chr1	117158972	39	12	23.53	2.24731	2	51	1	2	8.83455013376352e-07	0.999999118544987
chr1	120612025	57	8	12.31	2.24731	2	65	1	2	1.00000361001588e-09	1.000000001
chr1	142723611	267	27	9.18	2.24731	2	294	1	2	1.00000000040067e-09	1.000000001
chr1	142806419	362	22	5.73	2.24731	2	384	1	2	1e-09	1.000000001
chr1	142809584	62	7	10.14	2.24731	2	69	1	2	1.00000000892908e-09	1.000000001
chr1	142811696	429	32	6.94	2.24731	2	461	1	2	1.00000000000006e-09	1.000000001
chr1	142812317	146	10	6.41	2.24731	2	156	1	2	1e-09	1.000000001
chr1	142812344	289	33	10.25	2.24731	2	322	1	2	1.00000001249179e-09	1.000000001
chr1	142812449	467	38	7.52	2.24731	2	505	1	2	1.00000000000076e-09	1.000000001
chr1	142813004	522	59	10.15	2.24731	2	581	1	2	1.00000000920729e-09	1.000000001
chr1	142813018	555	56	9.17	2.24731	2	611	1	2	1.00000000038724e-09	1.000000001
chr1	142813024	545	60	9.92	2.24731	2	605	1	2	1.00000000450925e-09	1.000000001
chr1	142813645	129	21	14	2.24731	2	150	1	2	1.00018532468681e-09	1.00000000099981
chr1	142815656	311	39	11.14	2.24731	2	350	1	2	1.00000016555015e-09	1.000000001
chr1	142816818	231	49	17.5	2.24731	2	280	1	2	1.15473244859515e-09	1.00000000084527
chr1	142816842	200	65	24.53	2.24731	2	265	1	2	2.8800255284269e-06	0.999997121974471
chr1	142816866	227	15	6.2	2.24731	2	242	1	2	1e-09	1.000000001
chr1	142816906	136	34	20	2.24731	2	170	1	2	9.01061643658944e-09	0.999999992989384
chr1	142817458	86	14	14	2.24731	2	100	1	2	1.00018532468681e-09	1.00000000099981
chr1	142817505	69	13	15.85	2.24731	2	82	1	2	1.00795892811087e-09	1.00000000099204
chr1	142822388	176	23	11.56	2.24731	2	199	1	2	1.00000051996486e-09	1.000000001
chr1	142825179	135	6	4.26	2.24731	2	141	1	2	1e-09	1.000000001
chr1	142827795	296	42	12.43	2.24731	2	338	1	2	1.00000486472837e-09	1.000000001
chr1	142827985	214	17	7.36	2.24731	2	231	1	2	1.00000000000039e-09	1.000000001
chr1	142827990	220	14	5.98	2.24731	2	234	1	2	1e-09	1.000000001
chr1	142827992	218	13	5.63	2.24731	2	231	1	2	1e-09	1.000000001
chr1	143209759	394	54	12.05	2.24731	2	448	1	2	1.00000187122181e-09	1.000000001
chr1	143209765	397	48	10.79	2.24731	2	445	1	2	1.00000006155919e-09	1.000000001
chr1	143219901	330	32	8.84	2.24731	2	362	1	2	1.0000000001229e-09	1.000000001
chr1	143219925	287	13	4.33	2.24731	2	300	1	2	1e-09	1.000000001
chr1	143219950	246	19	7.17	2.24731	2	265	1	2	1.00000000000017e-09	1.000000001
chr1	143222939	28	7	20	2.24731	2	35	1	2	9.01061643658944e-09	0.999999992989384
chr1	143222949	39	12	23.53	2.24731	2	51	1	2	8.83455013376352e-07	0.999999118544987
chr1	143230385	303	36	10.62	2.24731	2	339	1	2	1.00000003760599e-09	1.000000001
chr1	144617976	32	12	27.27	2.24731	2	44	1	2	5.5661706482586e-05	0.999944340293517
chr1	144617979	32	12	27.27	2.24731	2	44	1	2	5.5661706482586e-05	0.999944340293517
chr1	144617992	50	12	19.35	2.24731	2	62	1	2	4.03613516906586e-09	0.999999997963865
chr1	144617994	51	13	20.31	2.24731	2	64	1	2	1.3564534281042e-08	0.999999988435466
chr1	145293269	687	85	11.01	2.24731	2	772	1	2	1.00000011509117e-09	1.000000001
chr1	145299787	268	21	7.27	2.24731	2	289	1	2	1.00000000000026e-09	1.000000001
chr1	145299792	282	31	9.9	2.24731	2	313	1	2	1.00000000423436e-09	1.000000001
chr1	145354129	213	32	13.06	2.24731	2	245	1	2	1.00002217751358e-09	1.00000000099998
chr1	145368518	479	98	16.98	2.24731	2	577	1	2	1.06287767178261e-09	1.00000000093712
chr1	145370377	253	52	17.05	2.24731	2	305	1	2	1.07110702440636e-09	1.00000000092889
chr1	145370402	180	57	24.05	2.24731	2	237	1	2	1.64509804924951e-06	0.999998356901951
chr1	148000596	11	9	45	2.24731	2	20	0	NA	NA	NA
chr1	148017435	58	17	22.67	2.24731	2	75	1	2	3.04972254497197e-07	0.999999697027745
chr1	148021837	36	11	23.4	2.24731	2	47	1	2	7.54393611711784e-07	0.999999247606388
chr1	148021838	34	11	24.44	2.24731	2	45	1	2	2.59554435458652e-06	0.999997406455645
chr1	149045546	18	18	50	2.24731	2	36	1	1	0.993203314580321	0.00679668741967896
chr1	149285864	227	19	7.72	2.24731	2	246	1	2	1.00000000000174e-09	1.000000001
chr1	152188062	410	62	13.14	2.24731	2	472	1	2	1.00002673785271e-09	1.00000000099997
chr1	152284478	319	24	7	2.24731	2	343	1	2	1.00000000000008e-09	1.000000001
chr1	152322951	135	24	15.09	2.24731	2	159	1	2	1.00180541174928e-09	1.00000000099819
chr1	173806144	127	9	6.62	2.24731	2	136	1	2	1.00000000000001e-09	1.000000001
chr1	185276177	51	11	17.74	2.24731	2	62	1	2	1.23213336277887e-09	1.00000000076787
chr1	197036319	59	49	45.37	2.24731	2	108	1	1	0.952384397386014	0.0476156046139862
chr1	201178876	365	31	7.83	2.24731	2	396	1	2	1.00000000000272e-09	1.000000001
chr1	243219965	261	61	18.94	2.24731	2	322	1	2	2.61508286693604e-09	0.999999999384917
chr10	26935569	112	10	8.2	1.95803	2	122	1	2	1.00000000001161e-09	1.000000001
chr10	26935656	143	23	13.86	1.95803	2	166	1	2	1.00013643429592e-09	1.00000000099986
chr10	26935661	149	22	12.87	1.95803	2	171	1	2	1.0000141536098e-09	1.00000000099999
chr10	26935666	139	25	15.24	1.95803	2	164	1	2	1.00243506670857e-09	1.00000000099756
chr10	26935677	134	27	16.77	1.95803	2	161	1	2	1.04332817093555e-09	1.00000000095667
chr10	26935684	127	19	13.01	1.95803	2	146	1	2	1.00001971887658e-09	1.00000000099998
chr10	26935686	130	19	12.75	1.95803	2	149	1	2	1.00001061892139e-09	1.00000000099999
chr10	26935705	139	29	17.26	1.95803	2	168	1	2	1.10249678991634e-09	1.0000000008975
chr10	26936402	194	12	5.83	1.95803	2	206	1	2	1e-09	1.000000001
chr10	26936407	193	12	5.85	1.95803	2	205	1	2	1e-09	1.000000001
chr10	26936415	185	12	6.09	1.95803	2	197	1	2	1e-09	1.000000001
chr10	26936429	179	14	7.25	1.95803	2	193	1	2	1.00000000000024e-09	1.000000001
chr10	38464886	86	7	7.53	1.95803	2	93	1	2	1.00000000000079e-09	1.000000001
chr10	38736212	71	7	8.97	1.95803	2	78	1	2	1.00000000019418e-09	1.000000001
chr10	42946981	33	9	21.43	1.95803	2	42	1	2	6.09580068397173e-08	0.999999941041993
chr10	42947085	65	11	14.47	1.95803	2	76	1	2	1.00050599466562e-09	1.00000000099949
chr10	42947096	64	11	14.67	1.95803	2	75	1	2	1.00076757692757e-09	1.00000000099923
chr10	42947100	64	11	14.67	1.95803	2	75	1	2	1.00076757692757e-09	1.00000000099923
chr10	42947104	63	11	14.86	1.95803	2	74	1	2	1.0011339092292e-09	1.00000000099887
chr10	42947117	59	11	15.71	1.95803	2	70	1	2	1.00609188505951e-09	1.00000000099391
chr10	42947126	57	8	12.31	1.95803	2	65	1	2	1.00000361001588e-09	1.000000001
chr10	42947128	54	8	12.9	1.95803	2	62	1	2	1.00001520088163e-09	1.00000000099998
chr10	42947131	54	8	12.9	1.95803	2	62	1	2	1.00001520088163e-09	1.00000000099998
chr10	43089838	113	46	28.93	1.95803	2	159	1	2	0.000281235591707946	0.999718766408292
chr10	49218706	124	40	24.39	1.95803	2	164	1	2	2.44934225796422e-06	0.999997552657742
chr10	49239391	58	9	13.43	1.95803	2	67	1	2	1.00005213471338e-09	1.00000000099995
chr10	49383976	88	16	15.38	1.95803	2	104	1	2	1.00321016553573e-09	1.00000000099679
chr10	74767592	77	30	28.04	1.95803	2	107	1	2	0.000119797399007647	0.999880204600992
chr10	95718439	36	3	7.69	1.95803	2	39	1	2	1.00000000000154e-09	1.000000001
chr10	104230578	18	2	10	1.95803	2	20	0	NA	NA	NA
chr10	104230598	18	2	10	1.95803	2	20	0	NA	NA	NA
chr10	126678021	114	30	20.83	1.76945	2	144	1	2	2.72715921973868e-08	0.999999974728408
chr10	126678055	145	23	13.69	1.76945	2	168	1	2	1.00009363628387e-09	1.00000000099991
chr10	126678065	142	30	17.44	1.76945	2	172	1	2	1.13967574472411e-09	1.00000000086032
chr10	126678182	72	19	20.88	1.76945	2	91	1	2	2.91710203887107e-08	0.99999997282898
chr10	126683076	73	12	14.12	1.76945	2	85	1	2	1.00024032569883e-09	1.00000000099976
chr10	126686629	14	18	56.25	1.76945	2	32	1	1	0.9991293310346	0.000870670965399526
chr10	127585142	65	10	13.33	1.76945	2	75	1	2	1.00004148540807e-09	1.00000000099996
chr11	128835	92	5	5.15	1.84408	2	97	1	2	1e-09	1.000000001
chr11	1016678	349	37	9.59	1.84408	2	386	1	2	1.00000000156968e-09	1.000000001
chr11	1016916	388	39	9.13	1.84408	2	427	1	2	1.00000000033773e-09	1.000000001
chr11	1016934	365	53	12.68	1.84408	2	418	1	2	1.00000896818906e-09	1.00000000099999
chr11	1016944	367	27	6.85	1.84408	2	394	1	2	1.00000000000004e-09	1.000000001
chr11	1016945	387	27	6.52	1.84408	2	414	1	2	1.00000000000001e-09	1.000000001
chr11	1016954	385	29	7	1.84408	2	414	1	2	1.00000000000008e-09	1.000000001
chr11	1016961	371	35	8.62	1.84408	2	406	1	2	1.00000000005577e-09	1.000000001
chr11	1017024	324	22	6.36	1.84408	2	346	1	2	1e-09	1.000000001
chr11	1017757	254	23	8.3	1.84408	2	277	1	2	1.000000000017e-09	1.000000001
chr11	1017806	303	21	6.48	1.84408	2	324	1	2	1.00000000000001e-09	1.000000001
chr11	1017822	332	22	6.21	1.84408	2	354	1	2	1e-09	1.000000001
chr11	1017824	333	39	10.48	1.84408	2	372	1	2	1.00000002490316e-09	1.000000001
chr11	1017932	289	47	13.99	1.84408	2	336	1	2	1.00018133449597e-09	1.00000000099982
chr11	1017933	287	51	15.09	1.84408	2	338	1	2	1.00180541174928e-09	1.00000000099819
chr11	1017956	243	14	5.45	1.84408	2	257	1	2	1e-09	1.000000001
chr11	1017964	221	10	4.33	1.84408	2	231	1	2	1e-09	1.000000001
chr11	1018382	138	9	6.12	1.84408	2	147	1	2	1e-09	1.000000001
chr11	94695975	55	16	22.54	1.84408	2	71	1	2	2.5867159210627e-07	0.999999743328408
chr11	117698695	37	3	7.5	1.84408	2	40	1	2	1.0000000000007e-09	1.000000001
chr12	68460	107	19	15.08	1.67853	NA	126	1	NA	NA	NA
chr12	91083	89	14	13.59	1.67853	NA	103	1	NA	NA	NA
chr12	8353416	142	21	12.88	1.67853	NA	163	1	NA	NA	NA
chr12	11083218	62	4	6.06	1.67853	NA	66	1	NA	NA	NA
chr12	11083356	148	24	13.95	1.67853	NA	172	1	NA	NA	NA
chr12	11183042	121	29	19.33	1.67853	NA	150	1	NA	NA	NA
chr12	11183046	130	29	18.24	1.67853	NA	159	1	NA	NA	NA
chr12	11183052	125	26	17.22	1.67853	NA	151	1	NA	NA	NA
chr12	11183066	146	22	13.1	1.67853	NA	168	1	NA	NA	NA
chr12	11230281	152	9	5.59	1.67853	NA	161	1	NA	NA	NA
chr12	11230282	152	9	5.59	1.67853	NA	161	1	NA	NA	NA
chr12	11230285	152	9	5.59	1.67853	NA	161	1	NA	NA	NA
chr12	11230289	143	9	5.92	1.67853	NA	152	1	NA	NA	NA
chr12	11230307	141	10	6.62	1.67853	NA	151	1	NA	NA	NA
chr12	11244225	88	6	6.38	1.67853	NA	94	1	NA	NA	NA
chr12	11286760	66	18	21.43	1.67853	NA	84	1	NA	NA	NA
chr12	26224009	48	17	26.15	1.67853	NA	65	1	NA	NA	NA
chr12	42477325	38	6	13.64	1.67853	NA	44	1	NA	NA	NA
chr12	42480041	70	7	9.09	1.67853	NA	77	1	NA	NA	NA
chr12	42480054	76	7	8.43	1.67853	NA	83	1	NA	NA	NA
chr12	58217088	275	29	9.54	1.67853	NA	304	1	NA	NA	NA
chr12	70736138	64	4	5.88	1.67853	NA	68	1	NA	NA	NA
chr13	19419912	104	20	16.13	2.37858	NA	124	1	NA	NA	NA
chr13	19419913	103	21	16.94	2.37858	NA	124	1	NA	NA	NA
chr13	19419917	111	21	15.91	2.37858	NA	132	1	NA	NA	NA
chr13	19419918	110	21	16.03	2.37858	NA	131	1	NA	NA	NA
chr13	19419921	114	22	16.18	2.37858	NA	136	1	NA	NA	NA
chr13	19420067	88	13	12.87	2.37858	NA	101	1	NA	NA	NA
chr13	19427390	117	13	10	2.37858	NA	130	1	NA	NA	NA
chr13	19428484	54	10	15.62	2.37858	NA	64	1	NA	NA	NA
chr13	19431213	41	15	26.79	2.37858	NA	56	1	NA	NA	NA
chr13	25016924	35	9	20.45	2.37858	NA	44	1	NA	NA	NA
chr13	25671699	135	19	12.34	2.37858	NA	154	1	NA	NA	NA
chr13	25671700	132	20	13.16	2.37858	NA	152	1	NA	NA	NA
chr13	25672126	197	29	12.83	2.37858	NA	226	1	NA	NA	NA
chr13	25672135	185	27	12.74	2.37858	NA	212	1	NA	NA	NA
chr13	25672139	183	26	12.44	2.37858	NA	209	1	NA	NA	NA
chr13	25672158	177	26	12.81	2.37858	NA	203	1	NA	NA	NA
chr13	25672168	168	29	14.72	2.37858	NA	197	1	NA	NA	NA
chr13	25672172	171	30	14.93	2.37858	NA	201	1	NA	NA	NA
chr13	25672177	172	30	14.85	2.37858	NA	202	1	NA	NA	NA
chr13	96579251	43	16	27.12	2.37858	NA	59	1	NA	NA	NA
chr14	19117072	126	9	6.67	1.61306	NA	135	1	NA	NA	NA
chr14	21679118	91	10	9.9	1.61306	NA	101	1	NA	NA	NA
chr14	21679132	84	12	12.5	1.61306	NA	96	1	NA	NA	NA
chr14	21679141	78	14	15.22	1.61306	NA	92	1	NA	NA	NA
chr14	21679160	88	16	15.38	1.61306	NA	104	1	NA	NA	NA
chr14	21679176	88	15	14.56	1.61306	NA	103	1	NA	NA	NA
chr14	21679183	89	14	13.59	1.61306	NA	103	1	NA	NA	NA
chr14	21679192	88	14	13.73	1.61306	NA	102	1	NA	NA	NA
chr14	99724100	15	6	28.57	1.61306	NA	21	0	NA	NA	NA
chr15	38751094	31	14	31.11	1.56341	NA	45	1	NA	NA	NA
chr15	44819232	35	9	20.45	1.56341	NA	44	1	NA	NA	NA
chr15	56132840	49	16	24.62	1.56341	NA	65	1	NA	NA	NA
chr15	74364434	25	11	30.56	1.56341	NA	36	1	NA	NA	NA
chr15	74364445	30	8	21.05	1.56341	NA	38	1	NA	NA	NA
chr15	74364695	97	7	6.73	1.56341	NA	104	1	NA	NA	NA
chr15	78213871	121	7	5.47	1.56341	NA	128	1	NA	NA	NA
chr15	78213892	117	6	4.88	1.56341	NA	123	1	NA	NA	NA
chr15	78390907	22	2	8.33	1.56341	NA	24	0	NA	NA	NA
chr15	82808399	95	11	10.38	1.56341	NA	106	1	NA	NA	NA
chr15	82808400	94	10	9.62	1.56341	NA	104	1	NA	NA	NA
chr15	82934851	100	8	7.41	1.56341	NA	108	1	NA	NA	NA
chr15	102305026	23	5	17.86	1.56341	NA	28	0	NA	NA	NA
chr15	102312009	90	22	19.64	1.56341	NA	112	1	NA	NA	NA
chr16	3119167	29	18	38.3	1.7286	NA	47	1	NA	NA	NA
chr16	29496989	42	9	17.65	1.7286	NA	51	1	NA	NA	NA
chr16	32095548	85	9	9.57	1.81831	2	94	1	2	1.00000000147064e-09	1.000000001
chr16	32095631	119	9	7.03	1.81831	2	128	1	2	1.00000000000009e-09	1.000000001
chr16	32095632	121	8	6.2	1.81831	2	129	1	2	1e-09	1.000000001
chr16	32095667	128	8	5.88	1.81831	2	136	1	2	1e-09	1.000000001
chr16	32403349	70	28	28.57	1.81831	2	98	1	2	0.000199955636033683	0.999800046363966
chr16	32416372	182	37	16.89	1.81831	2	219	1	2	1.05363624983242e-09	1.00000000094636
chr16	32896121	21	10	32.26	1.81831	2	31	1	2	0.00516170193320545	0.994838300066795
chr16	33542293	50	4	7.41	1.81831	2	54	1	2	1.00000000000048e-09	1.000000001
chr16	33542315	94	5	5.05	1.81831	2	99	1	2	1e-09	1.000000001
chr16	33961500	10	10	50	1.81831	2	20	0	NA	NA	NA
chr16	33961684	40	8	16.67	1.81831	2	48	1	2	1.03622156296241e-09	1.00000000096378
chr16	33961714	34	5	12.82	1.81831	2	39	1	2	1.00001256102606e-09	1.00000000099999
chr16	48145819	41	7	14.58	1.81831	2	48	1	2	1.00063682043543e-09	1.00000000099936
chr16	90235733	216	18	7.69	1.81831	2	234	1	2	1.00000000000154e-09	1.000000001
chr16	90236922	35	12	25.53	1.81831	2	47	1	2	8.87675234420866e-06	0.999991125247656
chr16	90236925	35	12	25.53	1.81831	2	47	1	2	8.87675234420866e-06	0.999991125247656
chr16	90236928	38	12	24	1.81831	2	50	1	2	1.55070083650897e-06	0.999998451299163
chr17	21907017	70	10	12.5	1.46978	NA	80	1	NA	NA	NA
chr17	37360874	29	6	17.14	1.46978	NA	35	1	NA	NA	NA
chr17	39190953	139	15	9.74	1.96129	2	154	1	2	1.00000000254771e-09	1.000000001
chr17	39190954	136	15	9.93	1.96129	2	151	1	2	1.00000000465308e-09	1.000000001
chr17	39406299	171	24	12.31	1.96129	2	195	1	2	1.00000361001588e-09	1.000000001
chr17	39406427	162	37	18.59	1.96129	2	199	1	2	1.93072730834791e-09	1.00000000006927
chr17	45214468	120	12	9.09	1.96129	2	132	1	2	1.00000000029437e-09	1.000000001
chr17	45214484	133	16	10.74	1.96129	2	149	1	2	1.00000005329833e-09	1.000000001
chr17	45214528	359	20	5.28	1.96129	2	379	1	2	1e-09	1.000000001
chr17	45214531	381	21	5.22	1.96129	2	402	1	2	1e-09	1.000000001
chr17	45214551	452	21	4.44	1.96129	2	473	1	2	1e-09	1.000000001
chr17	45214558	425	62	12.73	1.96129	2	487	1	2	1.00001011952465e-09	1.00000000099999
chr17	45214564	457	53	10.39	1.96129	2	510	1	2	1.00000001904769e-09	1.000000001
chr17	45214606	316	25	7.33	1.96129	2	341	1	2	1.00000000000034e-09	1.000000001
chr17	45214623	261	21	7.45	1.96129	2	282	1	2	1.00000000000057e-09	1.000000001
chr17	45214690	230	26	10.16	1.96129	2	256	1	2	1.00000000949386e-09	1.000000001
chr17	45266551	110	12	9.84	1.96129	2	122	1	2	1.00000000350341e-09	1.000000001
chr18	14221037	34	6	15	1.95816	2	40	1	2	1.00150638633427e-09	1.00000000099849
chr18	14221080	25	6	19.35	1.95816	2	31	1	2	4.03613516906586e-09	0.999999997963865
chr18	15323276	49	9	15.52	1.95816	2	58	1	2	1.00422040099196e-09	1.00000000099578
chr19	4117680	28	3	9.68	1.41196	NA	31	1	NA	NA	NA
chr19	8999441	58	12	17.14	1.41196	NA	70	1	NA	NA	NA
chr19	8999443	59	12	16.9	1.41196	NA	71	1	NA	NA	NA
chr19	8999445	64	13	16.88	1.41196	NA	77	1	NA	NA	NA
chr19	8999462	71	13	15.48	1.41196	NA	84	1	NA	NA	NA
chr19	8999468	71	15	17.44	1.41196	NA	86	1	NA	NA	NA
chr19	9009211	24	6	20	1.41196	NA	30	1	NA	NA	NA
chr19	9009215	26	6	18.75	1.41196	NA	32	1	NA	NA	NA
chr19	21239902	112	27	19.42	1.41196	NA	139	1	NA	NA	NA
chr19	37758904	26	10	27.78	1.41196	NA	36	1	NA	NA	NA
chr19	41712633	18	3	14.29	1.41196	NA	21	0	NA	NA	NA
chr19	48752860	22	8	26.67	1.41196	NA	30	1	NA	NA	NA
chr19	50162919	19	3	13.64	1.41196	NA	22	0	NA	NA	NA
chr19	50370234	23	2	8	1.41196	NA	25	0	NA	NA	NA
chr19	55263864	25	6	19.35	1.41196	NA	31	1	NA	NA	NA
chr19	55359195	54	12	18.18	1.41196	NA	66	1	NA	NA	NA
chr19	55359227	49	13	20.97	1.41196	NA	62	1	NA	NA	NA
chr19	55756628	19	3	13.64	1.41196	NA	22	0	NA	NA	NA
chr19	58385873	85	4	4.49	1.41196	NA	89	1	NA	NA	NA
chr2	6988820	51	24	32	2.02708	2	75	1	2	0.00417587719010252	0.995824124809897
chr2	56602945	15	14	48.28	2.02708	2	29	0	NA	NA	NA
chr2	89100819	133	20	13.07	2.02708	2	153	1	2	1.00002270355059e-09	1.00000000099998
chr2	90414227	48	9	15.79	2.02708	2	57	1	2	1.00709961357089e-09	1.0000000009929
chr2	91845795	40	12	23.08	2.02708	2	52	1	2	5.09208121375877e-07	0.999999492791879
chr2	95491693	122	9	6.87	2.02708	2	131	1	2	1.00000000000004e-09	1.000000001
chr2	95513854	127	30	19.11	2.02708	2	157	1	2	3.10215552760772e-09	0.999999998897844
chr2	95514020	93	13	12.26	2.02708	2	106	1	2	1.00000318515781e-09	1.000000001
chr2	95515217	44	9	16.98	2.02708	2	53	1	2	1.06287767178261e-09	1.00000000093712
chr2	95542419	19	13	40.62	2.02708	2	32	1	1	0.622452491090146	0.377547510909855
chr2	96610923	209	37	15.04	2.02708	2	246	1	2	1.00163286719594e-09	1.00000000099837
chr2	97851142	69	25	26.6	2.02708	2	94	1	2	2.79374199550177e-05	0.999972064580045
chr2	97851144	78	23	22.77	2.02708	2	101	1	2	3.45914192459607e-07	0.999999656085808
chr2	97909778	161	26	13.9	2.02708	2	187	1	2	1.0001489615512e-09	1.00000000099985
chr2	114341243	92	19	17.12	2.02708	2	111	1	2	1.08036843910646e-09	1.00000000091963
chr2	114353009	16	4	20	2.02708	2	20	0	NA	NA	NA
chr2	114353282	134	15	10.07	2.02708	2	149	1	2	1.00000000719686e-09	1.000000001
chr2	114353296	122	11	8.27	2.02708	2	133	1	2	1.00000000001517e-09	1.000000001
chr2	132491401	52	10	16.13	2.02708	2	62	1	2	1.01348075036522e-09	1.00000000098652
chr2	132908736	29	5	14.71	2.02708	2	34	1	2	1.00083367131043e-09	1.00000000099917
chr2	133015296	373	53	12.44	2.02708	2	426	1	2	1.0000049864781e-09	1.000000001
chr2	133015436	124	16	11.43	2.02708	2	140	1	2	1.00000036661086e-09	1.000000001
chr2	133015485	172	15	8.02	2.02708	2	187	1	2	1.00000000000578e-09	1.000000001
chr2	176959256	36	12	25	2.02708	2	48	1	2	4.92146069246941e-06	0.999995080539308
chr2	200820025	34	9	20.93	2.02708	2	43	1	2	3.12019632534483e-08	0.999999970798037
chr2	203904850	49	11	18.33	2.02708	2	60	1	2	1.61332609842231e-09	1.00000000038667
chr2	240982285	41	6	12.77	2.02708	2	47	1	2	1.00001114206071e-09	1.00000000099999
chr2	240984767	89	4	4.3	2.02708	2	93	1	2	1e-09	1.000000001
chr2	242512550	101	9	8.18	2.02708	2	110	1	2	1.00000000001076e-09	1.000000001
chr20	1895842	30	8	21.05	2.12196	2	38	1	2	3.66660217491318e-08	0.999999965333978
chr20	26064428	44	19	30.16	2.12196	2	63	1	2	0.000866365102927459	0.999133636897073
chr20	29625774	207	13	5.91	2.12196	2	220	1	2	1e-09	1.000000001
chr20	29625895	434	30	6.47	2.12196	2	464	1	2	1.00000000000001e-09	1.000000001
chr20	29632643	562	33	5.55	2.12196	2	595	1	2	1e-09	1.000000001
chr20	29632673	627	58	8.47	2.12196	2	685	1	2	1.00000000003214e-09	1.000000001
chr20	29632680	668	39	5.52	2.12196	2	707	1	2	1e-09	1.000000001
chr20	29632719	533	93	14.86	2.12196	2	626	1	2	1.0011339092292e-09	1.00000000099887
chr20	29633987	321	40	11.08	2.12196	2	361	1	2	1.00000014005625e-09	1.000000001
chr20	29637755	53	6	10.17	2.12196	2	59	1	2	1.00000000978904e-09	1.000000001
chr20	29638097	78	6	7.14	2.12196	2	84	1	2	1.00000000000015e-09	1.000000001
chr20	31606962	39	7	15.22	2.12196	2	46	1	2	1.00234027676503e-09	1.00000000099766
chr20	33329003	55	7	11.29	2.12196	2	62	1	2	1.00000025043585e-09	1.000000001
chr21	9908294	149	23	13.37	2.12535	2	172	1	2	1.00004546571148e-09	1.00000000099995
chr21	9908297	145	22	13.17	2.12535	2	167	1	2	1.00002867111613e-09	1.00000000099997
chr21	9908298	147	22	13.02	2.12535	2	169	1	2	1.00002018855124e-09	1.00000000099998
chr21	9908306	151	21	12.21	2.12535	2	172	1	2	1.00000280876356e-09	1.000000001
chr21	9909863	22	11	33.33	2.12535	2	33	1	2	0.0120204683373776	0.987979533662622
chr21	10164355	85	8	8.6	2.12535	2	93	1	2	1.00000000005185e-09	1.000000001
chr21	11057773	167	29	14.8	2.12535	2	196	1	2	1.00100304868494e-09	1.000000000999
chr21	15216527	38	10	20.83	2.12535	2	48	1	2	2.72715921973868e-08	0.999999974728408
chr21	15216533	28	10	26.32	2.12535	2	38	1	2	2.08110596561468e-05	0.999979190940344
chr21	15216538	27	10	27.03	2.12535	2	37	1	2	4.35894687863492e-05	0.999956412531214
chr21	15441082	130	19	12.75	2.12535	2	149	1	2	1.00001061892139e-09	1.00000000099999
chr21	45115376	41	9	18	2.12535	2	50	1	2	1.35776045997477e-09	1.00000000064224
chr21	45971408	13	12	48	2.12535	2	25	0	NA	NA	NA
chr22	18769169	72	16	18.18	1.45246	NA	88	1	NA	NA	NA
chr22	18769179	70	16	18.6	1.45246	NA	86	1	NA	NA	NA
chr22	18843446	21	4	16	1.45246	NA	25	0	NA	NA	NA
chr22	21045398	83	14	14.43	1.45246	NA	97	1	NA	NA	NA
chr22	21045405	80	14	14.89	1.45246	NA	94	1	NA	NA	NA
chr22	21045443	65	12	15.58	1.45246	NA	77	1	NA	NA	NA
chr22	21045452	63	11	14.86	1.45246	NA	74	1	NA	NA	NA
chr22	21570416	15	10	40	1.45246	NA	25	0	NA	NA	NA
chr22	22985617	136	9	6.21	1.45246	NA	145	1	NA	NA	NA
chr22	22985653	166	11	6.21	1.45246	NA	177	1	NA	NA	NA
chr22	23982978	24	3	11.11	1.45246	NA	27	0	NA	NA	NA
chr22	24655994	34	8	19.05	1.45246	NA	42	1	NA	NA	NA
chr22	24656027	37	7	15.91	1.45246	NA	44	1	NA	NA	NA
chr22	24657736	40	2	4.76	1.45246	NA	42	1	NA	NA	NA
chr3	9516192	34	9	20.93	1.84242	2	43	1	2	3.12019632534483e-08	0.999999970798037
chr3	57616207	29	7	19.44	1.84242	2	36	1	2	4.48027794785005e-09	0.999999997519722
chr3	75715864	35	12	25.53	1.84242	2	47	1	2	8.87675234420866e-06	0.999991125247656
chr3	75786202	112	19	14.5	1.84242	2	131	1	2	1.00053884661217e-09	1.00000000099946
chr3	75786203	110	18	14.06	1.84242	2	128	1	2	1.00021110436278e-09	1.00000000099979
chr3	124946302	19	4	17.39	1.84242	2	23	0	NA	NA	NA
chr3	178952085	46	40	46.51	1.84242	2	86	1	1	0.971365711906179	0.0286342900938209
chr3	195509563	375	17	4.34	1.84242	2	392	1	2	1e-09	1.000000001
chr3	195509651	444	75	14.45	1.84242	2	519	1	2	1.00048517554318e-09	1.00000000099951
chr3	195511493	243	10	3.95	1.84242	2	253	1	2	1e-09	1.000000001
chr3	195511911	371	18	4.63	1.84242	2	389	1	2	1e-09	1.000000001
chr3	195513454	531	71	11.79	1.84242	2	602	1	2	1.00000095519263e-09	1.000000001
chr3	195513667	463	58	11.13	1.84242	2	521	1	2	1.0000001610104e-09	1.000000001
chr4	4190576	46	21	31.34	1.65829	NA	67	1	NA	NA	NA
chr4	4190577	45	21	31.82	1.65829	NA	66	1	NA	NA	NA
chr4	49241363	160	9	5.33	1.65829	NA	169	1	NA	NA	NA
chr4	49241377	147	10	6.37	1.65829	NA	157	1	NA	NA	NA
chr4	49241382	146	10	6.41	1.65829	NA	156	1	NA	NA	NA
chr4	66439402	125	17	11.97	1.65829	NA	142	1	NA	NA	NA
chr4	66439413	122	16	11.59	1.65829	NA	138	1	NA	NA	NA
chr4	66439446	137	22	13.84	1.65829	NA	159	1	NA	NA	NA
chr4	66439449	134	23	14.65	1.65829	NA	157	1	NA	NA	NA
chr4	66439456	134	21	13.55	1.65829	NA	155	1	NA	NA	NA
chr4	66439467	132	20	13.16	1.65829	NA	152	1	NA	NA	NA
chr4	66439477	139	20	12.58	1.65829	NA	159	1	NA	NA	NA
chr4	66439482	126	20	13.7	1.65829	NA	146	1	NA	NA	NA
chr4	103826757	55	12	17.91	1.96987	2	67	1	2	1.3082558239162e-09	1.00000000069174
chr4	103826769	50	13	20.63	1.96987	2	63	1	2	2.08325241917391e-08	0.999999981167476
chr4	190876256	158	38	19.39	1.96987	2	196	1	2	4.22635421637247e-09	0.999999997773646
chr4	190876278	145	34	18.99	1.96987	2	179	1	2	2.74575275127341e-09	0.999999999254247
chr4	190878494	158	33	17.28	1.96987	2	191	1	2	1.10610153890467e-09	1.0000000008939
chr5	70074142	50	12	19.35	1.9316	2	62	1	2	4.03613516906586e-09	0.999999997963865
chr5	99725396	98	19	16.24	1.9316	2	117	1	2	1.01653593221878e-09	1.00000000098346
chr5	153192781	65	9	12.16	1.9316	2	74	1	2	1.0000024754825e-09	1.000000001
chr5	156193507	59	10	14.49	1.9316	2	69	1	2	1.00052767386327e-09	1.00000000099947
chr6	3225759	102	21	17.07	1.8533	2	123	1	2	1.07364266764484e-09	1.00000000092636
chr6	3225770	91	22	19.47	1.8533	2	113	1	2	4.64174014354299e-09	0.99999999735826
chr6	11105334	39	10	20.41	1.8533	2	49	1	2	1.5503627909382e-08	0.999999986496372
chr6	11105344	44	9	16.98	1.8533	2	53	1	2	1.06287767178261e-09	1.00000000093712
chr6	11105352	45	9	16.67	1.8533	2	54	1	2	1.03622156296241e-09	1.00000000096378
chr6	11105361	48	12	20	1.8533	2	60	1	2	9.01061643658944e-09	0.999999992989384
chr6	11105386	49	9	15.52	1.8533	2	58	1	2	1.00422040099196e-09	1.00000000099578
chr6	11105394	53	8	13.11	1.8533	2	61	1	2	1.00002493066623e-09	1.00000000099998
chr6	71234753	61	17	21.79	1.8533	2	78	1	2	9.81241961192027e-08	0.999999903875804
chr6	99721270	70	19	21.35	1.8533	2	89	1	2	5.47948822588604e-08	0.999999947205118
chr6	108372416	42	14	25	1.8533	2	56	1	2	4.92146069246941e-06	0.999995080539308
chr6	111179493	35	4	10.26	1.8533	2	39	1	2	1.00000001287654e-09	1.000000001
chr6	111179507	34	8	19.05	1.8533	2	42	1	2	2.91600077351612e-09	0.999999999083999
chr6	111179512	34	7	17.07	1.8533	2	41	1	2	1.07364266764484e-09	1.00000000092636
chr6	168430190	86	11	11.34	1.8533	2	97	1	2	1.00000028711499e-09	1.000000001
chr7	56893862	17	4	19.05	2.20244	2	21	0	NA	NA	NA
chr7	57194309	105	19	15.32	2.20244	2	124	1	2	1.00285258604095e-09	1.00000000099715
chr7	63222557	24	4	14.29	2.20244	2	28	0	NA	NA	NA
chr7	65221436	61	7	10.29	2.20244	2	68	1	2	1.0000000141007e-09	1.000000001
chr7	75122897	94	7	6.93	2.21791	2	101	1	2	1.00000000000006e-09	1.000000001
chr7	100637242	24	8	25	2.21791	2	32	1	2	4.92146069246941e-06	0.999995080539308
chr7	128292353	129	13	9.15	2.21791	2	142	1	2	1.00000000036167e-09	1.000000001
chr7	142458337	17	9	34.62	2.21791	2	26	0	NA	NA	NA
chr7	142458371	34	10	22.73	2.21791	2	44	1	2	3.28939945443282e-07	0.999999673060055
chr7	142481251	54	7	11.48	2.21791	2	61	1	2	1.00000041956e-09	1.000000001
chr7	142481278	63	7	10	2.21791	2	70	1	2	1.00000000579149e-09	1.000000001
chr7	143964436	130	14	9.72	2.11038	2	144	1	2	1.00000000238947e-09	1.000000001
chr7	154263996	61	8	11.59	2.11038	2	69	1	2	1.00000056329997e-09	1.000000001
chr8	52731465	108	19	14.96	2.11272	2	127	1	2	1.00138937602736e-09	1.00000000099861
chr8	52731473	101	27	21.09	2.11272	2	128	1	2	3.86896623023775e-08	0.999999963310338
chr8	52731494	89	13	12.75	2.11272	2	102	1	2	1.00001061892139e-09	1.00000000099999
chr8	86572048	427	39	8.37	2.11272	2	466	1	2	1.00000000002214e-09	1.000000001
chr8	100513841	28	9	24.32	2.11272	2	37	1	2	2.25785254203208e-06	0.999997744147458
chr8	101715440	102	22	17.74	2.11272	2	124	1	2	1.23213336277887e-09	1.00000000076787
chr8	101715444	106	22	17.19	2.11272	2	128	1	2	1.09078570705851e-09	1.00000000090921
chr8	101715468	100	18	15.25	2.11272	2	118	1	2	1.00248383879488e-09	1.00000000099752
chr8	101715470	98	17	14.78	2.11272	2	115	1	2	1.00096275905229e-09	1.00000000099904
chr8	104240428	28	8	22.22	2.11272	2	36	1	2	1.71733542631027e-07	0.999999830266457
chr9	14095	100	13	11.5	1.76835	2	113	1	2	1.00000044274499e-09	1.000000001
chr9	16967	23	7	23.33	1.76835	2	30	1	2	6.9260421590678e-07	0.999999309395784
chr9	19361863	25	22	46.81	1.76835	2	47	1	1	0.974884297914378	0.025115704085622
chr9	33795613	46	7	13.21	1.76835	2	53	1	2	1.00003145960619e-09	1.00000000099997
chr9	33795622	46	8	14.81	1.76835	2	54	1	2	1.00102379825292e-09	1.00000000099898
chr9	33795704	41	6	12.77	1.76835	2	47	1	2	1.00001114206071e-09	1.00000000099999
chr9	33796744	101	15	12.93	1.76835	2	116	1	2	1.0000163227375e-09	1.00000000099998
chr9	33796746	102	15	12.82	1.76835	2	117	1	2	1.00001256102606e-09	1.00000000099999
chr9	33796758	105	15	12.5	1.76835	2	120	1	2	1.00000578112602e-09	1.00000000099999
chr9	33796762	101	14	12.17	1.76835	2	115	1	2	1.00000253892681e-09	1.000000001
chr9	33796766	100	14	12.28	1.76835	2	114	1	2	1.00000334896512e-09	1.000000001
chr9	33796777	77	25	24.51	1.76835	2	102	1	2	2.81433717222858e-06	0.999997187662828
chr9	33796785	92	13	12.38	1.76835	2	105	1	2	1.00000429776802e-09	1.000000001
chr9	33796801	79	15	15.96	1.76835	2	94	1	2	1.0098014493954e-09	1.0000000009902
chr9	33796892	46	11	19.3	1.76835	2	57	1	2	3.81348898737441e-09	0.999999998186511
chr9	33796901	38	7	15.56	1.76835	2	45	1	2	1.0045612977325e-09	1.00000000099544
chr9	33798135	46	11	19.3	1.76835	2	57	1	2	3.81348898737441e-09	0.999999998186511
chr9	33798529	49	7	12.5	1.76835	2	56	1	2	1.00000578112602e-09	1.00000000099999
chr9	33798543	48	11	18.64	1.76835	2	59	1	2	2.00769318470881e-09	0.999999999992307
chr9	33798600	52	8	13.33	1.76835	2	60	1	2	1.00004148540807e-09	1.00000000099996
chr9	33798673	20	8	28.57	1.76835	2	28	0	NA	NA	NA
chr9	33798681	20	8	28.57	1.76835	2	28	0	NA	NA	NA
chr9	38541339	41	9	18	1.76835	2	50	1	2	1.35776045997477e-09	1.00000000064224
chr9	38543676	47	9	16.07	1.76835	2	56	1	2	1.012051547665e-09	1.00000000098795
chr9	38543685	41	13	24.07	1.76835	2	54	1	2	1.68437852242203e-06	0.999998317621478
chr9	44069973	73	10	12.05	1.76835	2	83	1	2	1.00000187122181e-09	1.000000001
chr9	44076969	131	7	5.07	1.76835	2	138	1	2	1e-09	1.000000001
chr9	44080216	48	8	14.29	1.76835	2	56	1	2	1.00034588156258e-09	1.00000000099965
chr9	44080253	33	8	19.51	1.76835	2	41	1	2	4.86825779055093e-09	0.999999997131742
chr9	44090529	24	4	14.29	1.76835	2	28	0	NA	NA	NA
chr9	45727954	23	34	59.65	1.76835	2	57	1	1	0.999622083594189	0.00037791840581073
chr9	45728046	137	6	4.2	1.76835	2	143	1	2	1e-09	1.000000001
chr9	45728108	275	16	5.5	1.76835	2	291	1	2	1e-09	1.000000001
chr9	45728135	312	14	4.29	1.76835	2	326	1	2	1e-09	1.000000001
chr9	45728222	235	37	13.6	1.76835	2	272	1	2	1.00007656067677e-09	1.00000000099992
chr9	66500662	20	6	23.08	1.76835	2	26	0	NA	NA	NA
chr9	66513785	233	27	10.38	1.76835	2	260	1	2	1.00000001848596e-09	1.000000001
chr9	66545560	96	9	8.57	1.76835	2	105	1	2	1.00000000004646e-09	1.000000001
chr9	66545575	94	12	11.32	1.76835	2	106	1	2	1.00000027186014e-09	1.000000001
chr9	66545639	72	11	13.25	1.76835	2	83	1	2	1.00003450887356e-09	1.00000000099997
chr9	67281876	57	20	25.97	1.76835	2	77	1	2	1.43236385757113e-05	0.999985678361424
chr9	67926923	16	6	27.27	1.76835	2	22	0	NA	NA	NA
chr9	68429248	81	9	10	1.76835	2	90	1	2	1.00000000579149e-09	1.000000001
chr9	68429317	16	6	27.27	1.76835	2	22	0	NA	NA	NA
chr9	68433510	156	36	18.75	1.76835	2	192	1	2	2.19915498133529e-09	0.999999999800845
chr9	68433568	180	36	16.67	1.76835	2	216	1	2	1.03622156296241e-09	1.00000000096378
chr9	69081997	27	8	22.86	1.76835	2	35	1	2	3.87240996871533e-07	0.999999614759003
chr9	69083148	183	35	16.06	1.76835	2	218	1	2	1.01182800479368e-09	1.00000000098817
chr9	69083158	165	34	17.09	1.76835	2	199	1	2	1.07626525485018e-09	1.00000000092373
chr9	69083178	146	28	16.09	1.76835	2	174	1	2	1.01251090654762e-09	1.00000000098749
chr9	69389806	41	8	16.33	1.76835	2	49	1	2	1.01952189088997e-09	1.00000000098048
chr9	69389866	48	15	23.81	1.76835	2	63	1	2	1.23717047493906e-06	0.999998764829525
chr9	69389884	48	12	20	1.76835	2	60	1	2	9.01061643658944e-09	0.999999992989384
chr9	69389964	37	11	22.92	1.76835	2	48	1	2	4.17386559361561e-07	0.999999584613441
chr9	69389965	35	11	23.91	1.76835	2	46	1	2	1.39371620019245e-06	0.9999986082838
chr9	69389996	26	7	21.21	1.76835	2	33	1	2	4.54437710732084e-08	0.999999956556229
chr9	69409346	136	21	13.38	1.76835	2	157	1	2	1.00004651693633e-09	1.00000000099995
chr9	69409362	120	23	16.08	1.76835	2	143	1	2	1.0122791578765e-09	1.00000000098772
chr9	69477231	60	5	7.69	1.76835	2	65	1	2	1.00000000000154e-09	1.000000001
chr9	69663337	32	7	17.95	1.76835	2	39	1	2	1.32938457410485e-09	1.00000000067062
chr9	70484619	36	11	23.4	1.76835	2	47	1	2	7.54393611711784e-07	0.999999247606388
chrX	213600	52	7	11.86	1.40133	NA	59	1	NA	NA	NA
chrX	6451826	103	14	11.97	1.75042	2	117	1	2	1.00000152401826e-09	1.000000001
chrX	7811854	111	5	4.31	1.75042	2	116	1	2	1e-09	1.000000001
chrX	7811910	165	16	8.84	1.75042	2	181	1	2	1.0000000001229e-09	1.000000001
chrX	7811979	183	16	8.04	1.75042	2	199	1	2	1.00000000000625e-09	1.000000001
chrX	18258304	50	28	35.9	1.75042	2	78	1	2	0.0751689589689154	0.924831043031085
chrX	50648558	46	31	40.26	1.75042	2	77	1	1	0.572035234117319	0.427964767882681
chrX	65176559	125	30	19.35	1.75042	2	155	1	2	4.03613516906586e-09	0.999999997963865
chrX	135314331	60	10	14.29	1.75042	2	70	1	2	1.00034588156258e-09	1.00000000099965
chrX	140993926	59	14	19.18	1.75042	2	73	1	2	3.34134267813271e-09	0.999999998658657
chrX	140993991	30	6	16.67	1.75042	2	36	1	2	1.03622156296241e-09	1.00000000096378
chrX	140996601	36	5	12.2	1.75042	2	41	1	2	1.00000273881907e-09	1.000000001
chrX	146342162	65	22	25.29	1.75042	2	87	1	2	6.80867500128036e-06	0.999993193324999
chrX	148074918	66	9	12	1.75042	2	75	1	2	1.00000164622855e-09	1.000000001
chrX	150349753	28	4	12.5	1.75042	2	32	1	2	1.00000578112602e-09	1.00000000099999
chrX	155235508	25	9	26.47	1.75042	2	34	1	2	2.43789784876844e-05	0.999975623021512
chrX	155252909	26	13	33.33	1.75042	2	39	1	2	0.0120204683373776	0.987979533662622
