chr	st	BC16T.ref	BC16T.var	BC16T.vaf	BC16T.cn	BC16T.cleancn	BC16T.depth	adequateDepth	cluster	cluster.prob.1	cluster.prob.2	cluster.prob.3
chr1	127491	88	14	13.73	1.74581	NA	102	1	NA	NA	NA	NA
chr1	136817	356	61	14.63	1.74581	NA	417	1	NA	NA	NA	NA
chr1	12918945	212	15	6.61	1.74581	NA	227	1	NA	NA	NA	NA
chr1	12918946	206	15	6.79	1.74581	NA	221	1	NA	NA	NA	NA
chr1	12919511	115	115	50	1.74581	NA	230	1	NA	NA	NA	NA
chr1	12979665	106	14	11.67	1.74581	NA	120	1	NA	NA	NA	NA
chr1	12979671	102	13	11.3	1.74581	NA	115	1	NA	NA	NA	NA
chr1	12979685	87	9	9.38	1.74581	NA	96	1	NA	NA	NA	NA
chr1	12979699	85	10	10.53	1.74581	NA	95	1	NA	NA	NA	NA
chr1	12979702	84	9	9.68	1.74581	NA	93	1	NA	NA	NA	NA
chr1	12979728	95	8	7.77	1.74581	NA	103	1	NA	NA	NA	NA
chr1	16914176	209	37	15.04	1.74581	NA	246	1	NA	NA	NA	NA
chr1	16915542	90	8	8.16	1.74581	NA	98	1	NA	NA	NA	NA
chr1	16915708	116	8	6.45	1.74581	NA	124	1	NA	NA	NA	NA
chr1	17086450	24	7	22.58	1.74581	NA	31	1	NA	NA	NA	NA
chr1	17086464	20	8	28.57	1.74581	NA	28	0	NA	NA	NA	NA
chr1	46751118	36	9	20	1.74581	NA	45	1	NA	NA	NA	NA
chr1	68627051	150	14	8.54	1.74581	NA	164	1	NA	NA	NA	NA
chr1	68627161	192	63	24.71	1.74581	NA	255	1	NA	NA	NA	NA
chr1	68627166	208	55	20.91	1.74581	NA	263	1	NA	NA	NA	NA
chr1	68627200	110	31	21.99	1.74581	NA	141	1	NA	NA	NA	NA
chr1	68627207	106	33	23.74	1.74581	NA	139	1	NA	NA	NA	NA
chr1	68627224	112	45	28.66	1.74581	NA	157	1	NA	NA	NA	NA
chr1	68627966	187	17	8.33	1.74581	NA	204	1	NA	NA	NA	NA
chr1	142619584	128	27	17.42	1.74581	NA	155	1	NA	NA	NA	NA
chr1	142660208	65	12	15.58	1.74581	NA	77	1	NA	NA	NA	NA
chr1	142722504	53	20	27.4	1.74581	NA	73	1	NA	NA	NA	NA
chr1	142809535	186	18	8.82	1.74581	NA	204	1	NA	NA	NA	NA
chr1	142816818	411	57	12.18	1.74581	NA	468	1	NA	NA	NA	NA
chr1	142827860	458	51	10.02	1.74581	NA	509	1	NA	NA	NA	NA
chr1	143167415	164	11	6.29	1.74581	NA	175	1	NA	NA	NA	NA
chr1	143167436	157	21	11.8	1.74581	NA	178	1	NA	NA	NA	NA
chr1	145293692	99	35	26.12	1.74581	NA	134	1	NA	NA	NA	NA
chr1	148000308	77	14	15.38	1.32896	NA	91	1	NA	NA	NA	NA
chr1	148004567	370	44	10.63	1.32896	NA	414	1	NA	NA	NA	NA
chr1	148004568	374	43	10.31	1.32896	NA	417	1	NA	NA	NA	NA
chr1	148004584	349	43	10.97	1.32896	NA	392	1	NA	NA	NA	NA
chr1	148873483	338	24	6.63	2.35806	NA	362	1	NA	NA	NA	NA
chr1	186276382	105	10	8.7	2.35806	NA	115	1	NA	NA	NA	NA
chr1	211545459	25	7	21.88	2.35806	NA	32	1	NA	NA	NA	NA
chr10	27226489	90	15	14.29	1.76541	2	105	1	2	3.25436835311494e-05	0.720000808421998	0.279966650894471
chr10	27226491	84	15	15.15	1.76541	2	99	1	2	0.000118289200299505	0.862603284993739	0.137278428805961
chr10	27226508	80	21	20.79	1.76541	2	101	1	2	0.0573142018489458	0.9420055889887	0.000680212162354379
chr10	27226520	70	16	18.6	1.76541	2	86	1	2	0.00691493693819976	0.987714536076062	0.00537052998573865
chr10	27226525	66	16	19.51	1.76541	2	82	1	2	0.0173113067608173	0.980406157800636	0.00228253843854673
chr10	27226533	75	15	16.67	1.76541	2	90	1	2	0.000821584079048212	0.965688233681443	0.0334901852395089
chr10	38939523	200	27	11.89	1.76541	2	227	1	3	2.18062945901572e-07	0.153902254142549	0.846097530794505
chr10	42947187	59	7	10.61	1.76541	2	66	1	3	7.30769149897461e-09	0.0377015914320532	0.962298404260255
chr10	42949174	48	9	15.79	1.76541	2	57	1	2	0.000278433349037965	0.922998442827153	0.0767231268238091
chr10	42949193	61	12	16.44	1.76541	2	73	1	2	0.000624495771363388	0.957718550836425	0.0416569563922119
chr10	42949195	63	12	16	1.76541	2	75	1	2	0.000363573106168972	0.936563747312363	0.0630726825814675
chr10	42949207	70	14	16.67	1.76541	2	84	1	2	0.000821584079048212	0.965688233681443	0.0334901852395089
chr10	42949219	78	16	17.02	1.76541	2	94	1	2	0.00123512290636249	0.974755771460946	0.0240091086326914
chr10	42949222	77	16	17.2	1.76541	2	93	1	2	0.00151691611998255	0.978252809150593	0.0202302777294244
chr10	42949228	81	18	18.18	1.76541	2	99	1	2	0.00444848245738005	0.987568307921743	0.00798321262087665
chr10	126677454	194	36	15.65	1.78312	2	230	1	2	0.000232243917561574	0.91243497016932	0.0873327889131182
chr10	126677461	212	39	15.54	1.78312	2	251	1	2	0.000200963674276913	0.903182823816039	0.0966162155096837
chr10	126678210	95	11	10.38	1.78312	2	106	1	3	4.17383968848325e-09	0.028555006906924	0.971444991919236
chr10	127585176	150	15	9.09	1.78312	2	165	1	3	1.05078553758804e-09	0.00539496041322296	0.994605041535992
chr11	1016645	639	49	7.12	1.78052	2	688	1	3	1.00003015895372e-09	0.00029273545443442	0.999707266545535
chr11	1016647	643	52	7.48	1.78052	2	695	1	3	1.00013258317293e-09	0.000518510948901614	0.999481491050966
chr11	1016678	777	82	9.55	1.78052	2	859	1	3	1.2348527714103e-09	0.00997333458941979	0.990026667175727
chr11	1016707	772	68	8.1	1.78052	2	840	1	3	1.00147715195918e-09	0.00132787901508282	0.99867212298344
chr11	1016754	942	74	7.28	1.78052	2	1016	1	3	1.000058701986e-09	0.000378362440037641	0.999621639559904
chr11	1016756	902	70	7.2	1.78052	2	972	1	3	1.00004214417833e-09	0.000332976997765127	0.999667025002193
chr11	1016777	1087	100	8.42	1.78052	2	1188	1	3	1.00481859004726e-09	0.00211544132612739	0.997884560669054
chr11	1016818	1311	100	7.09	1.78052	2	1410	1	3	1.00002657980542e-09	0.000278856923120575	0.999721145076853
chr11	1016934	862	81	8.59	1.78052	2	943	1	3	1.00889011986652e-09	0.00269563851461598	0.997304363476494
chr11	1017200	865	92	9.61	1.78052	2	957	1	3	1.28540477805494e-09	0.010787829955993	0.989212171758602
chr11	1017280	655	73	10.03	1.78052	2	728	1	3	2.08450871125439e-09	0.0184917302645091	0.981508270650982
chr11	1017294	611	49	7.42	1.78052	2	660	1	3	1.00010404300481e-09	0.000472041381904109	0.999527960617992
chr11	1017716	564	52	8.44	1.78052	2	616	1	3	1.00518145245072e-09	0.00217701473220848	0.99782298726261
chr11	1017870	958	69	6.72	1.78052	2	1027	1	3	1.00000537728476e-09	0.00015126477131752	0.999848737228677
chr11	1017921	756	98	11.48	1.78052	2	854	1	3	7.48417373686066e-08	0.101091541433207	0.898908386725055
chr11	1018255	296	23	7.21	1.78052	2	319	1	3	1.00004393425306e-09	0.000338356946006192	0.99966164505395
chr11	1018275	376	28	6.93	1.78052	2	404	1	3	1.00001344170321e-09	0.000214672688704041	0.999785329311283
chr11	1018312	362	26	6.7	1.78052	2	388	1	3	1.00000492151717e-09	0.000146243812479624	0.999853758187515
chr11	3569010	53	9	14.52	1.78052	2	62	1	2	4.68669571001482e-05	0.765985634419373	0.233967501623527
chr11	62392704	71	25	26.04	1.67388	NA	96	1	NA	NA	NA	NA
chr12	31237978	86	8	8.51	1.77855	2	94	1	3	1.00667278778786e-09	0.00240608338773695	0.99759391860559
chr12	31247682	119	13	9.85	1.77855	2	132	1	3	1.61587141416822e-09	0.0147118399054458	0.985288161478683
chr12	42476987	68	29	29.9	1.77855	2	97	1	1	0.988546704313716	0.0114532946049253	4.08135903247881e-09
chr12	54893182	69	11	13.75	1.77855	2	80	1	2	1.28924535605663e-05	0.591487180365828	0.408499930180611
chr12	117204665	35	18	33.96	1.77855	2	53	1	1	0.99917703813087	0.000822963861954941	1.00717514072671e-09
chr12	123185962	115	10	8	1.77855	2	125	1	3	1.00101243354774e-09	0.00114501794707998	0.998854984051908
chr12	123892672	52	16	23.53	1.77855	2	68	1	2	0.409648697053165	0.590314044867453	3.726107938143e-05
chr12	123892684	57	16	21.92	1.77855	2	73	1	2	0.146389683560295	0.853387016503152	0.000223302936553152
chr14	23371268	28	10	26.32	1.78027	2	38	1	1	0.86639782703969	0.13360142097698	7.54983329219962e-07
chr14	23900982	40	12	23.08	1.78027	2	52	1	2	0.321398425585975	0.67853800611964	6.35712943857585e-05
chr14	35564331	65	23	26.14	1.78027	2	88	1	1	0.849620616992066	0.150378394735273	9.91272660748035e-07
chr14	90871336	73	31	29.81	1.78027	2	104	1	1	0.987825210895898	0.0121747875696464	4.5344555567607e-09
chr15	20362850	86	6	6.52	1.7035	NA	92	1	NA	NA	NA	NA
chr15	20362867	90	6	6.25	1.7035	NA	96	1	NA	NA	NA	NA
chr15	76552347	219	35	13.78	1.75248	2	254	1	2	1.36111697715374e-05	0.599245232450194	0.400741159380035
chr15	82808231	201	14	6.51	1.75248	2	215	1	3	1.0000020967099e-09	0.000105723745203496	0.999894278254794
chr15	82808232	196	15	7.11	1.75248	2	211	1	3	1.00002891682883e-09	0.000288038914629474	0.999711963085342
chr15	82808797	34	4	10.53	1.75248	2	38	1	3	5.97569054220828e-09	0.0342528990979085	0.965747097926401
chr15	100336273	45	13	22.41	1.75248	2	58	1	2	0.2094249086322	0.790441292788196	0.000133801579604059
chr16	21912912	25	10	28.57	1.8	2	35	1	1	0.971481855001715	0.02851812333836	2.46599254723036e-08
chr16	29496929	99	14	12.39	1.8	2	113	1	3	7.47360281409682e-07	0.244088853814366	0.755910401825353
chr16	33548089	491	59	10.73	1.8	2	550	1	3	9.97268709372232e-09	0.0434715441486172	0.956528448878696
chr16	33961690	61	12	16.44	1.8	2	73	1	2	0.000624495771363388	0.957718550836425	0.0416569563922119
chr17	36348957	271	20	6.87	1.674	NA	291	1	NA	NA	NA	NA
chr17	39389475	185	16	7.96	1.674	NA	201	1	NA	NA	NA	NA
chr17	39389487	184	16	8	1.674	NA	200	1	NA	NA	NA	NA
chr17	39389493	181	16	8.12	1.674	NA	197	1	NA	NA	NA	NA
chr17	39389501	182	16	8.08	1.674	NA	198	1	NA	NA	NA	NA
chr17	39389509	183	15	7.58	1.674	NA	198	1	NA	NA	NA	NA
chr17	45214606	485	36	6.91	1.674	NA	521	1	NA	NA	NA	NA
chr17	60345072	48	15	23.81	1.674	NA	63	1	NA	NA	NA	NA
chr18	14183823	204	20	8.93	1.83452	2	224	1	3	1.02934602752141e-09	0.00433381651536236	0.995666185455292
chr19	501701	45	8	15.09	1.62394	NA	53	1	NA	NA	NA	NA
chr19	8992993	64	17	20.99	1.62394	NA	81	1	NA	NA	NA	NA
chr19	8992996	75	16	17.58	1.62394	NA	91	1	NA	NA	NA	NA
chr19	8992997	77	17	18.09	1.62394	NA	94	1	NA	NA	NA	NA
chr19	9009323	58	16	21.62	1.62394	NA	74	1	NA	NA	NA	NA
chr19	9009325	59	16	21.33	1.62394	NA	75	1	NA	NA	NA	NA
chr19	9012832	57	6	9.52	1.62394	NA	63	1	NA	NA	NA	NA
chr19	19360595	35	12	25.53	1.62394	NA	47	1	NA	NA	NA	NA
chr19	38379540	87	31	26.27	1.6315	NA	118	1	NA	NA	NA	NA
chr19	40389741	98	17	14.78	1.6315	NA	115	1	NA	NA	NA	NA
chr19	49551835	36	5	12.2	1.6315	NA	41	1	NA	NA	NA	NA
chr19	49552319	49	7	12.5	1.6315	NA	56	1	NA	NA	NA	NA
chr2	905693	145	19	11.59	1.82184	2	164	1	3	1.00151182877538e-07	0.113527990168563	0.886471912680254
chr2	10263627	26	13	33.33	1.82184	2	39	1	1	0.998781167775494	0.00121883420640406	1.01810241372357e-09
chr2	73851972	28	10	26.32	1.82184	2	38	1	1	0.86639782703969	0.13360142097698	7.54983329219962e-07
chr2	85280764	57	23	28.75	1.82184	2	80	1	1	0.974819422617111	0.0251805614493472	1.89335421242923e-08
chr2	90414227	62	9	12.68	1.69961	NA	71	1	NA	NA	NA	NA
chr2	91887961	27	13	32.5	1.69961	NA	40	1	NA	NA	NA	NA
chr2	95479028	47	6	11.32	1.69961	NA	53	1	NA	NA	NA	NA
chr2	95488787	104	17	14.05	1.69961	NA	121	1	NA	NA	NA	NA
chr2	95509788	53	10	15.87	1.69961	NA	63	1	NA	NA	NA	NA
chr2	95542377	48	9	15.79	1.69961	NA	57	1	NA	NA	NA	NA
chr2	95552694	91	25	21.55	1.69961	NA	116	1	NA	NA	NA	NA
chr2	96619571	44	9	16.98	1.69961	NA	53	1	NA	NA	NA	NA
chr2	96619725	190	16	7.77	1.69961	NA	206	1	NA	NA	NA	NA
chr2	131986173	17	4	19.05	1.85356	2	21	0	NA	NA	NA	NA
chr2	131986182	18	4	18.18	1.85356	2	22	0	NA	NA	NA	NA
chr2	133015150	361	44	10.86	1.85356	2	405	1	3	1.40834328660157e-08	0.0506164700227455	0.949383518893822
chr2	133015245	802	58	6.74	1.85356	2	861	1	3	1.00000587389436e-09	0.00015644659744092	0.999843555402553
chr2	133015493	277	38	12.06	1.85356	2	315	1	3	3.34758466878819e-07	0.181279817010523	0.81871985123101
chr20	279156	33	8	19.51	1.77399	2	41	1	2	0.0173113067608173	0.980406157800636	0.00228253843854673
chr20	25754042	104	10	8.77	1.7087	NA	114	1	NA	NA	NA	NA
chr20	25754256	209	22	9.52	1.7087	NA	231	1	NA	NA	NA	NA
chr20	26064373	66	13	16.46	1.7087	NA	79	1	NA	NA	NA	NA
chr20	26064408	48	9	15.79	1.7087	NA	57	1	NA	NA	NA	NA
chr20	26188993	15	4	21.05	1.7087	NA	19	0	NA	NA	NA	NA
chr20	29623217	275	21	7.09	1.7087	NA	296	1	NA	NA	NA	NA
chr20	29623254	184	34	15.6	1.7087	NA	218	1	NA	NA	NA	NA
chr20	29623263	289	36	11.08	1.7087	NA	325	1	NA	NA	NA	NA
chr20	29624093	259	28	9.76	1.7087	NA	287	1	NA	NA	NA	NA
chr20	29632660	757	64	7.8	1.7087	NA	821	1	NA	NA	NA	NA
chr20	49510072	41	12	22.64	1.7087	NA	53	1	NA	NA	NA	NA
chr21	9907950	164	17	9.39	1.73893	NA	181	1	NA	NA	NA	NA
chr21	9912182	65	13	16.67	1.73893	NA	78	1	NA	NA	NA	NA
chr21	9926811	106	14	11.67	1.73893	NA	120	1	NA	NA	NA	NA
chr21	10164355	111	11	9.02	1.73893	NA	122	1	NA	NA	NA	NA
chr21	10910340	177	36	16.9	1.73893	NA	213	1	NA	NA	NA	NA
chr21	11029617	144	19	11.66	1.73893	NA	163	1	NA	NA	NA	NA
chr21	11058066	341	30	8.09	1.73893	NA	371	1	NA	NA	NA	NA
chr21	14470027	81	16	16.49	1.73893	NA	97	1	NA	NA	NA	NA
chr21	15216527	56	15	21.13	1.73893	NA	71	1	NA	NA	NA	NA
chr22	16984288	66	15	18.52	1.64661	NA	81	1	NA	NA	NA	NA
chr22	21646812	39	7	15.22	1.64661	NA	46	1	NA	NA	NA	NA
chr22	23660826	103	14	11.97	1.64661	NA	117	1	NA	NA	NA	NA
chr22	23982957	35	7	16.67	1.64661	NA	42	1	NA	NA	NA	NA
chr22	25024275	148	22	12.94	1.64661	NA	170	1	NA	NA	NA	NA
chr22	38087504	14	7	33.33	1.64661	NA	21	0	NA	NA	NA	NA
chr22	39129490	47	17	26.56	1.64661	NA	64	1	NA	NA	NA	NA
chr22	41626911	48	11	18.64	1.64661	NA	59	1	NA	NA	NA	NA
chr22	51229759	43	11	20.37	1.64661	NA	54	1	NA	NA	NA	NA
chr3	49739373	35	14	28.57	1.8197	2	49	1	1	0.971481855001715	0.02851812333836	2.46599254723036e-08
chr3	75714895	730	57	7.24	1.8197	2	787	1	3	1.0000497586982e-09	0.000354990025575174	0.999645011974375
chr3	75715355	715	142	16.57	1.8197	2	857	1	2	0.000729701998105928	0.962444358803924	0.0368259421979701
chr3	75786921	535	60	10.08	1.8197	2	595	1	3	2.26700603434129e-09	0.0196922500093146	0.980307750723679
chr3	75787174	731	56	7.12	1.8197	2	787	1	3	1.00003015895372e-09	0.00029273545443442	0.999707266545535
chr3	75787218	544	51	8.57	1.8197	2	595	1	3	1.00827659227905e-09	0.00262031922133942	0.997379682770384
chr3	75787224	261	136	34.26	1.8197	2	397	1	1	0.999316082386755	0.000683919608618636	1.00462590043609e-09
chr3	75787244	482	63	11.56	1.8197	2	545	1	3	9.2528664213737e-08	0.110016574053236	0.8899833364181
chr3	75790312	95	17	15.18	1.8197	2	112	1	2	0.000123338517767312	0.866197104633195	0.133679559849038
chr3	195505835	94	11	10.48	1.8197	2	105	1	3	5.28617304332824e-09	0.0322468645169383	0.967753133196888
chr3	195507771	484	41	7.81	1.8197	2	525	1	3	1.00048832351409e-09	0.000860957537666871	0.999139044461845
chr3	195507779	513	45	8.06	1.8197	2	558	1	3	1.00127061167789e-09	0.00125166241911224	0.998748339579617
chr3	195508069	502	62	10.99	1.8197	2	564	1	3	1.99850801693569e-08	0.0588006706103218	0.941199312404598
chr3	195511446	300	53	15.01	1.8197	2	353	1	2	9.70822870443712e-05	0.844692524116346	0.155210396596609
chr3	195513611	571	53	8.49	1.8197	2	624	1	3	1.00620868493322e-09	0.00233841825561479	0.997661583738176
chr3	195513621	571	80	12.29	1.8197	2	651	1	3	5.88395985063402e-07	0.223717097841169	0.776282316762846
chr3	195690149	128	18	12.33	1.8197	2	146	1	3	6.47755162028967e-07	0.231728531492579	0.768270823752259
chr3	195690216	142	15	9.55	1.8197	2	157	1	3	1.2348527714103e-09	0.00997333458941979	0.990026667175727
chr4	59299	260	26	9.09	1.84203	2	286	1	3	1.05078553758804e-09	0.00539496041322296	0.994605041535992
chr4	59475	254	30	10.56	1.84203	2	284	1	3	6.4397215513466e-09	0.0355108013951139	0.964489195165165
chr4	190805644	334	23	6.44	1.89238	2	357	1	3	1.00000152264196e-09	9.36470219525149e-05	0.999906354978046
chr5	14696124	85	6	6.59	1.83452	2	91	1	3	1.00000301103117e-09	0.000121301370974687	0.999878700629022
chr5	21483636	840	81	8.79	1.83452	2	922	1	3	1.01803386080951e-09	0.00356979451930223	0.996430207462664
chr5	75537109	80	18	18.37	1.84997	2	98	1	2	0.00543857882187593	0.987889896438053	0.00667152774007041
chr5	140604999	58	4	6.45	1.81957	2	62	1	3	1.0000015941465e-09	9.52895773093364e-05	0.999904712422689
chr5	177482842	150	19	11.24	1.81957	2	169	1	3	3.9310216640052e-08	0.0779012582108245	0.922098705478959
chr5	177482847	151	19	11.18	1.81957	2	170	1	3	3.34245344430111e-08	0.0728793735184411	0.927120596057024
chr6	11105352	74	9	10.84	1.76272	2	83	1	3	1.33497579425011e-08	0.0494524952630202	0.950547494387222
chr6	24172537	100	16	13.79	1.76272	2	116	1	2	1.38584663030654e-05	0.601818537299159	0.398167607234538
chr6	24416666	62	25	28.74	1.76272	2	87	1	1	0.974644853715523	0.0253551300728635	1.9211613751332e-08
chr6	29945360	59	14	19.18	1.76272	2	73	1	2	0.0124856134441178	0.984402301335465	0.00311208822041703
chr6	32485311	110	10	8.33	1.76272	2	120	1	3	1.00346916051366e-09	0.00185811091457401	0.998141891081957
chr6	32485481	71	17	19.32	1.76272	2	88	1	2	0.014354371696403	0.982917081314423	0.00272854998917428
chr6	32557320	43	11	20.37	1.76272	2	54	1	2	0.0392149163116478	0.959770151496308	0.00101493519204443
chr6	33054683	54	14	20.59	1.76272	2	68	1	2	0.0479242476795688	0.951252281299092	0.000823474021338971
chr6	33054687	55	15	21.43	1.76272	2	70	1	2	0.0991413836018733	0.900493396718417	0.000365222679710079
chr6	43972226	48	7	12.73	1.76272	2	55	1	3	1.63663539183588e-06	0.321394821671578	0.67860354469303
chr6	43972227	51	7	12.07	1.76272	2	58	1	3	3.43202438729754e-07	0.182995449948856	0.817004209848705
chr6	74207564	47	25	34.72	1.76272	2	72	1	1	0.999483829177824	0.000516172819811641	1.00236471601309e-09
chr7	55565340	38	10	20.83	2.14058	2	48	1	2	0.0593780975646855	0.939967300697786	0.000654604737528961
chr7	56878927	89	21	19.09	2.14058	2	110	1	2	0.0114074127654051	0.985205854839908	0.00338673539468656
chr7	63213853	556	44	7.33	2.14058	2	600	1	3	1.00007209405728e-09	0.000409609408242182	0.999590392591686
chr7	63213970	162	16	8.99	2.14058	2	178	1	3	1.03608278872889e-09	0.00470631741429945	0.995293684549618
chr7	63226788	69	24	25.81	2.14058	2	93	1	1	0.814085269134929	0.185913107541162	1.62632390939423e-06
chr7	75132834	154	17	9.94	2.14058	2	171	1	3	1.81821604351312e-09	0.0165010019358475	0.983498999245937
chr7	104748157	63	31	32.98	2.13495	2	94	1	1	0.998480280784608	0.0015197211850539	1.03033783506834e-09
chr7	104748161	67	27	28.72	2.13495	2	94	1	1	0.974292018249161	0.0257079649700234	1.97808160383593e-08
chr7	151970951	51	9	15	2.15741	2	60	1	2	9.57062204727809e-05	0.843339416638015	0.156564880141513
chr8	12486785	93	19	16.96	1.79204	2	112	1	2	0.0011526458091929	0.973427844480737	0.0254195127100703
chr8	12486799	62	16	20.51	1.79204	2	78	1	2	0.0445730814088932	0.954538294399997	0.000888627191109646
chr8	12486819	48	15	23.81	1.79204	2	63	1	2	0.467296358183248	0.53267732368616	2.63211305917195e-05
chr8	12486825	44	12	21.43	1.79204	2	56	1	2	0.0991413836018733	0.900493396718417	0.000365222679710079
chr8	52731235	254	33	11.5	1.85819	2	287	1	3	7.89289404592635e-08	0.103263918689445	0.896736005381615
chr8	62559556	38	12	24	1.85819	2	50	1	1	0.50667281576446	0.493306535115095	2.06521204452404e-05
chr9	33385667	71	19	21.11	1.76516	2	90	1	2	0.0757561869917853	0.923744239154725	0.000499576853489098
chr9	33385690	70	13	15.66	1.76516	2	83	1	2	0.000235295879310272	0.913233262425321	0.0865314446953686
chr9	33385698	67	13	16.25	1.76516	2	80	1	2	0.000495777856844729	0.949647941917014	0.049856283226141
chr9	33798574	107	22	17.05	1.76516	2	129	1	2	0.00127840087868918	0.975388100086869	0.0233335020344415
chr9	45424507	127	9	6.62	1.76516	2	136	1	3	1.00000344525465e-09	0.000127677021502417	0.999872324978494
chr9	45424508	122	9	6.87	1.76516	2	131	1	3	1.00001037210793e-09	0.00019439456177046	0.999805607438219
chr9	45727954	165	73	30.67	1.76516	2	238	1	1	0.993177724673971	0.00682227636845188	1.95757737778343e-09
chr9	45728222	543	47	7.97	1.76516	2	590	1	3	1.00090324036804e-09	0.00109496060147439	0.998905041397622
chr9	66513727	140	29	17.16	1.76516	2	169	1	2	0.00144953390034199	0.977535524569178	0.0210149445304797
chr9	67289088	33	10	23.26	1.76516	2	43	1	2	0.355764024396863	0.64418445618932	5.15224138177626e-05
chr9	68315790	81	11	11.96	1.76516	2	92	1	3	2.60455399175888e-07	0.164768480673409	0.835231261871192
chr9	68430283	1022	131	11.36	1.76516	2	1153	1	3	5.43057642223956e-08	0.0888510969965413	0.911148851697694
chr9	68430475	26	10	27.78	1.76516	2	36	1	1	0.95068009738763	0.0493198245658269	8.10465427725722e-08
chr9	68433522	212	42	16.54	1.76516	2	254	1	2	0.000704058896678438	0.961406693949589	0.0378892501537324
chr9	68437556	64	10	13.51	1.76516	2	74	1	2	8.24691971488905e-06	0.527765248561147	0.472226507519138
chr9	68437567	68	10	12.82	1.76516	2	78	1	3	1.99827623629777e-06	0.343686307993181	0.656311696730583
chr9	68778826	45	7	13.46	1.76516	2	52	1	2	7.49190585487285e-06	0.514229193499848	0.485763317594298
chr9	69423670	217	20	8.44	1.76516	2	237	1	3	1.00518145245072e-09	0.00217701473220848	0.99782298726261
chrX	8767235	15	5	25	1.84191	2	20	0	NA	NA	NA	NA
chrX	15332532	39	13	25	1.8202	2	52	1	1	0.698280571368542	0.301714128550278	5.30308118052232e-06
chrX	33059844	71	24	25.26	1.8202	2	95	1	1	0.73995284151086	0.260043509794771	3.65169436895547e-06
chrX	44918552	84	19	18.45	1.8202	2	103	1	2	0.00591466596839864	0.987898928798536	0.00618640823306523
