chr	st	BC18T.ref	BC18T.var	BC18T.vaf	BC18T.cn	BC18T.cleancn	BC18T.depth	adequateDepth	cluster	cluster.prob.1	cluster.prob.2	cluster.prob.3
chr1	137622	88	31	26.05	1.77424	2	119	1	1	0.99348811460942	0.00651125471517648	6.33675403243107e-07
chr1	138071	59	4	6.35	1.77424	2	63	1	3	1.86263783074593e-09	0.013252202672541	0.986747798464821
chr1	6270400	24	2	7.69	1.77424	2	26	0	NA	NA	NA	NA
chr1	12891159	160	14	8.05	1.77424	2	174	1	3	2.24634170029441e-07	0.11309799016916	0.88690178819667
chr1	12891161	153	14	8.38	1.77424	2	167	1	3	5.58581304023336e-07	0.157403164671854	0.842596279746842
chr1	13183109	169	11	6.11	1.77424	2	180	1	3	1.34678088849791e-09	0.00923659164602656	0.990763410007193
chr1	13183110	174	11	5.95	1.77424	2	185	1	3	1.1851149800597e-09	0.00719853872415635	0.992801463090729
chr1	13183115	165	11	6.25	1.77424	2	176	1	3	1.59263596579071e-09	0.011422681117318	0.988577320290046
chr1	13183130	165	15	8.33	1.77424	2	180	1	3	4.881239784676e-07	0.150004932822043	0.849994582053979
chr1	13183138	161	27	14.36	1.77424	2	188	1	2	0.0102138636027945	0.959755681154343	0.0300304582428629
chr1	16863173	25	5	16.67	1.77424	2	30	1	2	0.0956288372510148	0.897681128676813	0.0066900370721719
chr1	16890644	385	60	13.48	1.77424	2	445	1	2	0.00382725213534267	0.942105149833028	0.0540676010316294
chr1	16891534	176	36	16.98	1.77424	2	212	1	2	0.123733331838643	0.870833075379378	0.00543359578197936
chr1	16903803	69	10	12.66	1.77424	2	79	1	2	0.00142210940862074	0.903945875483411	0.094632018107968
chr1	16907164	380	58	13.24	1.77424	2	438	1	2	0.00288840117767388	0.93347542737438	0.0636361744479465
chr1	16948753	71	14	16.47	1.77424	2	85	1	2	0.0804748296060353	0.911890900447592	0.00763427294637262
chr1	17077360	37	13	26	1.77424	2	50	1	1	0.99327187839612	0.00672745746426752	6.67139612574754e-07
chr1	27089662	38	3	7.32	1.77424	2	41	1	3	2.56147050253352e-08	0.0491657497783734	0.950834227606921
chr1	47571882	27	5	15.62	1.77424	2	32	1	2	0.0368334190232149	0.949920827093853	0.0132457568829323
chr1	68627631	106	12	10.17	1.77424	2	118	1	2	3.25942432178455e-05	0.541153134027138	0.458814274729644
chr1	68627700	115	24	17.27	1.77424	2	139	1	2	0.15562343399957	0.839925724998442	0.00445084400198861
chr1	68627881	99	19	16.1	1.77424	2	118	1	2	0.0577927723674157	0.93249056452427	0.00971666610831383
chr1	68628588	34	9	20.93	1.77424	2	43	1	1	0.799164743088263	0.200669900604128	0.000165359307609073
chr1	68628591	39	9	18.75	1.77424	2	48	1	2	0.403980380073279	0.594596079647775	0.0014235432789458
chr1	101200076	30	8	21.05	1.77424	2	38	1	1	0.813678054777809	0.18617682396865	0.000145124253540472
chr1	142619447	124	28	18.42	1.77424	2	152	1	2	0.338161078816181	0.659962773432342	0.0018761507514771
chr1	142621003	253	27	9.64	1.77424	2	280	1	3	1.13620206414634e-05	0.414612293377333	0.585376347602025
chr1	142722116	282	17	5.69	1.77424	2	299	1	3	1.06434319862051e-09	0.00472689409003181	0.995273107845625
chr1	142805368	410	42	9.29	1.77424	2	452	1	3	5.29809360148281e-06	0.332464914238671	0.667529790667728
chr1	142805963	153	8	4.97	1.77424	2	161	1	3	1.00263473850579e-09	0.00131852176180618	0.998681480235559
chr1	142806039	410	25	5.75	1.77424	2	435	1	3	1.08245723093562e-09	0.00521787093468295	0.99478213098286
chr1	142806056	452	28	5.83	1.77424	2	480	1	3	1.11432634919172e-09	0.00594287533876841	0.994057126546905
chr1	142806102	362	23	5.97	1.77424	2	385	1	3	1.2004082532948e-09	0.00742927496740669	0.992570726832185
chr1	142806187	416	55	11.68	1.77424	2	471	1	2	0.00038304213721016	0.815202862408678	0.184414098454112
chr1	142806196	388	55	12.42	1.77424	2	443	1	2	0.00104671757028981	0.887382911059709	0.111570374370001
chr1	142806586	350	16	4.37	1.77424	2	366	1	3	1.00012721963495e-09	0.000391091714168397	0.999608910285704
chr1	142808185	194	13	6.28	1.77424	2	207	1	3	1.66370597676517e-09	0.0119465713239156	0.988053430012378
chr1	142808199	242	12	4.72	1.77424	2	254	1	3	1.00078038730838e-09	0.000809767121650416	0.999190234877569
chr1	142808247	299	15	4.78	1.77424	2	314	1	3	1.00105096504211e-09	0.000912394512485919	0.999087607486463
chr1	142808404	202	27	11.79	1.77424	2	229	1	2	0.000447685419527543	0.828242830066089	0.171309487514384
chr1	142810346	72	10	12.2	1.77424	2	82	1	2	0.000784210951626692	0.869509963207881	0.129705828840492
chr1	142811916	448	59	11.64	1.77424	2	507	1	2	0.000361696709624417	0.810239178626835	0.189399127663541
chr1	142812454	483	44	8.35	1.77424	2	527	1	3	5.15243742303126e-07	0.152934494883028	0.84706499287323
chr1	142812955	312	46	12.85	1.77424	2	358	1	2	0.00180218112491059	0.915127444782988	0.0830703770921015
chr1	142813004	508	45	8.14	1.77424	2	553	1	3	2.89391919674264e-07	0.124135149743757	0.875864563864324
chr1	142813018	527	41	7.22	1.77424	2	568	1	3	1.8827422490902e-08	0.0434103589819833	0.956589625190594
chr1	142813024	528	47	8.17	1.77424	2	575	1	3	3.14635609083154e-07	0.127986054762595	0.872013633601796
chr1	142815884	758	86	10.19	1.77424	2	844	1	2	3.38405223670757e-05	0.545798842685136	0.454167319792497
chr1	142816297	593	50	7.78	1.77424	2	643	1	3	1.02886427332051e-07	0.0844362759225182	0.915563624191054
chr1	142816346	715	48	6.29	1.77424	2	763	1	3	1.68915811403405e-09	0.0121258511144255	0.987874150196416
chr1	142816373	683	45	6.18	1.77424	2	728	1	3	1.45402973041039e-09	0.0102783694528401	0.98972163209313
chr1	142816458	354	27	7.09	1.77424	2	381	1	3	1.26324834461166e-08	0.0367891241131586	0.963210866254358
chr1	142820332	180	21	10.45	1.77424	2	201	1	2	5.43629956709277e-05	0.604410120086656	0.395535519917673
chr1	142820342	186	20	9.71	1.77424	2	206	1	3	1.31482568789785e-05	0.431429836387055	0.568557018356066
chr1	142820347	185	21	10.19	1.77424	2	206	1	2	3.38405223670757e-05	0.545798842685136	0.454167319792497
chr1	142821719	129	39	23.21	1.77424	2	168	1	1	0.95608975600728	0.0438970342666445	1.32127260756182e-05
chr1	142828757	318	45	12.4	1.77424	2	363	1	2	0.00101992526114225	0.885869349846588	0.11311072789227
chr1	143209775	579	24	3.98	1.77424	2	603	1	3	1.00001414060481e-09	0.000161753012701731	0.999838248987284
chr1	143209844	447	40	8.21	1.77424	2	487	1	3	3.51530127832422e-07	0.133255985940266	0.866743665529606
chr1	143230385	300	39	11.5	1.77424	2	339	1	2	0.000295110401151585	0.791904884796522	0.207800007802326
chr1	144621667	61	9	12.86	1.77424	2	70	1	2	0.00182454398208298	0.91567239766522	0.0825030613526965
chr1	144816621	206	23	10.04	1.77424	2	229	1	2	2.54417005710322e-05	0.510593980817473	0.489380580481956
chr1	145293400	394	19	4.6	1.77424	2	413	1	3	1.00042545960424e-09	0.000634903380043265	0.999365098619531
chr1	145303906	104	19	15.45	1.77424	2	123	1	2	0.0312371800961247	0.953983788333887	0.0147790345699881
chr1	146399674	42	8	16	1.77424	2	50	1	2	0.0527146952924138	0.936918918584529	0.0103663891230571
chr1	148005107	15	5	25	1.77424	2	20	0	NA	NA	NA	NA
chr1	148342423	110	17	13.39	1.77424	2	127	1	2	0.00344647416856539	0.939085589999135	0.0574679388322991
chr1	148853856	152	14	8.43	1.77424	2	166	1	3	6.38470384718677e-07	0.165049364270768	0.834950000258847
chr1	148903238	65	6	8.45	1.77424	2	71	1	3	6.73319983594515e-07	0.168177293309796	0.83182203637022
chr1	148903444	43	14	24.56	1.77424	2	57	1	1	0.982486330267068	0.0175106397174831	3.03301544929389e-06
chr1	149281996	100	9	8.26	1.77424	2	109	1	3	4.03378580956603e-07	0.140062715817281	0.859936883804138
chr1	152281660	227	7	2.99	1.77424	2	234	1	3	1.00000001745028e-09	1.08820744832707e-05	0.999989119925517
chr1	152284605	326	17	4.96	1.77424	2	343	1	3	1.00251249369977e-09	0.00129367585280851	0.998706326144679
chr1	152284606	330	18	5.17	1.77424	2	348	1	3	1.00668449001935e-09	0.00191381445208278	0.998086187541233
chr1	152284607	331	18	5.16	1.77424	2	349	1	3	1.00638584790036e-09	0.00187914512837826	0.998120856865236
chr1	155223700	58	4	6.45	1.77424	2	62	1	3	2.24819349230298e-09	0.0153349958055632	0.984665004946243
chr1	161520514	27	7	20.59	1.77424	2	34	1	1	0.753101411517914	0.246660279045961	0.000238312436125185
chr1	201179173	167	18	9.73	1.77424	2	185	1	3	1.37029885479543e-05	0.436243702913899	0.563742597097553
chr10	15050188	170	17	9.09	1.73676	NA	187	1	NA	NA	NA	NA
chr10	38738885	40	5	11.11	1.73676	NA	45	1	NA	NA	NA	NA
chr10	49239470	108	21	16.28	1.73676	NA	129	1	NA	NA	NA	NA
chr10	75489862	56	6	9.68	1.73676	NA	62	1	NA	NA	NA	NA
chr10	89126089	91	3	3.19	1.73676	NA	94	1	NA	NA	NA	NA
chr11	309282	87	4	4.4	1.63433	NA	91	1	NA	NA	NA	NA
chr11	1016641	346	17	4.68	1.63433	NA	363	1	NA	NA	NA	NA
chr11	1016678	480	49	9.26	1.63433	NA	529	1	NA	NA	NA	NA
chr11	1016707	436	36	7.63	1.63433	NA	472	1	NA	NA	NA	NA
chr11	1016708	424	52	10.92	1.63433	NA	476	1	NA	NA	NA	NA
chr11	1016754	575	44	7.11	1.63433	NA	619	1	NA	NA	NA	NA
chr11	1016756	557	43	7.17	1.63433	NA	600	1	NA	NA	NA	NA
chr11	1016777	604	50	7.65	1.63433	NA	654	1	NA	NA	NA	NA
chr11	1016885	574	29	4.81	1.63433	NA	603	1	NA	NA	NA	NA
chr11	1016970	520	31	5.63	1.63433	NA	551	1	NA	NA	NA	NA
chr11	1017024	450	22	4.66	1.63433	NA	472	1	NA	NA	NA	NA
chr11	1017114	362	15	3.98	1.63433	NA	377	1	NA	NA	NA	NA
chr11	1017152	440	26	5.58	1.63433	NA	466	1	NA	NA	NA	NA
chr11	1017200	519	52	9.11	1.63433	NA	571	1	NA	NA	NA	NA
chr11	1017721	342	36	9.52	1.63433	NA	378	1	NA	NA	NA	NA
chr11	1017755	411	19	4.42	1.63433	NA	430	1	NA	NA	NA	NA
chr11	1017826	493	17	3.33	1.63433	NA	511	1	NA	NA	NA	NA
chr11	1017841	564	30	5.05	1.63433	NA	594	1	NA	NA	NA	NA
chr11	1017856	646	15	2.27	1.63433	NA	661	1	NA	NA	NA	NA
chr11	1017867	645	15	2.27	1.63433	NA	661	1	NA	NA	NA	NA
chr11	1017870	623	41	6.17	1.63433	NA	665	1	NA	NA	NA	NA
chr11	1018093	136	5	3.55	1.63433	NA	141	1	NA	NA	NA	NA
chr11	1018095	138	5	3.5	1.63433	NA	143	1	NA	NA	NA	NA
chr11	1018256	161	26	13.9	1.63433	NA	187	1	NA	NA	NA	NA
chr11	1018266	192	28	12.73	1.63433	NA	220	1	NA	NA	NA	NA
chr11	1018275	222	18	7.5	1.63433	NA	240	1	NA	NA	NA	NA
chr11	1018312	192	18	8.57	1.63433	NA	210	1	NA	NA	NA	NA
chr11	1018321	184	18	8.91	1.63433	NA	202	1	NA	NA	NA	NA
chr11	1018329	146	32	17.98	1.63433	NA	178	1	NA	NA	NA	NA
chr11	1018331	172	12	6.52	1.63433	NA	184	1	NA	NA	NA	NA
chr11	1018333	175	14	7.41	1.63433	NA	189	1	NA	NA	NA	NA
chr11	1018334	171	14	7.57	1.63433	NA	185	1	NA	NA	NA	NA
chr11	1267782	125	3	2.34	1.63433	NA	128	1	NA	NA	NA	NA
chr11	9160526	35	6	14.63	1.63433	NA	41	1	NA	NA	NA	NA
chr11	18290866	39	11	22	1.63433	NA	50	1	NA	NA	NA	NA
chr11	56143882	82	6	6.82	1.63433	NA	88	1	NA	NA	NA	NA
chr11	56143885	88	6	6.38	1.63433	NA	94	1	NA	NA	NA	NA
chr11	60670186	38	3	7.32	1.63433	NA	41	1	NA	NA	NA	NA
chr11	61058384	18	2	10	1.63433	NA	20	0	NA	NA	NA	NA
chr11	63231134	19	5	20.83	1.63433	NA	24	0	NA	NA	NA	NA
chr11	67048653	15	5	25	1.63433	NA	20	0	NA	NA	NA	NA
chr11	88241692	36	3	7.69	1.63433	NA	39	1	NA	NA	NA	NA
chr12	8378663	132	10	7.04	2.00597	2	142	1	3	1.08482565980236e-08	0.0344825953288397	0.965517396822904
chr12	9570768	34	13	27.66	2.00597	2	47	1	1	0.997678267908366	0.00232160908781243	1.26003821382499e-07
chr12	9570798	37	16	30.19	2.00597	2	53	1	1	0.999504216886198	0.000495773883675964	1.22301256454361e-08
chr12	11214273	234	26	10	2.00597	2	260	1	2	2.35422249779232e-05	0.501085648441612	0.49889081233341
chr12	11214299	211	30	12.45	2.00597	2	241	1	2	0.00108810568245402	0.889613335399472	0.109298561918074
chr12	11244096	129	16	11.03	2.00597	2	145	1	2	0.00014395810225153	0.718873395203061	0.280982649694687
chr12	11244097	127	16	11.19	2.00597	2	143	1	2	0.000184993457970361	0.745765707992744	0.254049301549286
chr12	11244102	124	18	12.68	2.00597	2	142	1	2	0.00145835038558732	0.905199416378516	0.0933422362358964
chr12	11244190	110	23	17.29	2.00597	2	133	1	2	0.158033563369955	0.837577335859205	0.00438910377083951
chr12	11244199	105	19	15.32	2.00597	2	124	1	2	0.0274896802471781	0.95643896221423	0.0160713605385924
chr12	11506533	28	8	22.22	2.00597	2	36	1	1	0.913689298822165	0.0862709797909045	3.97243869303548e-05
chr12	42477555	45	11	19.64	2.00597	2	56	1	1	0.58736336290521	0.412007139570637	0.000629500524153091
chr12	42477557	45	11	19.64	2.00597	2	56	1	1	0.58736336290521	0.412007139570637	0.000629500524153091
chr12	42479504	58	12	17.14	2.00597	2	70	1	2	0.140628009201879	0.854501465144756	0.00487052865336408
chr12	42479512	61	19	23.75	2.00597	2	80	1	1	0.969650166493414	0.030342541132962	7.29537362361171e-06
chr12	42479533	70	18	20.45	2.00597	2	88	1	1	0.731986144009751	0.267737465051167	0.000276393939082502
chr12	42479540	75	16	17.58	2.00597	2	91	1	2	0.19612620723209	0.800302092423025	0.00357170334488534
chr12	42479542	73	16	17.98	2.00597	2	89	1	2	0.258262723745981	0.739083043030373	0.00265423622364671
chr12	52885339	21	6	22.22	2.00597	2	27	0	NA	NA	NA	NA
chr12	52885340	21	6	22.22	2.00597	2	27	0	NA	NA	NA	NA
chr12	52885344	21	6	22.22	2.00597	2	27	0	NA	NA	NA	NA
chr12	52885350	19	6	24	2.00597	2	25	0	NA	NA	NA	NA
chr12	123892646	30	8	21.05	2.00597	2	38	1	1	0.813678054777809	0.18617682396865	0.000145124253540472
chr12	123892672	36	9	20	2.00597	2	45	1	1	0.655961586718557	0.343598217659397	0.000440198622045285
chr12	123892684	38	8	17.39	2.00597	2	46	1	2	0.170501971119694	0.825406863298892	0.00409116858141366
chr12	123892800	51	13	20.31	2.00597	2	64	1	1	0.709634749494899	0.290045182384536	0.000320071120564893
chr13	19419719	81	9	10	1.7087	NA	90	1	NA	NA	NA	NA
chr13	19420033	80	11	12.09	1.7087	NA	91	1	NA	NA	NA	NA
chr13	19420035	81	11	11.96	1.7087	NA	92	1	NA	NA	NA	NA
chr13	19433800	180	7	3.74	1.7087	NA	187	1	NA	NA	NA	NA
chr13	19433836	191	33	14.73	1.7087	NA	224	1	NA	NA	NA	NA
chr13	19433845	192	34	15.04	1.7087	NA	226	1	NA	NA	NA	NA
chr14	19553434	114	7	5.79	1.79055	2	121	1	3	1.09714719464207e-09	0.0055698934491572	0.994430108453696
chr14	21679160	125	17	11.97	1.79055	2	142	1	2	0.000574813003936018	0.847727487251066	0.151697702744998
chr14	21679176	127	17	11.81	1.79055	2	144	1	2	0.000460437839218249	0.830519506940657	0.169020058220125
chr14	21679183	116	16	12.12	1.79055	2	132	1	2	0.00070464393562944	0.862310341705412	0.136985017358959
chr14	21679192	112	16	12.5	1.79055	2	128	1	2	0.0011604015935762	0.893226144970918	0.105613456435506
chr14	21679197	114	16	12.31	1.79055	2	130	1	2	0.000906891813197873	0.878788253489159	0.120304857697643
chr14	21679212	118	15	11.28	1.79055	2	133	1	2	0.000212381169476683	0.759965569648566	0.239822052181958
chr14	35209927	203	12	5.58	1.79055	2	215	1	3	1.04055639318159e-09	0.00393244692730097	0.996067555032143
chr14	50623657	22	11	33.33	1.79055	2	33	1	1	0.999918407828506	8.15934819535719e-05	1.68954039214004e-09
chr15	20083800	87	16	15.53	1.61038	NA	103	1	NA	NA	NA	NA
chr15	20084355	40	10	20	1.61038	NA	50	1	NA	NA	NA	NA
chr15	20084378	21	5	19.23	1.61038	NA	26	0	NA	NA	NA	NA
chr15	85054992	18	6	25	1.61038	NA	24	0	NA	NA	NA	NA
chr16	61840	111	8	6.72	1.75078	2	119	1	3	4.28896675459509e-09	0.0224576540264645	0.977542344684569
chr16	21416234	167	4	2.34	1.75078	2	171	1	3	1.00000000005743e-09	1.08028419564202e-06	0.999998921715804
chr16	22545784	77	15	16.3	1.75078	2	92	1	2	0.0692467196040958	0.922220899071619	0.00853238432428518
chr16	29496772	127	6	4.51	1.75078	2	133	1	3	1.00026718881026e-09	0.000526798281224732	0.999473203718508
chr16	29496872	121	10	7.63	1.75078	2	131	1	3	6.5843216720531e-08	0.07119913379786	0.928800803358923
chr16	29496932	124	7	5.34	1.75078	2	131	1	3	1.01435071714576e-09	0.00259742557407029	0.997402576411579
chr16	32095657	85	3	3.41	1.75078	2	88	1	3	1.00000037732815e-09	3.76003147239505e-05	0.999962401685276
chr16	32095694	64	3	4.48	1.75078	2	67	1	3	1.00022834627943e-09	0.000494611058104065	0.999505390941667
chr16	57748750	49	16	24.62	1.75078	2	65	1	1	0.983180404115841	0.0168167547764328	2.84410772570158e-06
chr16	57748755	48	16	25	1.75078	2	64	1	1	0.986966372092025	0.0130317337512803	1.89715669468463e-06
chr16	57748759	48	16	25	1.75078	2	64	1	1	0.986966372092025	0.0130317337512803	1.89715669468463e-06
chr16	57748767	42	16	27.59	1.75078	2	58	1	1	0.997573787899117	0.00242608016645589	1.34934426932295e-07
chr16	57748768	41	16	28.07	1.75078	2	57	1	1	0.998203285756014	0.0017966325803074	8.46636787280978e-08
chr16	69733837	76	6	7.32	1.75078	2	82	1	3	2.56147050253352e-08	0.0491657497783734	0.950834227606921
chr16	90235223	30	6	16.67	1.55014	NA	36	1	NA	NA	NA	NA
chr16	90235539	66	5	7.04	1.55014	NA	71	1	NA	NA	NA	NA
chr16	90235595	45	5	10	1.55014	NA	50	1	NA	NA	NA	NA
chr17	263636	41	3	6.82	1.60003	NA	44	1	NA	NA	NA	NA
chr17	263643	38	4	9.52	1.60003	NA	42	1	NA	NA	NA	NA
chr17	263645	39	4	9.3	1.60003	NA	43	1	NA	NA	NA	NA
chr17	3801051	19	2	9.52	1.60003	NA	21	0	NA	NA	NA	NA
chr17	5038559	109	6	5.22	1.60003	NA	115	1	NA	NA	NA	NA
chr17	18060158	19	2	9.52	1.60003	NA	21	0	NA	NA	NA	NA
chr17	19644539	21	12	36.36	1.60003	NA	33	1	NA	NA	NA	NA
chr17	20768447	133	31	18.9	1.60003	NA	164	1	NA	NA	NA	NA
chr17	20768458	131	29	18.12	1.60003	NA	160	1	NA	NA	NA	NA
chr17	39274291	134	6	4.29	1.60003	NA	140	1	NA	NA	NA	NA
chr17	45214623	207	20	8.81	1.60003	NA	227	1	NA	NA	NA	NA
chr17	45214661	250	16	6.02	1.60003	NA	266	1	NA	NA	NA	NA
chr17	45214690	223	32	12.55	1.60003	NA	255	1	NA	NA	NA	NA
chr17	45214698	221	14	5.96	1.60003	NA	235	1	NA	NA	NA	NA
chr17	45214708	207	14	6.33	1.60003	NA	221	1	NA	NA	NA	NA
chr17	45221261	40	12	23.08	1.60003	NA	52	1	NA	NA	NA	NA
chr17	45221281	38	18	32.14	1.60003	NA	56	1	NA	NA	NA	NA
chr17	45221313	37	3	7.5	1.60003	NA	40	1	NA	NA	NA	NA
chr17	75212437	79	12	13.19	1.60003	NA	91	1	NA	NA	NA	NA
chr17	75212450	81	9	10	1.60003	NA	90	1	NA	NA	NA	NA
chr17	75212489	85	30	26.09	1.60003	NA	115	1	NA	NA	NA	NA
chr17	75212491	85	32	27.35	1.60003	NA	117	1	NA	NA	NA	NA
chr18	109171	29	6	17.14	2.03806	2	35	1	2	0.140628009201879	0.854501465144756	0.00487052865336408
chr18	14220896	110	8	6.78	2.03806	2	118	1	3	5.05673120219144e-09	0.0243844586594188	0.97561553928385
chr18	15316627	124	15	10.79	2.03806	2	139	1	2	9.74687909695568e-05	0.674616369662925	0.325286164546105
chr19	199763	36	3	7.69	1.52488	NA	39	1	NA	NA	NA	NA
chr19	199802	29	4	12.12	1.52488	NA	33	1	NA	NA	NA	NA
chr19	2210622	20	3	13.04	1.52488	NA	23	0	NA	NA	NA	NA
chr19	8999349	47	6	11.32	1.52488	NA	53	1	NA	NA	NA	NA
chr19	8999357	56	6	9.68	1.52488	NA	62	1	NA	NA	NA	NA
chr19	8999363	61	6	8.96	1.52488	NA	67	1	NA	NA	NA	NA
chr19	8999369	66	6	8.33	1.52488	NA	72	1	NA	NA	NA	NA
chr19	9006684	42	15	26.32	1.52488	NA	57	1	NA	NA	NA	NA
chr19	12754426	83	16	16.16	1.52488	NA	99	1	NA	NA	NA	NA
chr19	23544724	277	28	9.18	1.6674	NA	305	1	NA	NA	NA	NA
chr19	49300289	25	7	21.88	1.6674	NA	32	1	NA	NA	NA	NA
chr19	49547143	74	8	9.76	1.6674	NA	82	1	NA	NA	NA	NA
chr19	53014263	126	8	5.97	1.6674	NA	134	1	NA	NA	NA	NA
chr19	54724411	15	9	37.5	1.6674	NA	24	0	NA	NA	NA	NA
chr19	55871050	21	2	8.7	1.6674	NA	23	0	NA	NA	NA	NA
chr2	905492	89	55	38.19	1.72023	NA	144	1	NA	NA	NA	NA
chr2	905525	277	11	3.82	1.72023	NA	288	1	NA	NA	NA	NA
chr2	905578	267	17	5.99	1.72023	NA	284	1	NA	NA	NA	NA
chr2	905579	279	16	5.42	1.72023	NA	295	1	NA	NA	NA	NA
chr2	905744	169	13	7.14	1.72023	NA	182	1	NA	NA	NA	NA
chr2	905749	200	19	8.68	1.72023	NA	219	1	NA	NA	NA	NA
chr2	11758293	63	9	12.5	1.72023	NA	72	1	NA	NA	NA	NA
chr2	11758294	63	9	12.5	1.72023	NA	72	1	NA	NA	NA	NA
chr2	11758357	64	5	7.25	1.72023	NA	69	1	NA	NA	NA	NA
chr2	11758358	64	5	7.25	1.72023	NA	69	1	NA	NA	NA	NA
chr2	47248967	25	3	10.71	1.72023	NA	28	0	NA	NA	NA	NA
chr2	70524333	55	17	23.61	1.72023	NA	72	1	NA	NA	NA	NA
chr2	70524351	52	22	29.73	1.72023	NA	74	1	NA	NA	NA	NA
chr2	70524359	46	23	33.33	1.72023	NA	69	1	NA	NA	NA	NA
chr2	70524368	49	24	32.88	1.72023	NA	73	1	NA	NA	NA	NA
chr2	70524369	51	23	31.08	1.72023	NA	74	1	NA	NA	NA	NA
chr2	74686765	29	3	9.38	1.72023	NA	32	1	NA	NA	NA	NA
chr2	87355925	77	16	17.2	1.72023	NA	93	1	NA	NA	NA	NA
chr2	89102429	117	25	17.61	1.72023	NA	142	1	NA	NA	NA	NA
chr2	89105025	115	5	4.17	1.72023	NA	120	1	NA	NA	NA	NA
chr2	91968795	43	12	21.82	1.72023	NA	55	1	NA	NA	NA	NA
chr2	91968798	45	11	19.64	1.72023	NA	56	1	NA	NA	NA	NA
chr2	92076569	64	13	16.88	1.72023	NA	77	1	NA	NA	NA	NA
chr2	92080441	58	8	12.12	1.72023	NA	66	1	NA	NA	NA	NA
chr2	92080448	58	7	10.77	1.72023	NA	65	1	NA	NA	NA	NA
chr2	95474236	78	8	9.3	1.72023	NA	86	1	NA	NA	NA	NA
chr2	95474243	79	11	12.22	1.72023	NA	90	1	NA	NA	NA	NA
chr2	95513989	75	18	19.35	1.72023	NA	93	1	NA	NA	NA	NA
chr2	95514005	72	23	24.21	1.72023	NA	95	1	NA	NA	NA	NA
chr2	95514020	77	12	13.48	1.72023	NA	89	1	NA	NA	NA	NA
chr2	95514033	80	8	9.09	1.72023	NA	88	1	NA	NA	NA	NA
chr2	95514071	77	9	10.47	1.72023	NA	86	1	NA	NA	NA	NA
chr2	96517733	308	29	8.61	1.72023	NA	337	1	NA	NA	NA	NA
chr2	96520971	57	8	12.31	1.72023	NA	65	1	NA	NA	NA	NA
chr2	96594840	66	11	14.29	1.72023	NA	77	1	NA	NA	NA	NA
chr2	96594858	81	10	10.99	1.72023	NA	91	1	NA	NA	NA	NA
chr2	96594883	83	10	10.75	1.72023	NA	93	1	NA	NA	NA	NA
chr2	114353104	81	3	3.57	1.72023	NA	84	1	NA	NA	NA	NA
chr2	114355998	138	14	9.21	1.72023	NA	152	1	NA	NA	NA	NA
chr2	131414707	34	3	8.11	1.72023	NA	37	1	NA	NA	NA	NA
chr2	131675013	35	3	7.89	1.72023	NA	38	1	NA	NA	NA	NA
chr2	132044903	197	19	8.8	1.72023	NA	216	1	NA	NA	NA	NA
chr2	133015171	166	22	11.7	1.72023	NA	188	1	NA	NA	NA	NA
chr2	133015244	302	29	8.76	1.72023	NA	331	1	NA	NA	NA	NA
chr2	133015252	282	30	9.62	1.72023	NA	312	1	NA	NA	NA	NA
chr2	133015259	244	25	9.29	1.72023	NA	269	1	NA	NA	NA	NA
chr2	133015261	114	26	18.57	1.72023	NA	140	1	NA	NA	NA	NA
chr2	133015268	62	28	31.11	1.72023	NA	90	1	NA	NA	NA	NA
chr2	133015300	312	42	11.86	1.72023	NA	354	1	NA	NA	NA	NA
chr2	133015314	396	17	4.12	1.72023	NA	413	1	NA	NA	NA	NA
chr2	133015325	383	20	4.96	1.72023	NA	403	1	NA	NA	NA	NA
chr2	133015485	149	22	12.87	1.72023	NA	171	1	NA	NA	NA	NA
chr2	219294272	20	2	9.09	1.72023	NA	22	0	NA	NA	NA	NA
chr2	240982171	40	10	20	1.72023	NA	50	1	NA	NA	NA	NA
chr20	25752826	137	14	9.27	2.01363	2	151	1	3	5.06353445654528e-06	0.327927802062569	0.672067137402975
chr20	25752845	148	14	8.64	2.01363	2	162	1	3	1.10521726651871e-06	0.199858764796971	0.800140132985762
chr20	25753647	116	5	4.13	2.01363	2	121	1	3	1.00003371574264e-09	0.000229392726777425	0.999770609273189
chr20	26189097	20	5	20	2.01363	2	25	0	NA	NA	NA	NA
chr20	29611950	23	4	14.81	2.01363	2	27	0	NA	NA	NA	NA
chr20	29625818	293	35	10.67	2.01363	2	328	1	2	7.96678843872447e-05	0.650788556552036	0.349131778563577
chr20	29632605	438	22	4.78	2.01363	2	460	1	3	1.00105096504211e-09	0.000912394512485919	0.999087607486463
chr20	29633901	296	18	5.73	2.01363	2	314	1	3	1.07593535247153e-09	0.00504939585247471	0.99495060607159
chr20	29633947	341	18	5.01	2.01363	2	359	1	3	1.00318319499025e-09	0.00142222499153906	0.998577777005278
chr20	29637890	460	11	2.34	2.01363	2	470	1	3	1.00000000005743e-09	1.08028419564202e-06	0.999998921715804
chr20	29637936	541	29	5.09	2.01363	2	570	1	3	1.00462600366171e-09	0.00165175223073398	0.99834824976464
chr20	29638070	243	35	12.59	2.01363	2	278	1	2	0.00130163355831981	0.899409740269118	0.099288629172562
chr21	9865820	435	23	5.02	1.59516	NA	458	1	NA	NA	NA	NA
chr21	9897694	203	12	5.58	1.59516	NA	215	1	NA	NA	NA	NA
chr21	9897706	215	11	4.87	1.59516	NA	226	1	NA	NA	NA	NA
chr21	9908294	166	6	3.49	1.59516	NA	172	1	NA	NA	NA	NA
chr21	9908297	167	6	3.47	1.59516	NA	173	1	NA	NA	NA	NA
chr21	9908298	170	6	3.41	1.59516	NA	176	1	NA	NA	NA	NA
chr21	9908306	166	6	3.49	1.59516	NA	172	1	NA	NA	NA	NA
chr21	9912186	36	4	10	1.59516	NA	40	1	NA	NA	NA	NA
chr21	9912410	21	6	22.22	1.59516	NA	27	0	NA	NA	NA	NA
chr21	9926637	34	5	12.82	1.59516	NA	39	1	NA	NA	NA	NA
chr21	9926645	33	5	13.16	1.59516	NA	38	1	NA	NA	NA	NA
chr21	9926780	48	9	15.79	1.59516	NA	57	1	NA	NA	NA	NA
chr21	9926795	50	10	16.67	1.59516	NA	60	1	NA	NA	NA	NA
chr21	9926950	93	11	10.58	1.59516	NA	104	1	NA	NA	NA	NA
chr21	9926991	167	12	6.7	1.59516	NA	179	1	NA	NA	NA	NA
chr21	9927034	200	18	8.26	1.59516	NA	218	1	NA	NA	NA	NA
chr21	10906741	25	9	26.47	1.59516	NA	34	1	NA	NA	NA	NA
chr21	11021038	289	34	10.53	1.59516	NA	323	1	NA	NA	NA	NA
chr21	11047522	163	32	16.41	1.59516	NA	195	1	NA	NA	NA	NA
chr21	15219244	92	17	15.6	1.59516	NA	109	1	NA	NA	NA	NA
chr21	15219253	80	12	13.04	1.59516	NA	92	1	NA	NA	NA	NA
chr21	15219258	86	12	12.24	1.59516	NA	98	1	NA	NA	NA	NA
chr21	15219261	86	12	12.24	1.59516	NA	98	1	NA	NA	NA	NA
chr21	15219265	87	12	12.12	1.59516	NA	99	1	NA	NA	NA	NA
chr21	15219267	89	12	11.88	1.59516	NA	101	1	NA	NA	NA	NA
chr21	15219271	91	12	11.65	1.59516	NA	103	1	NA	NA	NA	NA
chr21	15329524	58	12	17.14	1.59516	NA	70	1	NA	NA	NA	NA
chr21	15339629	84	9	9.68	1.59516	NA	93	1	NA	NA	NA	NA
chr21	15343569	199	29	12.72	1.59516	NA	228	1	NA	NA	NA	NA
chr22	16449536	69	12	14.81	1.49195	NA	81	1	NA	NA	NA	NA
chr22	16449617	116	14	10.77	1.49195	NA	130	1	NA	NA	NA	NA
chr22	21643743	111	8	6.72	1.49195	NA	119	1	NA	NA	NA	NA
chr22	22985902	168	17	9.19	1.49195	NA	185	1	NA	NA	NA	NA
chr22	25010828	15	6	28.57	1.49195	NA	21	0	NA	NA	NA	NA
chr22	25053631	131	7	5.07	1.49195	NA	138	1	NA	NA	NA	NA
chr22	25053644	156	8	4.88	1.49195	NA	164	1	NA	NA	NA	NA
chr22	25053651	170	8	4.49	1.49195	NA	178	1	NA	NA	NA	NA
chr22	30769925	18	2	10	1.49195	NA	20	0	NA	NA	NA	NA
chr22	50724602	43	3	6.52	1.49195	NA	46	1	NA	NA	NA	NA
chr3	8730186	219	21	8.75	1.74545	NA	240	1	NA	NA	NA	NA
chr3	8730201	223	36	13.9	1.74545	NA	259	1	NA	NA	NA	NA
chr3	47447550	18	2	10	1.74545	NA	20	0	NA	NA	NA	NA
chr3	75713948	96	18	15.79	1.74545	NA	114	1	NA	NA	NA	NA
chr3	75713958	98	14	12.5	1.74545	NA	112	1	NA	NA	NA	NA
chr3	75788230	275	34	11	1.74545	NA	309	1	NA	NA	NA	NA
chr3	129817154	129	8	5.84	1.68845	NA	137	1	NA	NA	NA	NA
chr3	129830249	31	2	6.06	1.68845	NA	33	1	NA	NA	NA	NA
chr3	140338680	54	7	11.48	1.68845	NA	61	1	NA	NA	NA	NA
chr3	195507349	236	21	8.17	1.69713	NA	257	1	NA	NA	NA	NA
chr3	195507591	174	51	22.67	1.69713	NA	225	1	NA	NA	NA	NA
chr3	195507604	207	35	14.46	1.69713	NA	242	1	NA	NA	NA	NA
chr3	195507620	226	22	8.87	1.69713	NA	248	1	NA	NA	NA	NA
chr3	195507769	254	7	2.68	1.69713	NA	261	1	NA	NA	NA	NA
chr3	195507771	231	16	6.48	1.69713	NA	247	1	NA	NA	NA	NA
chr3	195509746	350	9	2.51	1.69713	NA	359	1	NA	NA	NA	NA
chr3	195509749	345	9	2.54	1.69713	NA	354	1	NA	NA	NA	NA
chr3	195509750	348	8	2.25	1.69713	NA	356	1	NA	NA	NA	NA
chr3	195509756	312	45	12.61	1.69713	NA	357	1	NA	NA	NA	NA
chr3	195510680	127	3	2.31	1.69713	NA	130	1	NA	NA	NA	NA
chr3	195511431	209	22	9.52	1.69713	NA	231	1	NA	NA	NA	NA
chr3	195511446	189	14	6.9	1.69713	NA	203	1	NA	NA	NA	NA
chr3	195511454	202	8	3.81	1.69713	NA	210	1	NA	NA	NA	NA
chr3	195511460	208	7	3.26	1.69713	NA	215	1	NA	NA	NA	NA
chr3	195511474	210	9	4.11	1.69713	NA	219	1	NA	NA	NA	NA
chr3	195511513	214	6	2.73	1.69713	NA	220	1	NA	NA	NA	NA
chr3	197947363	138	8	5.48	1.69713	NA	146	1	NA	NA	NA	NA
chr4	49502658	72	5	6.49	1.93657	2	77	1	3	2.44461834905489e-09	0.0162454259072505	0.983754574648131
chr4	49502683	73	7	8.75	1.93657	2	80	1	3	1.461147406771e-06	0.219794974840768	0.780203567011826
chr4	71347116	189	6	3.08	1.93657	2	195	1	3	1.00000003489403e-09	1.43938882763579e-05	0.999985608111724
chr4	190883026	44	6	12	1.93657	2	50	1	2	0.000598904374498526	0.850760691977779	0.148640406647722
chr5	21482620	164	32	16.33	1.82766	2	196	1	2	0.0711241711018398	0.920508810612962	0.00836702128519858
chr5	34192051	358	27	7.01	1.82766	2	385	1	3	9.90640229137418e-09	0.0331590013673266	0.966840991726271
chr5	97912959	68	6	8.11	1.82766	2	74	1	3	2.66066293964452e-07	0.120370620080572	0.879629116853134
chr5	179320366	23	7	23.33	1.82766	2	30	1	1	0.959553858685024	0.0404345713811931	1.15729337825388e-05
chr6	3156530	22	8	26.67	1.91163	2	30	1	1	0.995643101785559	0.00435656431046996	3.36903970922945e-07
chr6	31974158	65	5	7.14	1.91163	2	70	1	3	1.47223448631525e-08	0.0392260678390901	0.960773920438565
chr6	32497884	76	14	15.56	1.91163	2	90	1	2	0.0347627427842164	0.951469486764107	0.0137677734516768
chr6	32497891	94	9	8.74	1.91163	2	103	1	3	1.42486493667602e-06	0.217935595346602	0.782062982788461
chr6	32497947	76	15	16.48	1.91163	2	91	1	2	0.0811810826232205	0.911234629096685	0.00758429128009442
chr6	32557320	48	14	22.58	1.91163	2	62	1	1	0.932428558355688	0.0675448525950187	2.65920492930754e-05
chr6	50814710	71	9	11.25	1.67505	NA	80	1	NA	NA	NA	NA
chr6	82457016	36	3	7.69	1.67505	NA	39	1	NA	NA	NA	NA
chr6	132029813	57	16	21.92	1.67505	NA	73	1	NA	NA	NA	NA
chr6	161990472	19	3	13.64	1.67505	NA	22	0	NA	NA	NA	NA
chr6	170627767	203	17	7.73	1.67505	NA	220	1	NA	NA	NA	NA
chr6	170627769	204	15	6.85	1.67505	NA	219	1	NA	NA	NA	NA
chr7	44027643	34	2	5.56	1.72776	NA	36	1	NA	NA	NA	NA
chr7	45123218	42	6	12.5	1.72776	NA	48	1	NA	NA	NA	NA
chr7	56894934	65	2	2.99	1.72776	NA	67	1	NA	NA	NA	NA
chr7	57888047	200	18	8.26	1.72776	NA	218	1	NA	NA	NA	NA
chr7	57888055	198	18	8.33	1.72776	NA	216	1	NA	NA	NA	NA
chr7	57888056	195	17	8.02	1.72776	NA	212	1	NA	NA	NA	NA
chr7	63096370	15	5	25	1.72776	NA	20	0	NA	NA	NA	NA
chr7	63212584	23	16	41.03	1.72776	NA	39	1	NA	NA	NA	NA
chr7	63213593	22	10	31.25	1.72776	NA	32	1	NA	NA	NA	NA
chr7	63213891	243	17	6.54	1.72776	NA	260	1	NA	NA	NA	NA
chr7	63213974	129	12	8.51	1.72776	NA	141	1	NA	NA	NA	NA
chr7	63220652	123	14	10.22	1.72776	NA	137	1	NA	NA	NA	NA
chr7	63222492	31	3	8.82	1.72776	NA	34	1	NA	NA	NA	NA
chr7	142459952	44	5	10.2	1.72776	NA	49	1	NA	NA	NA	NA
chr7	151933033	41	5	10.87	1.72776	NA	46	1	NA	NA	NA	NA
chr8	7878293	174	6	3.33	2.10585	2	180	1	3	1.00000021647046e-09	3.00544452821624e-05	0.999969947554718
chr8	8095866	83	3	3.49	2.10585	2	86	1	3	1.00000064943987e-09	4.67981384226992e-05	0.999953203861577
chr8	12030457	48	7	12.73	2.10585	2	55	1	2	0.00155266801176869	0.908252739197795	0.0901945957904368
chr8	12030468	48	7	12.73	2.10585	2	55	1	2	0.00155266801176869	0.908252739197795	0.0901945957904368
chr8	18632112	15	5	25	2.10585	2	20	0	NA	NA	NA	NA
chr8	52733148	114	12	9.52	2.10585	2	126	1	3	8.80154863115758e-06	0.385985415306861	0.614005786144508
chr8	86574494	78	3	3.7	2.10585	2	81	1	3	1.0000025537234e-09	8.12346503670391e-05	0.99991876734963
chr8	144342350	186	21	10.14	2.10585	2	207	1	2	3.08013279330994e-05	0.534154382531548	0.465814819140519
chr8	144342352	184	21	10.24	2.10585	2	205	1	2	3.71435568823685e-05	0.557337463375119	0.442625396067999
chr8	144342357	190	15	7.32	2.10585	2	205	1	3	2.56147050253352e-08	0.0491657497783734	0.950834227606921
chr9	33385532	43	3	6.52	1.65829	NA	46	1	NA	NA	NA	NA
chr9	38541604	49	10	16.95	1.65829	NA	59	1	NA	NA	NA	NA
chr9	38541610	50	10	16.67	1.65829	NA	60	1	NA	NA	NA	NA
chr9	38541627	40	10	20	1.65829	NA	50	1	NA	NA	NA	NA
chr9	38541636	36	6	14.29	1.65829	NA	42	1	NA	NA	NA	NA
chr9	39118304	91	17	15.74	1.65829	NA	108	1	NA	NA	NA	NA
chr9	41954571	197	16	7.51	1.65829	NA	213	1	NA	NA	NA	NA
chr9	41960604	322	16	4.73	1.65829	NA	338	1	NA	NA	NA	NA
chr9	44127838	40	7	14.89	1.65829	NA	47	1	NA	NA	NA	NA
chr9	44127849	35	11	23.91	1.65829	NA	46	1	NA	NA	NA	NA
chr9	45727954	68	46	40.35	1.65829	NA	114	1	NA	NA	NA	NA
chr9	45728105	443	11	2.42	1.65829	NA	455	1	NA	NA	NA	NA
chr9	45728108	425	14	3.19	1.65829	NA	439	1	NA	NA	NA	NA
chr9	45728124	485	12	2.41	1.65829	NA	498	1	NA	NA	NA	NA
chr9	45728135	434	23	5.03	1.65829	NA	457	1	NA	NA	NA	NA
chr9	66499651	73	4	5.19	1.65829	NA	77	1	NA	NA	NA	NA
chr9	66499654	72	10	12.2	1.65829	NA	82	1	NA	NA	NA	NA
chr9	66513854	454	61	11.84	1.65829	NA	515	1	NA	NA	NA	NA
chr9	66513855	458	60	11.58	1.65829	NA	518	1	NA	NA	NA	NA
chr9	66513863	457	63	12.12	1.65829	NA	520	1	NA	NA	NA	NA
chr9	67293518	129	12	8.51	1.65829	NA	141	1	NA	NA	NA	NA
chr9	68316034	59	13	18.06	1.65829	NA	72	1	NA	NA	NA	NA
chr9	68427809	339	34	9.12	1.65829	NA	373	1	NA	NA	NA	NA
chr9	68427854	389	55	12.39	1.65829	NA	444	1	NA	NA	NA	NA
chr9	68427863	356	68	16.04	1.65829	NA	424	1	NA	NA	NA	NA
chr9	68427865	385	38	8.98	1.65829	NA	423	1	NA	NA	NA	NA
chr9	68427898	276	22	7.38	1.65829	NA	298	1	NA	NA	NA	NA
chr9	68427905	204	27	11.69	1.65829	NA	231	1	NA	NA	NA	NA
chr9	68438602	173	9	4.95	1.65829	NA	182	1	NA	NA	NA	NA
chr9	69083026	209	14	6.28	1.65829	NA	223	1	NA	NA	NA	NA
chr9	69083032	221	9	3.91	1.65829	NA	230	1	NA	NA	NA	NA
chr9	69083034	226	9	3.83	1.65829	NA	235	1	NA	NA	NA	NA
chr9	69083035	229	9	3.78	1.65829	NA	238	1	NA	NA	NA	NA
chr9	69083077	216	14	6.09	1.65829	NA	230	1	NA	NA	NA	NA
chr9	69083093	187	19	9.22	1.65829	NA	206	1	NA	NA	NA	NA
chr9	69083162	158	23	12.71	1.65829	NA	181	1	NA	NA	NA	NA
chr9	69391206	123	21	14.58	1.65829	NA	144	1	NA	NA	NA	NA
chr9	69477231	47	10	17.54	1.65829	NA	57	1	NA	NA	NA	NA
chr9	69477245	68	11	13.92	1.65829	NA	79	1	NA	NA	NA	NA
chr9	70919325	98	20	16.95	1.65829	NA	118	1	NA	NA	NA	NA
chr9	99894064	52	10	16.13	1.65829	NA	62	1	NA	NA	NA	NA
chrX	1413020	40	2	4.76	1.61911	NA	42	1	NA	NA	NA	NA
chrX	6451707	113	17	13.08	1.61911	NA	130	1	NA	NA	NA	NA
chrX	6451713	129	17	11.64	1.61911	NA	146	1	NA	NA	NA	NA
chrX	8434354	74	6	7.5	1.61911	NA	80	1	NA	NA	NA	NA
chrX	8434368	79	6	7.06	1.61911	NA	85	1	NA	NA	NA	NA
chrX	53579369	27	5	15.62	1.61911	NA	32	1	NA	NA	NA	NA
chrX	54095232	45	8	15.09	1.61911	NA	53	1	NA	NA	NA	NA
chrX	73802967	140	22	13.58	1.61911	NA	162	1	NA	NA	NA	NA
chrX	73802970	143	21	12.8	1.61911	NA	164	1	NA	NA	NA	NA
chrX	125299355	45	2	4.26	1.61911	NA	47	1	NA	NA	NA	NA
