chr	st	BC22T.ref	BC22T.var	BC22T.vaf	BC22T.cn	BC22T.cleancn	BC22T.depth	adequateDepth	cluster	cluster.prob.1	cluster.prob.2
chr1	14815	114	13	10.24	1.93791	2	127	1	1	0.993933651052346	0.0060663509476535
chr1	136603	266	24	8.28	1.93791	2	290	1	1	0.631514562064939	0.368485439935061
chr1	887902	40	2	4.76	1.93791	2	42	1	2	0.0573521430786726	0.942647858921327
chr1	899338	18	2	10	1.93791	2	20	0	NA	NA	NA
chr1	906834	22	2	8.33	1.93791	2	24	0	NA	NA	NA
chr1	1147490	26	2	7.14	1.93791	2	28	0	NA	NA	NA
chr1	1323458	28	2	6.67	1.93791	2	30	1	2	0.119195935926494	0.880804066073505
chr1	1596657	19	2	9.52	1.93791	2	21	0	NA	NA	NA
chr1	1686085	22	2	8.33	1.93791	2	24	0	NA	NA	NA
chr1	2519940	44	2	4.35	1.93791	2	46	1	2	0.0756921858282598	0.92430781617174
chr1	6279360	31	2	6.06	1.93791	2	33	1	2	0.070836843761015	0.929163158238985
chr1	6281648	35	2	5.41	1.93791	2	37	1	2	0.0531226062234655	0.946877395776534
chr1	7837234	58	3	4.92	1.93791	2	61	1	2	0.0541395474253136	0.945860454574687
chr1	9211739	22	2	8.33	1.93791	2	24	0	NA	NA	NA
chr1	9781634	19	2	9.52	1.93791	2	21	0	NA	NA	NA
chr1	9910000	28	3	9.68	1.93791	2	31	1	1	0.974955455452072	0.0250445465479278
chr1	10703004	26	2	7.14	1.93791	2	28	0	NA	NA	NA
chr1	11733795	18	2	10	1.93791	2	20	0	NA	NA	NA
chr1	11854789	21	2	8.7	1.93791	2	23	0	NA	NA	NA
chr1	12939085	203	17	7.73	1.93791	2	220	1	2	0.383812865791466	0.616187136208534
chr1	12939087	212	17	7.42	1.93791	2	229	1	2	0.272582292130782	0.727417709869218
chr1	16862282	18	5	21.74	1.93791	2	23	0	NA	NA	NA
chr1	16863286	107	21	16.41	1.93791	2	128	1	1	1.00000000099433	1.00567439581107e-09
chr1	16903747	65	8	10.96	1.93791	2	73	1	1	0.999161192867798	0.000838809132201854
chr1	16903798	59	10	14.49	1.93791	2	69	1	1	0.999999992726408	9.27359201957069e-09
chr1	16903803	51	10	16.39	1.93791	2	61	1	1	1.00000000099386	1.00614111551336e-09
chr1	16913633	165	24	12.7	1.93791	2	189	1	1	0.999995988934479	4.01306552061427e-06
chr1	16921047	93	4	4.12	1.93791	2	97	1	2	0.0965231045036191	0.903476897496381
chr1	16973388	59	9	13.24	1.93791	2	68	1	1	0.999999336472803	6.65527197291398e-07
chr1	17030363	17	3	15	1.93791	2	20	0	NA	NA	NA
chr1	17570943	42	2	4.55	1.93791	2	44	1	2	0.0645319054005763	0.935468096599424
chr1	22205011	26	2	7.14	1.93791	2	28	0	NA	NA	NA
chr1	23694423	19	2	9.52	1.93791	2	21	0	NA	NA	NA
chr1	24447935	21	2	8.7	1.93791	2	23	0	NA	NA	NA
chr1	27212473	23	2	8	1.93791	2	25	0	NA	NA	NA
chr1	27429216	21	2	8.7	1.93791	2	23	0	NA	NA	NA
chr1	27481021	48	2	4	1.93791	2	50	1	2	0.112439651231344	0.887560350768655
chr1	28476819	33	2	5.71	1.93791	2	35	1	2	0.058298617417463	0.941701384582537
chr1	29529754	21	2	8.7	1.93791	2	23	0	NA	NA	NA
chr1	31345879	20	2	9.09	1.93791	2	22	0	NA	NA	NA
chr1	31538630	26	3	10.34	1.93791	2	29	0	NA	NA	NA
chr1	32193723	27	2	6.9	1.93791	2	29	0	NA	NA	NA
chr1	32201945	36	2	5.26	1.93791	2	38	1	2	0.0521765076821022	0.947823494317898
chr1	32203814	19	2	9.52	1.93791	2	21	0	NA	NA	NA
chr1	33747314	24	2	7.69	1.93791	2	26	0	NA	NA	NA
chr1	35370093	28	2	6.67	1.93791	2	30	1	2	0.119195935926494	0.880804066073505
chr1	36354084	22	2	8.33	1.93791	2	24	0	NA	NA	NA
chr1	36757127	29	2	6.45	1.93791	2	31	1	2	0.0965878655313841	0.903412136468616
chr1	38175273	65	3	4.41	1.93791	2	68	1	2	0.0717968727987874	0.928203129201213
chr1	40922633	35	2	5.41	1.93791	2	37	1	2	0.0531226062234655	0.946877395776534
chr1	42875831	28	2	6.67	1.93791	2	30	1	2	0.119195935926494	0.880804066073505
chr1	44010804	20	2	9.09	1.93791	2	22	0	NA	NA	NA
chr1	44437666	38	2	5	1.93791	2	40	1	2	0.0531274869878916	0.946872515012108
chr1	45274391	40	2	4.76	1.93791	2	42	1	2	0.0573521430786726	0.942647858921327
chr1	45797481	24	2	7.69	1.93791	2	26	0	NA	NA	NA
chr1	46033698	28	2	6.67	1.93791	2	30	1	2	0.119195935926494	0.880804066073505
chr1	52821095	32	3	8.57	1.93791	2	35	1	1	0.754869086897516	0.245130915102484
chr1	52825484	28	2	6.67	1.93791	2	30	1	2	0.119195935926494	0.880804066073505
chr1	53925289	21	2	8.7	1.93791	2	23	0	NA	NA	NA
chr1	68628708	151	9	5.62	1.93791	2	160	1	2	0.0562647560094964	0.943735245990504
chr1	100327965	28	3	9.68	1.93791	2	31	1	1	0.974955455452072	0.0250445465479278
chr1	109243782	68	3	4.23	1.93791	2	71	1	2	0.0852358422542932	0.914764159745707
chr1	110170839	28	2	6.67	1.93791	2	30	1	2	0.119195935926494	0.880804066073505
chr1	110304092	36	2	5.26	1.93791	2	38	1	2	0.0521765076821022	0.947823494317898
chr1	111894842	44	3	6.38	1.93791	2	47	1	2	0.0907818514240762	0.909218150575924
chr1	111965631	30	2	6.25	1.93791	2	32	1	2	0.0814818373957005	0.918518164604299
chr1	111986521	83	6	6.74	1.93791	2	89	1	2	0.128004646014753	0.871995355985247
chr1	117658161	27	2	6.9	1.93791	2	29	0	NA	NA	NA
chr1	142722205	204	23	10.13	1.93791	2	227	1	1	0.991909933087813	0.00809006891218667
chr1	142806586	334	19	5.38	1.93791	2	353	1	2	0.0528481629866177	0.947151839013382
chr1	142810859	234	37	13.65	1.93791	2	271	1	1	0.99999983797446	1.64025539997693e-07
chr1	142810895	211	20	8.66	1.93791	2	231	1	1	0.788101027931185	0.211898974068815
chr1	142811760	578	56	8.83	1.93791	2	634	1	1	0.84272736150216	0.15727264049784
chr1	142813004	644	57	8.13	1.93791	2	701	1	1	0.56202595864429	0.43797404335571
chr1	142813018	681	52	7.09	1.93791	2	733	1	2	0.187180237144248	0.812819764855752
chr1	142815964	728	65	8.2	1.93791	2	793	1	1	0.594647010954393	0.405352991045607
chr1	142816234	501	37	6.88	1.93791	2	538	1	2	0.148406772719135	0.851593229280866
chr1	142816262	648	45	6.49	1.93791	2	693	1	2	0.10018333159262	0.899816670407379
chr1	142816330	843	51	5.7	1.93791	2	895	1	2	0.0580510508680449	0.941948951131955
chr1	142816373	849	46	5.14	1.93791	2	895	1	2	0.0521934903403735	0.947806511659627
chr1	142816904	221	20	8.3	1.93791	2	241	1	1	0.640611877742912	0.359388124257088
chr1	142842279	28	8	22.22	1.93791	2	36	1	1	1.000000001	1.00000000000005e-09
chr1	142890954	48	5	9.43	1.93791	2	53	1	1	0.954890416210757	0.0451095857892427
chr1	143358148	29	8	21.62	1.93791	2	37	1	1	1.000000001	1.00000000000089e-09
chr1	144855963	23	2	8	1.93791	2	25	0	NA	NA	NA
chr1	145296656	45	6	11.76	1.93791	2	51	1	1	0.999921255071122	7.87469288775287e-05
chr1	148003841	52	3	5.45	1.93791	2	55	1	2	0.0535551929430306	0.946444809056969
chr1	148903745	115	18	13.53	1.93791	2	133	1	1	0.999999754180937	2.4781906321615e-07
chr1	153660656	26	2	7.14	1.93791	2	28	0	NA	NA	NA
chr1	154941797	25	2	7.41	1.93791	2	27	0	NA	NA	NA
chr1	155005926	21	2	8.7	1.93791	2	23	0	NA	NA	NA
chr1	155025103	30	2	6.25	1.93791	2	32	1	2	0.0814818373957005	0.918518164604299
chr1	155203136	18	2	10	1.93791	2	20	0	NA	NA	NA
chr1	156261769	34	2	5.56	1.93791	2	36	1	2	0.0551441050526984	0.944855896947302
chr1	158064834	38	2	5	1.93791	2	40	1	2	0.0531274869878916	0.946872515012108
chr1	160001297	21	2	8.7	1.93791	2	23	0	NA	NA	NA
chr1	160098615	35	2	5.41	1.93791	2	37	1	2	0.0531226062234655	0.946877395776534
chr1	160254959	22	2	8.33	1.93791	2	24	0	NA	NA	NA
chr1	161019398	36	2	5.26	1.93791	2	38	1	2	0.0521765076821022	0.947823494317898
chr1	161161134	25	2	7.41	1.93791	2	27	0	NA	NA	NA
chr1	162124264	27	2	6.9	1.93791	2	29	0	NA	NA	NA
chr1	162829260	36	3	7.69	1.93791	2	39	1	2	0.367815095538853	0.632184906461147
chr1	173446631	29	2	6.45	1.93791	2	31	1	2	0.0965878655313841	0.903412136468616
chr1	179069897	49	3	5.77	1.93791	2	52	1	2	0.0599017488159402	0.94009825318406
chr1	184943526	21	2	8.7	2.21576	2	23	0	NA	NA	NA
chr1	201023651	23	2	8	2.21576	2	25	0	NA	NA	NA
chr1	202104240	33	3	8.33	2.21576	2	36	1	1	0.654139975070072	0.345860026929928
chr1	202556551	71	3	4.05	2.21576	2	74	1	2	0.105285581145882	0.894714420854118
chr1	203198759	24	2	7.69	2.21576	2	26	0	NA	NA	NA
chr1	203595945	19	2	9.52	2.21576	2	21	0	NA	NA	NA
chr1	204587480	25	2	7.41	2.21576	2	27	0	NA	NA	NA
chr1	204989622	61	3	4.69	2.21576	2	64	1	2	0.059327003462976	0.940672998537024
chr1	206243286	23	2	8	2.21576	2	25	0	NA	NA	NA
chr1	206628916	88	4	4.35	2.21576	2	92	1	2	0.0756921858282598	0.92430781617174
chr1	207967515	86	9	9.47	2.21576	2	95	1	1	0.958852681751503	0.0411473202484975
chr1	217783665	41	14	25.45	2.21576	2	55	1	1	1.000000001	1e-09
chr1	222802831	68	4	5.56	2.21576	2	72	1	2	0.0551441050526984	0.944855896947302
chr1	226109758	32	2	5.88	2.21576	2	34	1	2	0.0633931574583917	0.936606844541608
chr1	228369668	22	2	8.33	2.21576	2	24	0	NA	NA	NA
chr1	228787250	106	38	26.39	2.21576	2	144	1	1	1.000000001	1e-09
chr1	247492666	23	2	8	2.15218	2	25	0	NA	NA	NA
chr1	248524975	129	6	4.44	2.15218	2	135	1	2	0.0700379880773977	0.929962013922602
chr1	248524992	138	22	13.75	2.15218	2	160	1	1	0.99999988586349	1.16136510244863e-07
chr10	3147265	23	2	8	2.04472	2	25	0	NA	NA	NA
chr10	6520937	20	2	9.09	2.04472	2	22	0	NA	NA	NA
chr10	13736001	30	2	6.25	2.04472	2	32	1	2	0.0814818373957005	0.918518164604299
chr10	18690973	21	2	8.7	2.04472	2	23	0	NA	NA	NA
chr10	24832332	64	3	4.48	2.04472	2	67	1	2	0.0678720780197002	0.9321279239803
chr10	25465219	27	2	6.9	2.04472	2	29	0	NA	NA	NA
chr10	38475322	15	7	31.82	2.04472	2	22	0	NA	NA	NA
chr10	38475472	59	9	13.24	2.04472	2	68	1	1	0.999999336472803	6.65527197291398e-07
chr10	38738707	86	5	5.49	2.04472	2	91	1	2	0.0540646129894819	0.945935389010518
chr10	38738933	23	9	28.12	2.04472	2	32	1	1	1.000000001	1e-09
chr10	38738934	23	9	28.12	2.04472	2	32	1	1	1.000000001	1e-09
chr10	47087406	59	3	4.84	2.04472	2	62	1	2	0.0555348468087571	0.944465155191243
chr10	50820533	33	2	5.71	2.04472	2	35	1	2	0.058298617417463	0.941701384582537
chr10	62648118	47	4	7.84	2.04472	2	51	1	2	0.429980899157024	0.570019102842976
chr10	71873738	24	2	7.69	2.04472	2	26	0	NA	NA	NA
chr10	73490211	25	2	7.41	2.04472	2	27	0	NA	NA	NA
chr10	75406721	30	2	6.25	2.01768	2	32	1	2	0.0814818373957005	0.918518164604299
chr10	75528563	35	2	5.41	2.01768	2	37	1	2	0.0531226062234655	0.946877395776534
chr10	79580970	23	2	8	2.01768	2	25	0	NA	NA	NA
chr10	79764619	22	2	8.33	2.01768	2	24	0	NA	NA	NA
chr10	81145483	38	2	5	2.01768	2	40	1	2	0.0531274869878916	0.946872515012108
chr10	85936244	42	2	4.55	2.01768	2	44	1	2	0.0645319054005763	0.935468096599424
chr10	86007482	27	2	6.9	2.01768	2	29	0	NA	NA	NA
chr10	96084689	64	3	4.48	2.01768	2	67	1	2	0.0678720780197002	0.9321279239803
chr10	98155159	17	3	15	2.01768	2	20	0	NA	NA	NA
chr10	98180829	38	8	17.39	2.01768	2	46	1	1	1.00000000099989	1.00010930328981e-09
chr10	102588250	30	2	6.25	2.01768	2	32	1	2	0.0814818373957005	0.918518164604299
chr10	105428474	22	3	12	2.01768	2	25	0	NA	NA	NA
chr10	105727523	43	3	6.52	2.01768	2	46	1	2	0.103020641917604	0.896979360082396
chr10	105805611	18	2	10	2.01768	2	20	0	NA	NA	NA
chr10	115541195	112	8	6.67	2.08855	2	120	1	2	0.119195935926494	0.880804066073505
chr10	125453904	33	2	5.71	2.10293	2	35	1	2	0.058298617417463	0.941701384582537
chr10	126677096	734	76	9.38	2.10293	2	810	1	1	0.949461958839125	0.0505380431608747
chr10	126677574	316	32	9.2	2.10293	2	348	1	1	0.924888905452322	0.0751110965476783
chr10	126677596	333	36	9.76	2.10293	2	369	1	1	0.979387326231811	0.0206126757681886
chr10	126677645	312	35	10.09	2.10293	2	347	1	1	0.991026572726884	0.00897342927311563
chr10	126678164	146	11	7.01	2.10293	2	157	1	2	0.171140279916247	0.828859722083753
chr10	127585328	39	7	15.22	2.10293	2	46	1	1	1.00000000044151	1.5584944794396e-09
chr10	131760535	50	3	5.66	2.10293	2	53	1	2	0.0571152576124237	0.942884744387576
chr11	209655	36	2	5.26	1.81026	2	38	1	2	0.0521765076821022	0.947823494317898
chr11	252819	45	2	4.26	1.81026	2	47	1	2	0.0826064378760501	0.91739356412395
chr11	308490	24	2	7.69	1.81026	2	26	0	NA	NA	NA
chr11	428773	30	2	6.25	1.81026	2	32	1	2	0.0814818373957005	0.918518164604299
chr11	551824	23	2	8	1.81026	2	25	0	NA	NA	NA
chr11	1016738	614	37	5.68	1.81026	2	651	1	2	0.0575723409362607	0.942427661063739
chr11	1016853	699	31	4.25	1.81026	2	729	1	2	0.0834635375766853	0.916536464423314
chr11	1016871	612	61	9.06	1.81026	2	673	1	1	0.899349158034422	0.100650843965578
chr11	1016892	507	56	9.95	1.81026	2	563	1	1	0.987162944025034	0.0128370579749657
chr11	1016900	519	25	4.6	1.81026	2	543	1	2	0.0624632086174644	0.937536793382535
chr11	1016905	515	25	4.63	1.81026	2	540	1	2	0.0613377398320963	0.938662262167904
chr11	1016908	467	53	10.19	1.81026	2	520	1	1	0.993081977622261	0.00691802437773936
chr11	1017466	246	30	10.87	1.81026	2	276	1	1	0.998916892878242	0.00108310912175839
chr11	1017485	271	15	5.24	1.81026	2	286	1	2	0.0521310172571662	0.947868984742834
chr11	1017921	388	49	11.21	1.81026	2	437	1	1	0.999592343681992	0.00040765831800752
chr11	1278478	27	2	6.9	1.81026	2	29	0	NA	NA	NA
chr11	2416155	20	3	13.04	1.81026	2	23	0	NA	NA	NA
chr11	2604767	20	3	13.04	1.81026	2	23	0	NA	NA	NA
chr11	2720713	17	3	15	1.81026	2	20	0	NA	NA	NA
chr11	3845295	20	2	9.09	1.81026	2	22	0	NA	NA	NA
chr11	6417496	19	2	9.52	1.81026	2	21	0	NA	NA	NA
chr11	34168280	38	15	28.3	1.84331	2	53	1	1	1.000000001	1e-09
chr11	34168281	37	15	28.85	1.84331	2	52	1	1	1.000000001	1e-09
chr11	34175760	21	2	8.7	1.84331	2	23	0	NA	NA	NA
chr11	46744942	20	2	9.09	1.84331	2	22	0	NA	NA	NA
chr11	47183398	29	2	6.45	1.84331	2	31	1	2	0.0965878655313841	0.903412136468616
chr11	47312281	48	2	4	1.84331	2	50	1	2	0.112439651231344	0.887560350768655
chr11	47345951	29	2	6.45	1.84331	2	31	1	2	0.0965878655313841	0.903412136468616
chr11	47353138	31	2	6.06	1.84331	2	33	1	2	0.070836843761015	0.929163158238985
chr11	48171623	67	13	16.25	1.84331	2	80	1	1	1.00000000098934	1.01066016080462e-09
chr11	48387580	33	8	19.51	1.84331	2	41	1	1	1.000000001	1.00000001309029e-09
chr11	48387582	31	8	20.51	1.84331	2	39	1	1	1.000000001	1.00000000014887e-09
chr11	57466314	43	2	4.44	1.84331	2	45	1	2	0.0700379880773977	0.929962013922602
chr11	58338036	43	3	6.52	1.84331	2	46	1	2	0.103020641917604	0.896979360082396
chr11	59603509	24	2	7.69	1.84331	2	26	0	NA	NA	NA
chr11	60892643	20	2	9.09	1.84331	2	22	0	NA	NA	NA
chr11	60898691	43	3	6.52	1.84331	2	46	1	2	0.103020641917604	0.896979360082396
chr11	62397980	19	2	9.52	1.84331	2	21	0	NA	NA	NA
chr11	62752379	27	2	6.9	1.84331	2	29	0	NA	NA	NA
chr11	63399449	22	2	8.33	1.84331	2	24	0	NA	NA	NA
chr11	63529572	26	2	7.14	1.84331	2	28	0	NA	NA	NA
chr11	63668269	35	2	5.41	1.84331	2	37	1	2	0.0531226062234655	0.946877395776534
chr11	63682739	30	2	6.25	1.84331	2	32	1	2	0.0814818373957005	0.918518164604299
chr11	63765673	17	2	10.53	1.84331	2	19	0	NA	NA	NA
chr11	64021984	22	2	8.33	1.84331	2	24	0	NA	NA	NA
chr11	64756473	29	2	6.45	1.84331	2	31	1	2	0.0965878655313841	0.903412136468616
chr11	65146937	37	2	5.13	1.84331	2	39	1	2	0.0522267687758654	0.947773233224135
chr11	65413832	28	2	6.67	1.84331	2	30	1	2	0.119195935926494	0.880804066073505
chr11	65429160	21	2	8.7	1.84331	2	23	0	NA	NA	NA
chr11	66102471	19	2	9.52	1.84331	2	21	0	NA	NA	NA
chr11	66358016	20	2	9.09	1.84331	2	22	0	NA	NA	NA
chr11	66384070	18	2	10	1.84331	2	20	0	NA	NA	NA
chr11	66461817	18	2	10	1.84331	2	20	0	NA	NA	NA
chr11	67223777	23	2	8	1.84331	2	25	0	NA	NA	NA
chr11	67790112	27	2	6.9	1.84331	2	29	0	NA	NA	NA
chr11	67820959	39	2	4.88	1.84331	2	41	1	2	0.0547870986450677	0.945212903354932
chr11	72424333	23	2	8	1.84331	2	25	0	NA	NA	NA
chr11	73102295	30	2	6.25	1.84331	2	32	1	2	0.0814818373957005	0.918518164604299
chr11	73686606	29	2	6.45	1.84331	2	31	1	2	0.0965878655313841	0.903412136468616
chr11	75898199	22	2	8.33	1.84331	2	24	0	NA	NA	NA
chr11	76829277	20	2	9.09	1.84331	2	22	0	NA	NA	NA
chr11	85418449	42	3	6.67	1.84331	2	45	1	2	0.119195935926494	0.880804066073505
chr11	89424579	30	2	6.25	0.972857	1	32	1	NA	NA	NA
chr11	89534173	24	4	14.29	1.90739	2	28	0	NA	NA	NA
chr11	94599263	23	2	8	1.90739	2	25	0	NA	NA	NA
chr11	102650322	22	2	8.33	1.90739	2	24	0	NA	NA	NA
chr11	107663382	41	2	4.65	1.90739	2	43	1	2	0.0606329081625563	0.939367093837444
chr11	111779468	42	3	6.67	1.90739	2	45	1	2	0.119195935926494	0.880804066073505
chr11	113723242	35	6	14.63	1.90739	2	41	1	1	0.999999996029708	5.97029208758244e-09
chr11	117283054	31	2	6.06	1.90739	2	33	1	2	0.070836843761015	0.929163158238985
chr11	117973900	20	2	9.09	1.90739	2	22	0	NA	NA	NA
chr11	118454625	31	2	6.06	1.90739	2	33	1	2	0.070836843761015	0.929163158238985
chr11	118764796	29	2	6.45	1.90739	2	31	1	2	0.0965878655313841	0.903412136468616
chr11	118963140	38	2	5	1.90739	2	40	1	2	0.0531274869878916	0.946872515012108
chr11	119064441	22	2	8.33	1.90739	2	24	0	NA	NA	NA
chr11	124766469	39	2	4.88	1.92639	2	41	1	2	0.0547870986450677	0.945212903354932
chr11	130101870	115	13	10.16	1.92639	2	128	1	1	0.992517695125703	0.00748230687429679
chr11	130275900	23	2	8	1.92639	2	25	0	NA	NA	NA
chr12	2922001	24	2	7.69	1.89107	2	26	0	NA	NA	NA
chr12	6761502	26	2	7.14	1.89107	2	28	0	NA	NA	NA
chr12	8248690	41	3	6.82	1.89107	2	44	1	2	0.139181052984149	0.860818949015851
chr12	10853951	21	2	8.7	1.89107	2	23	0	NA	NA	NA
chr12	10865904	25	2	7.41	1.89107	2	27	0	NA	NA	NA
chr12	15070068	30	2	6.25	1.89107	2	32	1	2	0.0814818373957005	0.918518164604299
chr12	29937458	36	2	5.26	1.89107	2	38	1	2	0.0521765076821022	0.947823494317898
chr12	31147481	19	2	9.52	1.89107	2	21	0	NA	NA	NA
chr12	31586069	20	2	9.09	1.89107	2	22	0	NA	NA	NA
chr12	42480005	63	7	10	1.89107	2	70	1	1	0.988694357513733	0.0113056444862674
chr12	42499627	17	4	19.05	1.89107	2	21	0	NA	NA	NA
chr12	48741103	28	2	6.67	1.89107	2	30	1	2	0.119195935926494	0.880804066073505
chr12	49463569	22	2	8.33	1.89107	2	24	0	NA	NA	NA
chr12	50197765	25	2	7.41	1.89107	2	27	0	NA	NA	NA
chr12	50505914	29	3	9.38	1.89107	2	32	1	1	0.949461958839125	0.0505380431608747
chr12	50746022	101	10	9.01	1.89107	2	111	1	1	0.888666535785792	0.111333466214208
chr12	51678611	30	3	9.09	1.89107	2	33	1	1	0.905350534742064	0.0946494672579359
chr12	52604676	31	2	6.06	1.89107	2	33	1	2	0.070836843761015	0.929163158238985
chr12	52682172	32	2	5.88	1.89107	2	34	1	2	0.0633931574583917	0.936606844541608
chr12	52760909	49	2	3.92	1.89107	2	51	1	2	0.125697588615647	0.874302413384353
chr12	52773629	43	3	6.52	1.89107	2	46	1	2	0.103020641917604	0.896979360082396
chr12	53680390	18	2	10	1.89107	2	20	0	NA	NA	NA
chr12	53722507	19	2	9.52	1.89107	2	21	0	NA	NA	NA
chr12	53879871	18	2	10	1.89107	2	20	0	NA	NA	NA
chr12	54792424	37	2	5.13	1.89107	2	39	1	2	0.0522267687758654	0.947773233224135
chr12	54955283	41	2	4.65	1.89107	2	43	1	2	0.0606329081625563	0.939367093837444
chr12	56816018	29	2	6.45	1.89107	2	31	1	2	0.0965878655313841	0.903412136468616
chr12	57389460	20	2	9.09	1.89107	2	22	0	NA	NA	NA
chr12	57595625	21	2	8.7	1.89107	2	23	0	NA	NA	NA
chr12	57866266	30	3	9.09	1.89107	2	33	1	1	0.905350534742064	0.0946494672579359
chr12	57922985	28	2	6.67	1.89107	2	30	1	2	0.119195935926494	0.880804066073505
chr12	58024750	35	2	5.41	1.89107	2	37	1	2	0.0531226062234655	0.946877395776534
chr12	58216922	71	12	14.46	1.89107	2	83	1	1	0.99999999177606	1.02239401267579e-08
chr12	58216938	103	12	10.43	1.89107	2	115	1	1	0.996345421343263	0.00365458065673708
chr12	58217256	25	6	19.35	1.89107	2	31	1	1	1.000000001	1.00000002645724e-09
chr12	63545191	57	3	5	1.89107	2	60	1	2	0.0531274869878916	0.946872515012108
chr12	68725000	63	3	4.55	1.89107	2	66	1	2	0.0645319054005763	0.935468096599424
chr12	83358871	29	4	12.12	1.89107	2	33	1	1	0.999974209176359	2.57928236410533e-05
chr12	101748799	28	2	6.67	1.77498	2	30	1	2	0.119195935926494	0.880804066073505
chr12	101755715	19	2	9.52	1.77498	2	21	0	NA	NA	NA
chr12	104054194	46	3	6.12	1.77498	2	49	1	2	0.0738595465450078	0.926140455454992
chr12	108006682	19	2	9.52	1.77498	2	21	0	NA	NA	NA
chr12	108985466	20	2	9.09	1.77498	2	22	0	NA	NA	NA
chr12	110383029	38	2	5	1.77498	2	40	1	2	0.0531274869878916	0.946872515012108
chr12	110788026	34	5	12.82	1.77498	2	39	1	1	0.999997296057743	2.70594225690205e-06
chr12	113403638	34	2	5.56	1.77498	2	36	1	2	0.0551441050526984	0.944855896947302
chr12	113865826	27	2	6.9	1.77498	2	29	0	NA	NA	NA
chr12	113875866	18	2	10	1.77498	2	20	0	NA	NA	NA
chr12	117650969	22	2	8.33	1.77498	2	24	0	NA	NA	NA
chr12	117652998	46	2	4.17	1.77498	2	48	1	2	0.0910498972977693	0.908950104702231
chr12	122079596	19	2	9.52	1.77498	2	21	0	NA	NA	NA
chr12	122750995	22	2	8.33	1.77498	2	24	0	NA	NA	NA
chr12	131498914	37	2	5.13	1.77498	2	39	1	2	0.0522267687758654	0.947773233224135
chr12	132241002	19	2	9.52	1.77498	2	21	0	NA	NA	NA
chr12	132426037	26	3	10.34	1.77498	2	29	0	NA	NA	NA
chr12	133384635	20	2	9.09	1.77498	2	22	0	NA	NA	NA
chr13	19428908	71	14	16.47	2.01587	2	85	1	1	1.00000000099553	1.00447477252717e-09
chr13	24823880	37	2	5.13	2.01587	2	39	1	2	0.0522267687758654	0.947773233224135
chr13	52325419	33	2	5.71	2.01601	2	35	1	2	0.058298617417463	0.941701384582537
chr13	52960212	44	3	6.38	2.01601	2	47	1	2	0.0907818514240762	0.909218150575924
chr13	99102851	27	2	6.9	2.01601	2	29	0	NA	NA	NA
chr13	100038304	25	2	7.41	2.01601	2	27	0	NA	NA	NA
chr13	100199331	46	2	4.17	2.01601	2	48	1	2	0.0910498972977693	0.908950104702231
chr13	111372034	24	2	7.69	2.01601	2	26	0	NA	NA	NA
chr14	19378020	405	56	12.15	2.21085	2	461	1	1	0.999976532162617	2.34698373831697e-05
chr14	19585383	226	17	7	1.90594	2	243	1	2	0.169249481675918	0.830750520324081
chr14	23417171	45	2	4.26	1.90594	2	47	1	2	0.0826064378760501	0.91739356412395
chr14	23870215	42	2	4.55	1.90594	2	44	1	2	0.0645319054005763	0.935468096599424
chr14	24610215	29	2	6.45	1.90594	2	31	1	2	0.0965878655313841	0.903412136468616
chr14	24707564	32	3	8.57	1.90594	2	35	1	1	0.754869086897516	0.245130915102484
chr14	24736143	19	2	9.52	1.90594	2	21	0	NA	NA	NA
chr14	24739530	20	2	9.09	1.90594	2	22	0	NA	NA	NA
chr14	39684828	28	2	6.67	1.96919	2	30	1	2	0.119195935926494	0.880804066073505
chr14	45603619	18	2	10	1.96919	2	20	0	NA	NA	NA
chr14	50143986	23	2	8	1.96919	2	25	0	NA	NA	NA
chr14	65213216	30	2	6.25	1.96919	2	32	1	2	0.0814818373957005	0.918518164604299
chr14	67688513	95	9	8.65	1.96919	2	104	1	1	0.784550688302159	0.21544931369784
chr14	70245972	57	3	5	1.96919	2	60	1	2	0.0531274869878916	0.946872515012108
chr14	73729453	22	2	8.33	1.96919	2	24	0	NA	NA	NA
chr14	73745979	38	3	7.32	1.96919	2	41	1	2	0.243206067694332	0.756793934305668
chr14	73958467	22	2	8.33	1.96919	2	24	0	NA	NA	NA
chr14	74983678	30	2	6.25	1.96919	2	32	1	2	0.0814818373957005	0.918518164604299
chr14	75518138	21	2	8.7	1.96919	2	23	0	NA	NA	NA
chr14	76045675	31	2	6.06	1.96919	2	33	1	2	0.070836843761015	0.929163158238985
chr14	77236281	20	2	9.09	1.96919	2	22	0	NA	NA	NA
chr14	90864815	30	2	6.25	1.96919	2	32	1	2	0.0814818373957005	0.918518164604299
chr14	94467528	20	2	9.09	1.96919	2	22	0	NA	NA	NA
chr14	94595543	32	2	5.88	1.96919	2	34	1	2	0.0633931574583917	0.936606844541608
chr14	96852646	72	8	10	1.96919	2	80	1	1	0.988694357513733	0.0113056444862674
chr14	100595948	29	2	6.45	1.96919	2	31	1	2	0.0965878655313841	0.903412136468616
chr14	105415333	126	12	8.7	1.96919	2	138	1	1	0.801934834458304	0.198065167541696
chr14	105911776	26	2	7.14	1.96919	2	28	0	NA	NA	NA
chr15	28519499	19	2	9.52	2.05181	2	21	0	NA	NA	NA
chr15	34109083	61	6	8.96	2.05181	2	67	1	1	0.877103709120035	0.122896292879965
chr15	34629835	19	2	9.52	2.05181	2	21	0	NA	NA	NA
chr15	40632221	20	2	9.09	2.05181	2	22	0	NA	NA	NA
chr15	41145670	31	2	6.06	1.97561	2	33	1	2	0.070836843761015	0.929163158238985
chr15	41643296	28	2	6.67	1.97561	2	30	1	2	0.119195935926494	0.880804066073505
chr15	42172039	40	2	4.76	1.97561	2	42	1	2	0.0573521430786726	0.942647858921327
chr15	43025474	14	5	26.32	1.97561	2	19	0	NA	NA	NA
chr15	43818865	40	2	4.76	1.97561	2	42	1	2	0.0573521430786726	0.942647858921327
chr15	44961822	62	3	4.62	1.97561	2	65	1	2	0.06170364280486	0.93829635919514
chr15	51973740	34	2	5.56	2.0188	2	36	1	2	0.0551441050526984	0.944855896947302
chr15	52263973	32	2	5.88	2.0188	2	34	1	2	0.0633931574583917	0.936606844541608
chr15	52970847	26	2	7.14	2.0188	2	28	0	NA	NA	NA
chr15	65157744	31	2	6.06	2.0188	2	33	1	2	0.070836843761015	0.929163158238985
chr15	65917722	39	2	4.88	2.0188	2	41	1	2	0.0547870986450677	0.945212903354932
chr15	74425143	19	2	9.52	2.0188	2	21	0	NA	NA	NA
chr15	74487483	63	3	4.55	2.0188	2	66	1	2	0.0645319054005763	0.935468096599424
chr15	75042094	24	2	7.69	2.0188	2	26	0	NA	NA	NA
chr15	75042144	46	2	4.17	2.0188	2	48	1	2	0.0910498972977693	0.908950104702231
chr15	75645041	19	2	9.52	2.0188	2	21	0	NA	NA	NA
chr15	75949571	38	2	5	2.0188	2	40	1	2	0.0531274869878916	0.946872515012108
chr15	76075793	41	2	4.65	2.0188	2	43	1	2	0.0606329081625563	0.939367093837444
chr15	78911096	59	3	4.84	2.0188	2	62	1	2	0.0555348468087571	0.944465155191243
chr15	79229811	27	3	10	2.0188	2	30	1	1	0.988694357513733	0.0113056444862674
chr15	83659316	25	4	13.79	2.02006	2	29	0	NA	NA	NA
chr15	84850838	42	9	17.65	2.02006	2	51	1	1	1.00000000099996	1.00003740084199e-09
chr15	85055810	602	37	5.79	2.02006	2	639	1	2	0.0604821124506847	0.939517889549315
chr15	85055811	618	35	5.36	2.02006	2	653	1	2	0.0526889002006612	0.947311101799339
chr15	85346157	28	2	6.67	2.02006	2	30	1	2	0.119195935926494	0.880804066073505
chr15	85788576	21	6	22.22	2.02006	2	27	0	NA	NA	NA
chr15	90374476	26	6	18.75	2.02006	2	32	1	1	1.000000001	1.00000035876206e-09
chr15	90610594	20	2	9.09	2.02006	2	22	0	NA	NA	NA
chr15	93043641	59	3	4.84	2.02006	2	62	1	2	0.0555348468087571	0.944465155191243
chr15	101562615	22	2	8.33	2.02006	2	24	0	NA	NA	NA
chr16	432545	19	2	9.52	1.96769	2	21	0	NA	NA	NA
chr16	449633	20	2	9.09	1.96769	2	22	0	NA	NA	NA
chr16	703712	22	2	8.33	1.96769	2	24	0	NA	NA	NA
chr16	781009	30	2	6.25	1.96769	2	32	1	2	0.0814818373957005	0.918518164604299
chr16	1812745	39	2	4.88	1.96769	2	41	1	2	0.0547870986450677	0.945212903354932
chr16	2240130	19	2	9.52	1.96769	2	21	0	NA	NA	NA
chr16	3606869	29	2	6.45	1.96769	2	31	1	2	0.0965878655313841	0.903412136468616
chr16	4745746	48	3	5.88	1.96769	2	51	1	2	0.0633931574583917	0.936606844541608
chr16	4838341	38	2	5	1.96769	2	40	1	2	0.0531274869878916	0.946872515012108
chr16	4847754	28	3	9.68	1.96769	2	31	1	1	0.974955455452072	0.0250445465479278
chr16	4920355	35	2	5.41	1.96769	2	37	1	2	0.0531226062234655	0.946877395776534
chr16	10996008	25	2	7.41	1.96769	2	27	0	NA	NA	NA
chr16	14014170	18	2	10	1.96769	2	20	0	NA	NA	NA
chr16	15950873	23	2	8	1.96769	2	25	0	NA	NA	NA
chr16	16460697	19	2	9.52	1.96769	2	21	0	NA	NA	NA
chr16	17294390	24	2	7.69	1.96769	2	26	0	NA	NA	NA
chr16	18849363	19	2	9.52	1.96769	2	21	0	NA	NA	NA
chr16	18849476	33	2	5.71	1.96769	2	35	1	2	0.058298617417463	0.941701384582537
chr16	20372035	38	5	11.63	1.96769	2	43	1	1	0.999883060621915	0.00011694137808486
chr16	20430594	33	2	5.71	1.96769	2	35	1	2	0.058298617417463	0.941701384582537
chr16	27078516	37	2	5.13	1.96769	2	39	1	2	0.0522267687758654	0.947773233224135
chr16	27374150	34	2	5.56	1.96769	2	36	1	2	0.0551441050526984	0.944855896947302
chr16	29496758	172	10	5.49	1.96769	2	182	1	2	0.0540646129894819	0.945935389010518
chr16	29496872	271	51	15.84	1.96769	2	322	1	1	1.00000000094736	1.05263658577453e-09
chr16	29496932	185	11	5.61	1.96769	2	196	1	2	0.056065188217374	0.943934813782626
chr16	29496989	80	5	5.88	1.96769	2	85	1	2	0.0633931574583917	0.936606844541608
chr16	29883761	47	2	4.08	1.96769	2	49	1	2	0.101362075675664	0.898637926324336
chr16	29897012	27	2	6.9	1.96769	2	29	0	NA	NA	NA
chr16	29907200	31	2	6.06	1.96769	2	33	1	2	0.070836843761015	0.929163158238985
chr16	30677941	25	2	7.41	1.96769	2	27	0	NA	NA	NA
chr16	30740895	20	2	9.09	1.96769	2	22	0	NA	NA	NA
chr16	30768196	24	2	7.69	1.96769	2	26	0	NA	NA	NA
chr16	30795023	40	2	4.76	1.96769	2	42	1	2	0.0573521430786726	0.942647858921327
chr16	31000130	29	2	6.45	1.96769	2	31	1	2	0.0965878655313841	0.903412136468616
chr16	32437171	124	9	6.77	1.96769	2	133	1	2	0.132051550322731	0.867948451677269
chr16	32437181	115	9	7.26	1.96769	2	124	1	2	0.22708386777326	0.77291613422674
chr16	32437217	90	9	9.09	1.96769	2	99	1	1	0.905350534742064	0.0946494672579359
chr16	33537373	103	6	5.5	1.96769	2	109	1	2	0.0542040820845801	0.94579591991542
chr16	33539587	147	18	10.91	1.96769	2	165	1	1	0.999032938469182	0.000967063530817493
chr16	33784770	32	2	5.88	1.96769	2	34	1	2	0.0633931574583917	0.936606844541608
chr16	48239301	24	2	7.69	1.96769	2	26	0	NA	NA	NA
chr16	50060363	57	12	17.39	1.96769	2	69	1	1	1.00000000099989	1.00010930328981e-09
chr16	56686654	20	2	9.09	1.96769	2	22	0	NA	NA	NA
chr16	56996018	24	2	7.69	1.96769	2	26	0	NA	NA	NA
chr16	57714325	29	2	6.45	1.96769	2	31	1	2	0.0965878655313841	0.903412136468616
chr16	57800898	29	2	6.45	1.96769	2	31	1	2	0.0965878655313841	0.903412136468616
chr16	57806269	40	2	4.76	1.96769	2	42	1	2	0.0573521430786726	0.942647858921327
chr16	58540568	40	2	4.76	1.96769	2	42	1	2	0.0573521430786726	0.942647858921327
chr16	58706032	38	2	5	1.96769	2	40	1	2	0.0531274869878916	0.946872515012108
chr16	66413341	21	2	8.7	1.96769	2	23	0	NA	NA	NA
chr16	67913683	19	2	9.52	1.96769	2	21	0	NA	NA	NA
chr16	67984352	20	2	9.09	1.96769	2	22	0	NA	NA	NA
chr16	68389707	28	2	6.67	1.96769	2	30	1	2	0.119195935926494	0.880804066073505
chr16	69067948	29	2	6.45	1.96769	2	31	1	2	0.0965878655313841	0.903412136468616
chr16	69997456	39	3	7.14	1.96769	2	42	1	2	0.198065985060668	0.801934016939332
chr16	70182249	28	4	12.5	1.96769	2	32	1	1	0.999992314957591	7.68704240905622e-06
chr16	72032247	23	2	8	1.87332	2	25	0	NA	NA	NA
chr16	74425732	72	6	7.69	1.87332	2	78	1	2	0.367815095538853	0.632184906461147
chr16	85120188	18	2	10	1.87332	2	20	0	NA	NA	NA
chr16	87742920	18	2	10	1.87332	2	20	0	NA	NA	NA
chr16	88779819	22	2	8.33	1.87332	2	24	0	NA	NA	NA
chr16	88782346	18	2	10	1.87332	2	20	0	NA	NA	NA
chr16	89178474	21	3	12.5	1.87332	2	24	0	NA	NA	NA
chr16	89762373	18	2	10	1.87332	2	20	0	NA	NA	NA
chr16	89773609	27	2	6.9	1.87332	2	29	0	NA	NA	NA
chr16	89949962	28	2	6.67	1.87332	2	30	1	2	0.119195935926494	0.880804066073505
chr16	90235014	114	8	6.56	1.87332	2	122	1	2	0.107000356689842	0.892999645310158
chr16	90235030	121	9	6.92	1.87332	2	130	1	2	0.154987190285372	0.845012811714628
chr17	416804	66	3	4.35	1.66059	NA	69	1	NA	NA	NA
chr17	417228	63	8	11.27	1.66059	NA	71	1	NA	NA	NA
chr17	417688	88	15	14.56	1.66059	NA	103	1	NA	NA	NA
chr17	417689	87	14	13.86	1.66059	NA	101	1	NA	NA	NA
chr17	1481545	32	2	5.88	1.66059	NA	34	1	NA	NA	NA
chr17	1641067	22	2	8.33	1.66059	NA	24	0	NA	NA	NA
chr17	1690725	18	2	10	1.66059	NA	20	0	NA	NA	NA
chr17	2203134	20	2	9.09	1.66059	NA	22	0	NA	NA	NA
chr17	2298319	25	2	7.41	1.66059	NA	27	0	NA	NA	NA
chr17	3807362	23	2	8	1.66059	NA	25	0	NA	NA	NA
chr17	4578261	19	2	9.52	1.66059	NA	21	0	NA	NA	NA
chr17	4689342	18	2	10	1.66059	NA	20	0	NA	NA	NA
chr17	4863205	21	2	8.7	1.66059	NA	23	0	NA	NA	NA
chr17	4863209	22	2	8.33	1.66059	NA	24	0	NA	NA	NA
chr17	5983851	24	2	7.69	1.66059	NA	26	0	NA	NA	NA
chr17	6927553	31	2	6.06	1.66059	NA	33	1	NA	NA	NA
chr17	7231170	20	2	9.09	1.66059	NA	22	0	NA	NA	NA
chr17	7749548	45	2	4.26	1.66059	NA	47	1	NA	NA	NA
chr17	7843432	24	2	7.69	1.66059	NA	26	0	NA	NA	NA
chr17	8159179	40	2	4.76	1.66059	NA	42	1	NA	NA	NA
chr17	8168927	47	2	4.08	1.66059	NA	49	1	NA	NA	NA
chr17	8192715	40	2	4.76	1.66059	NA	42	1	NA	NA	NA
chr17	8438706	20	2	9.09	1.66059	NA	22	0	NA	NA	NA
chr17	8797028	19	2	9.52	1.66059	NA	21	0	NA	NA	NA
chr17	9815309	34	2	5.56	1.66059	NA	36	1	NA	NA	NA
chr17	15608063	18	2	10	1.66059	NA	20	0	NA	NA	NA
chr17	17118645	20	2	9.09	1.66059	NA	22	0	NA	NA	NA
chr17	18003051	18	2	10	1.66059	NA	20	0	NA	NA	NA
chr17	18047240	23	2	8	1.66059	NA	25	0	NA	NA	NA
chr17	18135997	22	2	8.33	1.66059	NA	24	0	NA	NA	NA
chr17	18152028	49	2	3.92	1.66059	NA	51	1	NA	NA	NA
chr17	19287968	30	2	6.25	1.66059	NA	32	1	NA	NA	NA
chr17	19316878	25	2	7.41	1.66059	NA	27	0	NA	NA	NA
chr17	20407741	18	2	10	1.66059	NA	20	0	NA	NA	NA
chr17	20799441	36	2	5.26	1.66059	NA	38	1	NA	NA	NA
chr17	21146063	23	2	8	1.66059	NA	25	0	NA	NA	NA
chr17	21320225	41	2	4.65	1.66059	NA	43	1	NA	NA	NA
chr17	25758095	35	2	5.41	1.66059	NA	37	1	NA	NA	NA
chr17	27209366	19	2	9.52	1.66059	NA	21	0	NA	NA	NA
chr17	28882465	49	2	3.92	1.66059	NA	51	1	NA	NA	NA
chr17	28886069	19	2	9.52	1.66059	NA	21	0	NA	NA	NA
chr17	29192747	50	11	18.03	1.66059	NA	61	1	NA	NA	NA
chr17	30981609	30	2	6.25	1.66059	NA	32	1	NA	NA	NA
chr17	32959942	29	2	6.45	1.66059	NA	31	1	NA	NA	NA
chr17	33463144	31	2	6.06	1.66059	NA	33	1	NA	NA	NA
chr17	33463488	27	2	6.9	1.66059	NA	29	0	NA	NA	NA
chr17	37901780	23	2	8	1.66059	NA	25	0	NA	NA	NA
chr17	39274205	76	8	9.52	1.66059	NA	84	1	NA	NA	NA
chr17	39324237	46	4	8	1.66059	NA	50	1	NA	NA	NA
chr17	39567679	18	2	10	1.66059	NA	20	0	NA	NA	NA
chr17	40025076	26	2	7.14	1.66059	NA	28	0	NA	NA	NA
chr17	40039469	21	2	8.7	1.66059	NA	23	0	NA	NA	NA
chr17	40052911	20	2	9.09	1.66059	NA	22	0	NA	NA	NA
chr17	40054918	23	2	8	1.66059	NA	25	0	NA	NA	NA
chr17	40177533	44	2	4.35	1.66059	NA	46	1	NA	NA	NA
chr17	40328134	31	2	6.06	1.66059	NA	33	1	NA	NA	NA
chr17	40818212	27	2	6.9	1.66059	NA	29	0	NA	NA	NA
chr17	42327565	25	2	7.41	1.66059	NA	27	0	NA	NA	NA
chr17	43508643	23	2	8	1.66059	NA	25	0	NA	NA	NA
chr17	44104089	22	2	8.33	1.66059	NA	24	0	NA	NA	NA
chr17	45018190	46	3	6.12	1.66059	NA	49	1	NA	NA	NA
chr17	45214468	213	13	5.75	1.66059	NA	226	1	NA	NA	NA
chr17	45214558	723	79	9.85	1.66059	NA	802	1	NA	NA	NA
chr17	45214564	746	68	8.35	1.66059	NA	814	1	NA	NA	NA
chr17	45214604	513	26	4.82	1.66059	NA	539	1	NA	NA	NA
chr17	45214606	487	46	8.63	1.66059	NA	533	1	NA	NA	NA
chr17	45214636	423	34	7.44	1.66059	NA	457	1	NA	NA	NA
chr17	45214661	456	19	4	1.66059	NA	475	1	NA	NA	NA
chr17	45214690	359	35	8.88	1.66059	NA	394	1	NA	NA	NA
chr17	45214698	333	16	4.58	1.66059	NA	349	1	NA	NA	NA
chr17	45214708	306	13	4.08	1.66059	NA	319	1	NA	NA	NA
chr17	45221261	43	9	17.31	1.66059	NA	52	1	NA	NA	NA
chr17	45221281	40	9	18.37	1.66059	NA	49	1	NA	NA	NA
chr17	45221301	50	6	10.71	1.66059	NA	56	1	NA	NA	NA
chr17	45221307	48	5	9.43	1.66059	NA	53	1	NA	NA	NA
chr17	45221313	44	5	10.2	1.66059	NA	49	1	NA	NA	NA
chr17	46034959	23	2	8	1.66059	NA	25	0	NA	NA	NA
chr17	46135960	27	2	6.9	1.66059	NA	29	0	NA	NA	NA
chr17	48557375	20	2	9.09	1.66059	NA	22	0	NA	NA	NA
chr17	48616561	19	2	9.52	1.66059	NA	21	0	NA	NA	NA
chr17	56404191	20	2	9.09	1.66059	NA	22	0	NA	NA	NA
chr17	57475669	59	3	4.84	1.66059	NA	62	1	NA	NA	NA
chr17	59942779	42	3	6.67	1.66059	NA	45	1	NA	NA	NA
chr17	61561764	20	2	9.09	1.66059	NA	22	0	NA	NA	NA
chr17	67078991	20	2	9.09	1.66059	NA	22	0	NA	NA	NA
chr17	70732804	30	2	6.25	1.66059	NA	32	1	NA	NA	NA
chr17	71418428	17	2	10.53	1.66059	NA	19	0	NA	NA	NA
chr17	72207711	21	3	12.5	1.66059	NA	24	0	NA	NA	NA
chr17	72588805	35	2	5.41	1.66059	NA	37	1	NA	NA	NA
chr17	73944419	38	2	5	1.66059	NA	40	1	NA	NA	NA
chr17	74945214	19	2	9.52	1.67388	NA	21	0	NA	NA	NA
chr17	76122842	25	2	7.41	1.67388	NA	27	0	NA	NA	NA
chr17	76486795	22	2	8.33	1.67388	NA	24	0	NA	NA	NA
chr17	76851497	22	2	8.33	1.67388	NA	24	0	NA	NA	NA
chr17	77755891	38	2	5	1.67388	NA	40	1	NA	NA	NA
chr17	78021140	18	2	10	1.67388	NA	20	0	NA	NA	NA
chr17	78039280	26	2	7.14	1.67388	NA	28	0	NA	NA	NA
chr17	78084735	48	2	4	1.67388	NA	50	1	NA	NA	NA
chr17	79006145	48	2	4	1.67388	NA	50	1	NA	NA	NA
chr17	79662980	23	2	8	1.67388	NA	25	0	NA	NA	NA
chr17	79986599	20	2	9.09	1.67388	NA	22	0	NA	NA	NA
chr17	79990372	20	2	9.09	1.67388	NA	22	0	NA	NA	NA
chr17	80047251	40	2	4.76	1.67388	NA	42	1	NA	NA	NA
chr17	80369454	20	2	9.09	1.67388	NA	22	0	NA	NA	NA
chr18	109114	29	3	9.38	1.895	2	32	1	1	0.949461958839125	0.0505380431608747
chr18	109275	18	5	21.74	1.895	2	23	0	NA	NA	NA
chr18	109286	21	2	8.7	1.895	2	23	0	NA	NA	NA
chr18	109326	15	7	31.82	1.895	2	22	0	NA	NA	NA
chr18	2890590	39	3	7.14	1.895	2	42	1	2	0.198065985060668	0.801934016939332
chr18	6966164	24	2	7.69	1.895	2	26	0	NA	NA	NA
chr18	20839316	20	2	9.09	1.895	2	22	0	NA	NA	NA
chr18	21407387	32	2	5.88	1.895	2	34	1	2	0.0633931574583917	0.936606844541608
chr18	21441590	18	3	14.29	1.895	2	21	0	NA	NA	NA
chr18	21742711	63	5	7.35	1.895	2	68	1	2	0.251686237748886	0.748313764251114
chr18	43502502	25	2	7.41	1.95396	2	27	0	NA	NA	NA
chr18	47813248	20	2	9.09	1.95396	2	22	0	NA	NA	NA
chr18	47814082	27	2	6.9	1.95396	2	29	0	NA	NA	NA
chr18	51058333	67	7	9.46	1.95396	2	74	1	1	0.957892465550163	0.0421075364498364
chr18	60647424	32	2	5.88	1.95396	2	34	1	2	0.0633931574583917	0.936606844541608
chr18	77806203	29	2	6.45	1.95396	2	31	1	2	0.0965878655313841	0.903412136468616
chr19	649648	21	2	8.7	1.8025	2	23	0	NA	NA	NA
chr19	649856	19	4	17.39	1.8025	2	23	0	NA	NA	NA
chr19	649859	18	4	18.18	1.8025	2	22	0	NA	NA	NA
chr19	848109	20	2	9.09	1.8025	2	22	0	NA	NA	NA
chr19	1041407	25	2	7.41	1.8025	2	27	0	NA	NA	NA
chr19	1073726	22	2	8.33	1.8025	2	24	0	NA	NA	NA
chr19	3543251	18	2	10	1.8025	2	20	0	NA	NA	NA
chr19	4360463	38	2	5	1.8025	2	40	1	2	0.0531274869878916	0.946872515012108
chr19	5220393	33	2	5.71	1.8025	2	35	1	2	0.058298617417463	0.941701384582537
chr19	5576961	35	5	12.5	1.8025	2	40	1	1	0.999992314957591	7.68704240905622e-06
chr19	6213564	22	2	8.33	1.8025	2	24	0	NA	NA	NA
chr19	6213731	29	2	6.45	1.8025	2	31	1	2	0.0965878655313841	0.903412136468616
chr19	6707199	20	2	9.09	1.8025	2	22	0	NA	NA	NA
chr19	7707109	19	2	9.52	1.8025	2	21	0	NA	NA	NA
chr19	7854112	27	2	6.9	1.8025	2	29	0	NA	NA	NA
chr19	7979154	21	2	8.7	1.8025	2	23	0	NA	NA	NA
chr19	8933411	27	2	6.9	1.8025	2	29	0	NA	NA	NA
chr19	8999381	73	7	8.75	1.8025	2	80	1	1	0.818385346950484	0.181614655049516
chr19	8999395	86	12	12.24	1.8025	2	98	1	1	0.999982341372819	1.76606271813036e-05
chr19	9009731	23	4	14.81	1.8025	2	27	0	NA	NA	NA
chr19	9024856	24	8	25	1.8025	2	32	1	1	1.000000001	1e-09
chr19	9968564	29	2	6.45	1.8025	2	31	1	2	0.0965878655313841	0.903412136468616
chr19	10478863	33	2	5.71	1.8025	2	35	1	2	0.058298617417463	0.941701384582537
chr19	10747441	22	2	8.33	1.8025	2	24	0	NA	NA	NA
chr19	11364403	21	2	8.7	1.8025	2	23	0	NA	NA	NA
chr19	12256046	49	3	5.77	1.8025	2	52	1	2	0.0599017488159402	0.94009825318406
chr19	13035841	20	2	9.09	1.8025	2	22	0	NA	NA	NA
chr19	13059450	29	2	6.45	1.8025	2	31	1	2	0.0965878655313841	0.903412136468616
chr19	13065327	30	2	6.25	1.8025	2	32	1	2	0.0814818373957005	0.918518164604299
chr19	13201226	28	2	6.67	1.8025	2	30	1	2	0.119195935926494	0.880804066073505
chr19	13482571	26	2	7.14	1.8025	2	28	0	NA	NA	NA
chr19	14591535	22	2	8.33	1.8025	2	24	0	NA	NA	NA
chr19	15292490	18	2	10	1.8025	2	20	0	NA	NA	NA
chr19	15342549	21	2	8.7	1.8025	2	23	0	NA	NA	NA
chr19	15536164	21	2	8.7	1.8025	2	23	0	NA	NA	NA
chr19	15564971	29	2	6.45	1.8025	2	31	1	2	0.0965878655313841	0.903412136468616
chr19	16279102	18	2	10	1.8025	2	20	0	NA	NA	NA
chr19	17433828	22	2	8.33	1.8025	2	24	0	NA	NA	NA
chr19	17714167	46	3	6.12	1.8025	2	49	1	2	0.0738595465450078	0.926140455454992
chr19	17927646	40	2	4.76	1.8025	2	42	1	2	0.0573521430786726	0.942647858921327
chr19	18893710	18	2	10	1.8025	2	20	0	NA	NA	NA
chr19	18974299	25	2	7.41	1.8025	2	27	0	NA	NA	NA
chr19	30018153	20	2	9.09	1.8025	2	22	0	NA	NA	NA
chr19	30165922	25	2	7.41	1.8025	2	27	0	NA	NA	NA
chr19	33503523	18	3	14.29	1.8025	2	21	0	NA	NA	NA
chr19	35613856	35	5	12.5	1.8025	2	40	1	1	0.999992314957591	7.68704240905622e-06
chr19	35850428	65	3	4.41	1.8025	2	68	1	2	0.0717968727987874	0.928203129201213
chr19	36108978	24	2	7.69	1.8025	2	26	0	NA	NA	NA
chr19	36245098	35	2	5.41	1.8025	2	37	1	2	0.0531226062234655	0.946877395776534
chr19	36245774	39	2	4.88	1.8025	2	41	1	2	0.0547870986450677	0.945212903354932
chr19	36339578	21	2	8.7	1.8025	2	23	0	NA	NA	NA
chr19	38692639	18	2	10	1.8025	2	20	0	NA	NA	NA
chr19	38946271	32	2	5.88	1.8025	2	34	1	2	0.0633931574583917	0.936606844541608
chr19	39114858	22	2	8.33	1.8025	2	24	0	NA	NA	NA
chr19	39208580	28	2	6.67	1.8025	2	30	1	2	0.119195935926494	0.880804066073505
chr19	39307026	19	2	9.52	1.8025	2	21	0	NA	NA	NA
chr19	39337950	25	2	7.41	1.8025	2	27	0	NA	NA	NA
chr19	40434017	26	2	7.14	1.8025	2	28	0	NA	NA	NA
chr19	40478155	34	2	5.56	1.8025	2	36	1	2	0.0551441050526984	0.944855896947302
chr19	41188922	40	2	4.76	1.8025	2	42	1	2	0.0573521430786726	0.942647858921327
chr19	41332019	44	2	4.35	1.8025	2	46	1	2	0.0756921858282598	0.92430781617174
chr19	41704460	35	2	5.41	1.8025	2	37	1	2	0.0531226062234655	0.946877395776534
chr19	41754619	51	3	5.56	1.8025	2	54	1	2	0.0551441050526984	0.944855896947302
chr19	41930800	19	2	9.52	1.8025	2	21	0	NA	NA	NA
chr19	42489451	31	2	6.06	1.8025	2	33	1	2	0.070836843761015	0.929163158238985
chr19	42938028	44	2	4.35	1.8025	2	46	1	2	0.0756921858282598	0.92430781617174
chr19	45449295	33	2	5.71	1.8025	2	35	1	2	0.058298617417463	0.941701384582537
chr19	46201900	21	2	8.7	1.8025	2	23	0	NA	NA	NA
chr19	48339509	26	2	7.14	1.8025	2	28	0	NA	NA	NA
chr19	48652967	20	2	9.09	1.83859	2	22	0	NA	NA	NA
chr19	48806092	47	2	4.08	1.83859	2	49	1	2	0.101362075675664	0.898637926324336
chr19	48967870	31	2	6.06	1.83859	2	33	1	2	0.070836843761015	0.929163158238985
chr19	49110096	21	2	8.7	1.83859	2	23	0	NA	NA	NA
chr19	49357376	38	2	5	1.83859	2	40	1	2	0.0531274869878916	0.946872515012108
chr19	49426103	29	2	6.45	1.83859	2	31	1	2	0.0965878655313841	0.903412136468616
chr19	49445732	23	2	8	1.83859	2	25	0	NA	NA	NA
chr19	50311829	38	3	7.32	1.83859	2	41	1	2	0.243206067694332	0.756793934305668
chr19	50826590	31	6	16.22	1.83859	2	37	1	1	1.00000000098801	1.01199253819684e-09
chr19	50881875	18	2	10	1.83859	2	20	0	NA	NA	NA
chr19	52552027	35	3	7.89	1.83859	2	38	1	2	0.451890297617678	0.548109704382322
chr19	54058533	107	16	13.01	1.83859	2	123	1	1	0.999998561039881	1.44096011940949e-06
chr19	54671925	18	2	10	1.83859	2	20	0	NA	NA	NA
chr19	54868496	31	2	6.06	1.83859	2	33	1	2	0.070836843761015	0.929163158238985
chr19	55220686	31	2	6.06	1.83859	2	33	1	2	0.070836843761015	0.929163158238985
chr19	55286636	25	3	10.71	1.83859	2	28	0	NA	NA	NA
chr19	55286778	46	4	8	1.83859	2	50	1	1	0.501636481935351	0.498363520064649
chr19	55286780	45	4	8.16	1.83859	2	49	1	1	0.576026098678356	0.423973903321644
chr19	55317567	41	10	19.61	1.83859	2	51	1	1	1.000000001	1.00000000841741e-09
chr19	55317584	31	6	16.22	1.83859	2	37	1	1	1.00000000098801	1.01199253819684e-09
chr19	55317590	31	7	18.42	1.83859	2	38	1	1	1.000000001	1.00000147292589e-09
chr19	55317599	32	6	15.79	1.83859	2	38	1	1	1.00000000093617	1.06383306617478e-09
chr19	55317633	22	3	12	1.83859	2	25	0	NA	NA	NA
chr19	55648594	23	2	8	1.83859	2	25	0	NA	NA	NA
chr19	55805636	73	3	3.95	1.83859	2	76	1	2	0.120443920294311	0.879556081705689
chr19	56029606	16	7	30.43	1.83859	2	23	0	NA	NA	NA
chr19	57328906	33	5	13.16	2.06122	2	38	1	1	0.999999130308114	8.71691885875556e-07
chr19	58868377	35	2	5.41	2.06122	2	37	1	2	0.0531226062234655	0.946877395776534
chr2	905525	378	23	5.74	1.9156	2	401	1	2	0.0590746800300626	0.940925321969938
chr2	9546245	113	17	13.08	8.51378	NA	130	1	NA	NA	NA
chr2	9563956	25	2	7.41	1.87086	2	27	0	NA	NA	NA
chr2	26151830	24	2	7.69	1.87086	2	26	0	NA	NA	NA
chr2	26151862	25	2	7.41	1.87086	2	27	0	NA	NA	NA
chr2	26700142	43	2	4.44	1.87086	2	45	1	2	0.0700379880773977	0.929962013922602
chr2	27427332	26	2	7.14	1.87086	2	28	0	NA	NA	NA
chr2	27447210	24	2	7.69	1.87086	2	26	0	NA	NA	NA
chr2	27594265	21	2	8.7	1.87086	2	23	0	NA	NA	NA
chr2	31609488	24	2	7.69	1.87086	2	26	0	NA	NA	NA
chr2	32768528	41	3	6.82	1.87086	2	44	1	2	0.139181052984149	0.860818949015851
chr2	54483238	31	2	6.06	1.88753	2	33	1	2	0.070836843761015	0.929163158238985
chr2	54571022	45	3	6.25	1.88753	2	48	1	2	0.0814818373957005	0.918518164604299
chr2	63815486	39	2	4.88	1.88753	2	41	1	2	0.0547870986450677	0.945212903354932
chr2	65248470	42	2	4.55	1.88753	2	44	1	2	0.0645319054005763	0.935468096599424
chr2	70910886	18	2	10	1.88753	2	20	0	NA	NA	NA
chr2	71215718	20	2	9.09	1.88753	2	22	0	NA	NA	NA
chr2	72358271	39	2	4.88	1.88753	2	41	1	2	0.0547870986450677	0.945212903354932
chr2	74732429	20	2	9.09	1.88753	2	22	0	NA	NA	NA
chr2	85628768	21	2	8.7	1.88753	2	23	0	NA	NA	NA
chr2	85863211	23	2	8	1.88753	2	25	0	NA	NA	NA
chr2	86280100	23	2	8	1.88753	2	25	0	NA	NA	NA
chr2	86325752	34	2	5.56	1.88753	2	36	1	2	0.0551441050526984	0.944855896947302
chr2	86790471	26	4	13.33	1.88753	2	30	1	1	0.999999511432464	4.90567536023511e-07
chr2	87034716	20	2	9.09	1.88753	2	22	0	NA	NA	NA
chr2	91964121	59	5	7.81	1.88753	2	64	1	2	0.417095193794693	0.582904808205307
chr2	95427335	153	12	7.27	1.88753	2	165	1	2	0.229694281895892	0.770305720104108
chr2	95427337	150	12	7.41	1.88753	2	162	1	2	0.269501272893009	0.730498729106991
chr2	95511328	76	4	5	1.88753	2	80	1	2	0.0531274869878916	0.946872515012108
chr2	95511402	39	4	9.3	1.88753	2	43	1	1	0.939574637540353	0.0604253644596471
chr2	95511412	38	4	9.52	1.88753	2	42	1	1	0.963365126894714	0.0366348751052863
chr2	96050327	29	5	14.71	1.88753	2	34	1	1	0.999999997291258	4.70874153457422e-09
chr2	96517636	356	29	7.53	1.88753	2	385	1	2	0.308598219769837	0.691401782230163
chr2	96522036	155	17	9.88	1.88753	2	172	1	1	0.984689513131395	0.0153104888686051
chr2	96601514	110	7	5.98	1.88753	2	117	1	2	0.0672433999235772	0.932756602076423
chr2	96604799	43	10	18.87	1.88753	2	53	1	1	1.000000001	1.0000002138463e-09
chr2	96604810	40	6	13.04	1.88753	2	46	1	1	0.999998698385373	1.30361462731023e-06
chr2	96604917	42	17	28.81	1.88753	2	59	1	1	1.000000001	1e-09
chr2	96781313	21	2	8.7	1.88753	2	23	0	NA	NA	NA
chr2	97216409	22	2	8.33	1.88753	2	24	0	NA	NA	NA
chr2	97747263	25	2	7.41	1.88753	2	27	0	NA	NA	NA
chr2	100891815	47	2	4.08	1.88753	2	49	1	2	0.101362075675664	0.898637926324336
chr2	109529100	18	2	10	1.88753	2	20	0	NA	NA	NA
chr2	111133188	76	6	7.32	2	2	82	1	2	0.243206067694332	0.756793934305668
chr2	128177576	19	2	9.52	1.9602	2	21	0	NA	NA	NA
chr2	130910649	22	2	8.33	1.9602	2	24	0	NA	NA	NA
chr2	131377636	55	5	8.33	1.9602	2	60	1	1	0.654139975070072	0.345860026929928
chr2	132861848	100	9	8.26	1.9602	2	109	1	1	0.622362378816586	0.377637623183414
chr2	132912316	56	15	21.13	1.9602	2	71	1	1	1.000000001	1.00000000000868e-09
chr2	132912327	56	15	21.13	1.9602	2	71	1	1	1.000000001	1.00000000000868e-09
chr2	133015244	640	32	4.76	1.9602	2	672	1	2	0.0573521430786726	0.942647858921327
chr2	133015522	125	16	11.35	1.9602	2	141	1	1	0.999729802074182	0.000270199925818329
chr2	135206396	36	2	5.26	1.9602	2	38	1	2	0.0521765076821022	0.947823494317898
chr2	166514458	20	2	9.09	1.9602	2	22	0	NA	NA	NA
chr2	169629554	43	3	6.52	1.9602	2	46	1	2	0.103020641917604	0.896979360082396
chr2	172604329	51	3	5.56	1.9602	2	54	1	2	0.0551441050526984	0.944855896947302
chr2	175624341	19	2	9.52	1.9602	2	21	0	NA	NA	NA
chr2	189896853	52	3	5.45	1.9602	2	55	1	2	0.0535551929430306	0.946444809056969
chr2	201342519	26	2	7.14	1.9602	2	28	0	NA	NA	NA
chr2	201845399	67	3	4.29	1.9602	2	70	1	2	0.0801463691194082	0.919853632880592
chr2	213914486	44	8	15.38	1.9602	2	52	1	1	1.00000000069449	1.30550608869587e-09
chr2	218947849	43	2	4.44	1.9602	2	45	1	2	0.0700379880773977	0.929962013922602
chr2	219128521	23	2	8	1.9602	2	25	0	NA	NA	NA
chr2	219888812	29	2	6.45	1.9602	2	31	1	2	0.0965878655313841	0.903412136468616
chr2	220046750	20	2	9.09	1.9602	2	22	0	NA	NA	NA
chr2	220100451	36	2	5.26	1.9602	2	38	1	2	0.0521765076821022	0.947823494317898
chr2	220168531	26	2	7.14	1.9602	2	28	0	NA	NA	NA
chr2	225679003	66	3	4.35	1.84101	2	69	1	2	0.0756921858282598	0.92430781617174
chr2	227872961	19	3	13.64	1.84101	2	22	0	NA	NA	NA
chr2	228882294	22	2	8.33	1.84101	2	24	0	NA	NA	NA
chr2	231772971	29	2	6.45	1.84101	2	31	1	2	0.0965878655313841	0.903412136468616
chr2	232388710	21	2	8.7	1.84101	2	23	0	NA	NA	NA
chr2	233245401	48	2	4	1.84101	2	50	1	2	0.112439651231344	0.887560350768655
chr2	238449030	38	2	5	1.84101	2	40	1	2	0.0531274869878916	0.946872515012108
chr2	238820591	25	2	7.41	1.84101	2	27	0	NA	NA	NA
chr20	3024368	30	2	6.25	1.97315	2	32	1	2	0.0814818373957005	0.918518164604299
chr20	3276352	26	7	21.21	1.97315	2	33	1	1	1.000000001	1.00000000000599e-09
chr20	4162919	20	2	9.09	1.97315	2	22	0	NA	NA	NA
chr20	4163324	30	2	6.25	1.97315	2	32	1	2	0.0814818373957005	0.918518164604299
chr20	18163934	27	2	6.9	1.97315	2	29	0	NA	NA	NA
chr20	23066293	34	2	5.56	1.97315	2	36	1	2	0.0551441050526984	0.944855896947302
chr20	25058390	20	2	9.09	1.97315	2	22	0	NA	NA	NA
chr20	25754210	123	27	18	1.97315	2	150	1	1	1.00000000099999	1.00000869029884e-09
chr20	29623215	297	36	10.81	1.97315	2	333	1	1	0.998717276487766	0.00128272551223377
chr20	29631773	19	3	13.64	1.97315	2	22	0	NA	NA	NA
chr20	29632562	136	20	12.82	1.97315	2	156	1	1	0.999997296057743	2.70594225690205e-06
chr20	29632605	397	24	5.7	1.97315	2	421	1	2	0.0580510508680449	0.941948951131955
chr20	29632664	543	44	7.5	1.97315	2	587	1	2	0.298389415171586	0.701610586828414
chr20	29633992	373	17	4.36	1.97315	2	390	1	2	0.0750060492179504	0.92499395278205
chr20	33863685	37	2	5.13	1.97315	2	39	1	2	0.0522267687758654	0.947773233224135
chr20	34095635	29	2	6.45	1.97315	2	31	1	2	0.0965878655313841	0.903412136468616
chr20	35438519	24	2	7.69	1.97315	2	26	0	NA	NA	NA
chr20	37203627	70	3	4.11	1.97315	2	73	1	2	0.0976927122454051	0.902307289754595
chr20	37275627	26	2	7.14	1.97315	2	28	0	NA	NA	NA
chr20	39809780	40	2	4.76	1.97315	2	42	1	2	0.0573521430786726	0.942647858921327
chr20	39812135	28	3	9.68	1.97315	2	31	1	1	0.974955455452072	0.0250445465479278
chr20	39813648	28	2	6.67	1.97315	2	30	1	2	0.119195935926494	0.880804066073505
chr20	42168939	21	2	8.7	1.97315	2	23	0	NA	NA	NA
chr20	43995572	20	2	9.09	1.97315	2	22	0	NA	NA	NA
chr20	44642405	22	3	12	1.97315	2	25	0	NA	NA	NA
chr20	47266568	34	2	5.56	1.97315	2	36	1	2	0.0551441050526984	0.944855896947302
chr20	48123796	63	4	5.97	1.97315	2	67	1	2	0.0668273548585723	0.933172647141428
chr20	55758828	23	2	8	1.97315	2	25	0	NA	NA	NA
chr20	60881203	37	2	5.13	1.97315	2	39	1	2	0.0522267687758654	0.947773233224135
chr20	60993422	20	2	9.09	1.97315	2	22	0	NA	NA	NA
chr20	61827548	50	3	5.66	1.97315	2	53	1	2	0.0571152576124237	0.942884744387576
chr20	61919959	32	2	5.88	1.97315	2	34	1	2	0.0633931574583917	0.936606844541608
chr20	62595004	35	2	5.41	1.97315	2	37	1	2	0.0531226062234655	0.946877395776534
chr21	9908069	136	20	12.82	1.99903	2	156	1	1	0.999997296057743	2.70594225690205e-06
chr21	9908317	182	32	14.95	1.99903	2	214	1	1	0.999999999469684	2.53031573171718e-09
chr21	9910339	37	7	15.91	1.99903	2	44	1	1	1.00000000095985	1.04015369243255e-09
chr21	9927243	72	4	5.26	1.99903	2	76	1	2	0.0521765076821022	0.947823494317898
chr21	9927245	70	4	5.41	1.99903	2	74	1	2	0.0531226062234655	0.946877395776534
chr21	9927251	70	4	5.41	1.99903	2	74	1	2	0.0531226062234655	0.946877395776534
chr21	10164314	49	3	5.77	1.99903	2	52	1	2	0.0599017488159402	0.94009825318406
chr21	11057905	602	69	10.28	1.99903	2	671	1	1	0.994542177857386	0.0054578241426135
chr21	43863518	40	2	4.76	1.99903	2	42	1	2	0.0573521430786726	0.942647858921327
chr21	45504009	28	2	6.67	1.99903	2	30	1	2	0.119195935926494	0.880804066073505
chr21	46844362	20	2	9.09	1.99903	2	22	0	NA	NA	NA
chr21	47626673	24	2	7.69	1.99903	2	26	0	NA	NA	NA
chr22	16436533	48	8	14.29	1.72656	NA	56	1	NA	NA	NA
chr22	17447026	29	3	9.38	1.72656	NA	32	1	NA	NA	NA
chr22	17585726	18	2	10	1.72656	NA	20	0	NA	NA	NA
chr22	17598547	31	2	6.06	1.72656	NA	33	1	NA	NA	NA
chr22	18769081	27	7	20.59	1.72656	NA	34	1	NA	NA	NA
chr22	19836149	19	2	9.52	1.72656	NA	21	0	NA	NA	NA
chr22	19966544	20	2	9.09	1.72656	NA	22	0	NA	NA	NA
chr22	20130923	19	2	9.52	1.72656	NA	21	0	NA	NA	NA
chr22	20388691	19	5	20.83	1.72656	NA	24	0	NA	NA	NA
chr22	20922788	18	2	10	1.72656	NA	20	0	NA	NA	NA
chr22	21063691	21	2	8.7	1.72656	NA	23	0	NA	NA	NA
chr22	21066930	22	5	18.52	1.72656	NA	27	0	NA	NA	NA
chr22	21643555	28	13	31.71	1.72656	NA	41	1	NA	NA	NA
chr22	21649731	20	5	20	1.72656	NA	25	0	NA	NA	NA
chr22	22041140	22	2	8.33	1.72656	NA	24	0	NA	NA	NA
chr22	22661378	51	6	10.53	1.72656	NA	57	1	NA	NA	NA
chr22	22863346	42	2	4.55	1.72656	NA	44	1	NA	NA	NA
chr22	23637184	33	3	8.33	1.72656	NA	36	1	NA	NA	NA
chr22	23968231	36	2	5.26	1.72656	NA	38	1	NA	NA	NA
chr22	24038786	18	2	10	1.72656	NA	20	0	NA	NA	NA
chr22	24655955	70	3	4.11	1.72656	NA	73	1	NA	NA	NA
chr22	24938463	25	2	7.41	1.72656	NA	27	0	NA	NA	NA
chr22	25750724	33	2	5.71	1.72656	NA	35	1	NA	NA	NA
chr22	25755802	24	2	7.69	1.72656	NA	26	0	NA	NA	NA
chr22	30091132	28	2	6.67	1.72656	NA	30	1	NA	NA	NA
chr22	30126836	23	2	8	1.72656	NA	25	0	NA	NA	NA
chr22	31602587	49	9	15.52	1.72656	NA	58	1	NA	NA	NA
chr22	31957338	18	2	10	1.72656	NA	20	0	NA	NA	NA
chr22	39111926	29	2	6.45	1.72656	NA	31	1	NA	NA	NA
chr22	39111941	32	2	5.88	1.72656	NA	34	1	NA	NA	NA
chr22	39710816	20	2	9.09	1.72656	NA	22	0	NA	NA	NA
chr22	39714465	39	2	4.88	1.72656	NA	41	1	NA	NA	NA
chr22	41833139	47	2	4.08	1.72656	NA	49	1	NA	NA	NA
chr22	44559836	20	2	9.09	1.72656	NA	22	0	NA	NA	NA
chr22	46875638	18	5	21.74	1.72656	NA	23	0	NA	NA	NA
chr22	46875645	20	6	23.08	1.72656	NA	26	0	NA	NA	NA
chr22	46875677	28	7	20	1.72656	NA	35	1	NA	NA	NA
chr22	46875687	27	7	20.59	1.72656	NA	34	1	NA	NA	NA
chr22	46875689	28	7	20	1.72656	NA	35	1	NA	NA	NA
chr22	47082181	42	2	4.55	1.72656	NA	44	1	NA	NA	NA
chr22	50450991	40	2	4.76	1.72656	NA	42	1	NA	NA	NA
chr22	50635794	23	2	8	1.72656	NA	25	0	NA	NA	NA
chr22	50902856	21	2	8.7	1.72656	NA	23	0	NA	NA	NA
chr3	13393435	36	2	5.26	2.09783	2	38	1	2	0.0521765076821022	0.947823494317898
chr3	32568356	63	3	4.55	2.09522	2	66	1	2	0.0645319054005763	0.935468096599424
chr3	38047702	28	2	6.67	2.09522	2	30	1	2	0.119195935926494	0.880804066073505
chr3	38049051	30	2	6.25	2.09522	2	32	1	2	0.0814818373957005	0.918518164604299
chr3	38139341	32	2	5.88	2.09522	2	34	1	2	0.0633931574583917	0.936606844541608
chr3	40231396	24	2	7.69	2.09522	2	26	0	NA	NA	NA
chr3	42740427	30	12	28.57	2.09522	2	42	1	1	1.000000001	1e-09
chr3	42750241	22	2	8.33	2.09522	2	24	0	NA	NA	NA
chr3	42750354	18	2	10	2.09522	2	20	0	NA	NA	NA
chr3	42799781	41	3	6.82	2.09522	2	44	1	2	0.139181052984149	0.860818949015851
chr3	46710790	30	2	6.25	2.09522	2	32	1	2	0.0814818373957005	0.918518164604299
chr3	47040385	18	2	10	2.09522	2	20	0	NA	NA	NA
chr3	47454217	25	2	7.41	2.09522	2	27	0	NA	NA	NA
chr3	47456053	30	2	6.25	2.09522	2	32	1	2	0.0814818373957005	0.918518164604299
chr3	47460958	23	2	8	2.09522	2	25	0	NA	NA	NA
chr3	48508874	25	2	7.41	2.09522	2	27	0	NA	NA	NA
chr3	49049863	27	2	6.9	2.09522	2	29	0	NA	NA	NA
chr3	49050910	23	2	8	2.09522	2	25	0	NA	NA	NA
chr3	49836396	35	2	5.41	2.09522	2	37	1	2	0.0531226062234655	0.946877395776534
chr3	50223685	18	2	10	2.09522	2	20	0	NA	NA	NA
chr3	50327103	36	2	5.26	2.09522	2	38	1	2	0.0521765076821022	0.947823494317898
chr3	50396271	33	2	5.71	2.09522	2	35	1	2	0.058298617417463	0.941701384582537
chr3	51928952	48	2	4	2.09522	2	50	1	2	0.112439651231344	0.887560350768655
chr3	51970504	28	2	6.67	2.09522	2	30	1	2	0.119195935926494	0.880804066073505
chr3	56771360	46	3	6.12	2.09522	2	49	1	2	0.0738595465450078	0.926140455454992
chr3	75786221	112	17	13.18	2.09522	2	129	1	1	0.999999187083002	8.14916997544463e-07
chr3	75787299	212	32	13.11	2.09522	2	244	1	1	0.999998970807079	1.03119292127993e-06
chr3	75787302	206	34	14.17	2.09522	2	240	1	1	0.999999974837292	2.71627077217223e-08
chr3	75787313	208	35	14.4	2.09522	2	243	1	1	0.99999998954101	1.24589899485817e-08
chr3	75787321	213	31	12.7	2.09522	2	244	1	1	0.999995988934479	4.01306552061427e-06
chr3	75834110	62	3	4.62	2.09522	2	65	1	2	0.06170364280486	0.93829635919514
chr3	97678033	25	2	7.41	2.09522	2	27	0	NA	NA	NA
chr3	119378800	37	3	7.5	2.09522	2	40	1	2	0.298389415171586	0.701610586828414
chr3	124488002	28	2	6.67	2.09522	2	30	1	2	0.119195935926494	0.880804066073505
chr3	126228420	28	2	6.67	2.09522	2	30	1	2	0.119195935926494	0.880804066073505
chr3	128849518	37	2	5.13	2.09522	2	39	1	2	0.0522267687758654	0.947773233224135
chr3	133115406	44	3	6.38	2.09522	2	47	1	2	0.0907818514240762	0.909218150575924
chr3	138664289	20	2	9.09	2.09522	2	22	0	NA	NA	NA
chr3	172241208	29	2	6.45	2.1895	2	31	1	2	0.0965878655313841	0.903412136468616
chr3	183682964	26	2	7.14	2.01657	2	28	0	NA	NA	NA
chr3	184299332	29	2	6.45	2.01657	2	31	1	2	0.0965878655313841	0.903412136468616
chr3	186917306	29	2	6.45	2.01657	2	31	1	2	0.0965878655313841	0.903412136468616
chr3	190039834	23	2	8	2.01657	2	25	0	NA	NA	NA
chr3	195452575	21	6	22.22	2.01657	2	27	0	NA	NA	NA
chr3	195507358	206	30	12.71	2.01657	2	236	1	1	0.999996118138067	3.88386193333618e-06
chr3	195507771	225	30	11.76	2.01657	2	255	1	1	0.999921255071122	7.87469288775287e-05
chr3	195509287	176	28	13.73	2.01657	2	204	1	1	0.999999877550447	1.24449552946346e-07
chr3	195511446	211	37	14.92	2.01657	2	248	1	1	0.999999999289673	2.71032753704919e-09
chr3	195511884	464	24	4.92	2.01657	2	488	1	2	0.0541395474253136	0.945860454574687
chr3	195511911	438	28	6.01	2.01657	2	466	1	2	0.0685348842006823	0.931465117799318
chr3	195511945	413	20	4.62	2.01657	2	433	1	2	0.06170364280486	0.93829635919514
chr3	195513662	499	56	10.09	2.01657	2	555	1	1	0.991026572726884	0.00897342927311563
chr3	195513667	495	63	11.29	2.01657	2	558	1	1	0.999677522168855	0.000322479831145198
chr3	197427717	47	3	6	2.01657	2	50	1	2	0.0680970837233313	0.931902918276668
chr4	652636	19	2	9.52	2.05894	2	21	0	NA	NA	NA
chr4	1814500	34	2	5.56	2.05894	2	36	1	2	0.0551441050526984	0.944855896947302
chr4	2837720	18	2	10	2.05894	2	20	0	NA	NA	NA
chr4	5448523	26	2	7.14	2.05894	2	28	0	NA	NA	NA
chr4	6292887	18	2	10	2.05894	2	20	0	NA	NA	NA
chr4	6599925	24	2	7.69	2.05894	2	26	0	NA	NA	NA
chr4	6616084	21	2	8.7	2.05894	2	23	0	NA	NA	NA
chr4	8418141	24	2	7.69	2.05894	2	26	0	NA	NA	NA
chr4	41937528	30	2	6.25	2.05894	2	32	1	2	0.0814818373957005	0.918518164604299
chr4	68582837	37	11	22.92	2.18722	2	48	1	1	1.000000001	1e-09
chr4	69048359	23	2	8	2.18722	2	25	0	NA	NA	NA
chr4	92521663	100	11	9.91	2.18722	2	111	1	1	0.985799713533664	0.0142002884663362
chr4	103748793	48	2	4	2.18722	2	50	1	2	0.112439651231344	0.887560350768655
chr4	120327941	39	4	9.3	2.19436	2	43	1	1	0.939574637540353	0.0604253644596471
chr4	152571260	25	2	7.41	2.1622	2	27	0	NA	NA	NA
chr4	190878695	118	7	5.6	2.1622	2	125	1	2	0.0558707775481935	0.944129224451806
chr4	190882928	38	5	11.63	2.1622	2	43	1	1	0.999883060621915	0.00011694137808486
chr5	457136	20	2	9.09	2.28644	NA	22	0	NA	NA	NA
chr5	661403	217	26	10.7	2.28644	NA	243	1	NA	NA	NA
chr5	661419	226	49	17.82	2.28644	NA	275	1	NA	NA	NA
chr5	661426	225	51	18.48	2.28644	NA	276	1	NA	NA	NA
chr5	661427	222	52	18.98	2.28644	NA	274	1	NA	NA	NA
chr5	840562	22	2	8.33	2.28644	NA	24	0	NA	NA	NA
chr5	1253375	29	2	6.45	2.28644	NA	31	1	NA	NA	NA
chr5	10655415	36	3	7.69	2.28644	NA	39	1	NA	NA	NA
chr5	23527471	110	79	41.8	2.28644	NA	189	1	NA	NA	NA
chr5	23527693	153	13	7.83	2.28644	NA	166	1	NA	NA	NA
chr5	23527721	143	8	5.3	2.28644	NA	151	1	NA	NA	NA
chr5	34191582	847	77	8.33	2.28644	NA	924	1	NA	NA	NA
chr5	34191764	845	59	6.53	2.28644	NA	904	1	NA	NA	NA
chr5	34191947	1134	71	5.89	2.28644	NA	1205	1	NA	NA	NA
chr5	37175349	25	2	7.41	2.28644	NA	27	0	NA	NA	NA
chr5	55395706	69	3	4.17	2.28644	NA	72	1	NA	NA	NA
chr5	78264969	51	3	5.56	2.28644	NA	54	1	NA	NA	NA
chr5	79355692	17	2	10.53	2.28644	NA	19	0	NA	NA	NA
chr5	95195457	78	5	6.02	2.3743	NA	83	1	NA	NA	NA
chr5	95224176	78	4	4.88	2.3743	NA	82	1	NA	NA	NA
chr5	115152164	37	2	5.13	2.3743	NA	39	1	NA	NA	NA
chr5	125880354	59	3	4.84	2.3743	NA	62	1	NA	NA	NA
chr5	125912864	44	3	6.38	2.3743	NA	47	1	NA	NA	NA
chr5	134116933	38	3	7.32	2.20733	2	41	1	2	0.243206067694332	0.756793934305668
chr5	137549016	21	3	12.5	2.20733	2	24	0	NA	NA	NA
chr5	148747894	20	2	9.09	2.20733	2	22	0	NA	NA	NA
chr5	149751643	24	2	7.69	2.20733	2	26	0	NA	NA	NA
chr5	177664707	26	2	7.14	2.20733	2	28	0	NA	NA	NA
chr5	177697421	41	3	6.82	2.20733	2	44	1	2	0.139181052984149	0.860818949015851
chr5	178559881	32	2	5.88	2.20733	2	34	1	2	0.0633931574583917	0.936606844541608
chr5	179956414	25	2	7.41	2.20733	2	27	0	NA	NA	NA
chr5	180030154	25	2	7.41	2.20733	2	27	0	NA	NA	NA
chr6	13470526	22	2	8.33	1.99681	2	24	0	NA	NA	NA
chr6	16279152	24	2	7.69	1.99681	2	26	0	NA	NA	NA
chr6	16326860	35	2	5.41	1.99681	2	37	1	2	0.0531226062234655	0.946877395776534
chr6	29716284	34	2	5.56	1.99681	2	36	1	2	0.0551441050526984	0.944855896947302
chr6	29716388	33	2	5.71	1.99681	2	35	1	2	0.058298617417463	0.941701384582537
chr6	31084108	44	2	4.35	1.99681	2	46	1	2	0.0756921858282598	0.92430781617174
chr6	31125189	19	2	9.52	1.99681	2	21	0	NA	NA	NA
chr6	31685375	23	2	8	1.99681	2	25	0	NA	NA	NA
chr6	31833818	21	2	8.7	1.99681	2	23	0	NA	NA	NA
chr6	31842216	39	2	4.88	1.99681	2	41	1	2	0.0547870986450677	0.945212903354932
chr6	33380986	43	2	4.44	1.99681	2	45	1	2	0.0700379880773977	0.929962013922602
chr6	42268345	30	2	6.25	1.99681	2	32	1	2	0.0814818373957005	0.918518164604299
chr6	42933016	43	2	4.44	1.99681	2	45	1	2	0.0700379880773977	0.929962013922602
chr6	43097965	23	2	8	1.99681	2	25	0	NA	NA	NA
chr6	43181299	26	2	7.14	1.99681	2	28	0	NA	NA	NA
chr6	43188865	20	2	9.09	1.99681	2	22	0	NA	NA	NA
chr6	43190508	42	2	4.55	1.99681	2	44	1	2	0.0645319054005763	0.935468096599424
chr6	43413504	19	2	9.52	1.99681	2	21	0	NA	NA	NA
chr6	44108707	23	3	11.54	1.99681	2	26	0	NA	NA	NA
chr6	53010418	43	4	8.51	1.99681	2	47	1	1	0.731195163974859	0.268804838025141
chr6	54074945	80	10	11.11	1.99681	2	90	1	1	0.999454854970896	0.000545147029103773
chr6	54191661	43	7	14	1.99681	2	50	1	1	0.999999953145647	4.88543526457972e-08
chr6	57398226	64	90	58.44	1.99681	2	154	1	1	1.000000001	1e-09
chr6	70944630	38	2	5	1.99681	2	40	1	2	0.0531274869878916	0.946872515012108
chr6	84056020	33	2	5.71	1.76675	2	35	1	2	0.058298617417463	0.941701384582537
chr6	86252935	57	7	10.94	1.76675	2	64	1	1	0.999111996274633	0.000888005725366391
chr6	90365621	20	2	9.09	1.76675	2	22	0	NA	NA	NA
chr6	105259302	18	2	10	1.76675	2	20	0	NA	NA	NA
chr6	110966855	23	2	8	1.76675	2	25	0	NA	NA	NA
chr6	135519954	25	2	7.41	1.80725	2	27	0	NA	NA	NA
chr6	136582203	28	5	15.15	1.80725	2	33	1	1	1.00000000027382	1.72617564928157e-09
chr6	139563837	25	2	7.41	1.80725	2	27	0	NA	NA	NA
chr6	144263508	18	2	10	1.80725	2	20	0	NA	NA	NA
chr6	144416080	24	2	7.69	1.80725	2	26	0	NA	NA	NA
chr6	150244153	29	2	6.45	1.80725	2	31	1	2	0.0965878655313841	0.903412136468616
chr6	150322285	31	3	8.82	1.80725	2	34	1	1	0.83981839741696	0.16018160458304
chr6	153323652	21	2	8.7	1.80725	2	23	0	NA	NA	NA
chr6	159057543	45	6	11.76	1.80725	2	51	1	1	0.999921255071122	7.87469288775287e-05
chr6	160874893	64	3	4.48	1.80725	2	67	1	2	0.0678720780197002	0.9321279239803
chr6	161152897	19	2	9.52	1.80725	2	21	0	NA	NA	NA
chr6	161556917	22	2	8.33	1.80725	2	24	0	NA	NA	NA
chr6	168999527	23	2	8	1.80725	2	25	0	NA	NA	NA
chr6	170594678	34	2	5.56	1.80725	2	36	1	2	0.0551441050526984	0.944855896947302
chr7	1513209	29	3	9.38	2.1649	2	32	1	1	0.949461958839125	0.0505380431608747
chr7	5519507	24	2	7.69	2.1649	2	26	0	NA	NA	NA
chr7	6210909	43	2	4.44	2.1649	2	45	1	2	0.0700379880773977	0.929962013922602
chr7	6579519	30	2	6.25	2.1649	2	32	1	2	0.0814818373957005	0.918518164604299
chr7	25160310	28	4	12.5	2.13036	2	32	1	1	0.999992314957591	7.68704240905622e-06
chr7	26240221	36	2	5.26	2.13036	2	38	1	2	0.0521765076821022	0.947823494317898
chr7	30092294	25	3	10.71	2.13036	2	28	0	NA	NA	NA
chr7	30700133	31	2	6.06	2.13036	2	33	1	2	0.070836843761015	0.929163158238985
chr7	37990647	80	4	4.76	2.13036	2	84	1	2	0.0573521430786726	0.942647858921327
chr7	44046646	38	2	5	2.13036	2	40	1	2	0.0531274869878916	0.946872515012108
chr7	44149779	28	2	6.67	2.13036	2	30	1	2	0.119195935926494	0.880804066073505
chr7	44178625	35	3	7.89	2.13036	2	38	1	2	0.451890297617678	0.548109704382322
chr7	44179066	28	2	6.67	2.13036	2	30	1	2	0.119195935926494	0.880804066073505
chr7	45143699	31	2	6.06	2.13036	2	33	1	2	0.070836843761015	0.929163158238985
chr7	45148715	28	2	6.67	2.13036	2	30	1	2	0.119195935926494	0.880804066073505
chr7	65304720	33	7	17.5	2.13036	2	40	1	1	1.00000000099993	1.00006952164591e-09
chr7	66022610	20	2	9.09	2.13036	2	22	0	NA	NA	NA
chr7	72298615	26	2	7.14	2.13036	2	28	0	NA	NA	NA
chr7	72858398	17	3	15	2.13036	2	20	0	NA	NA	NA
chr7	73019975	19	2	9.52	2.13036	2	21	0	NA	NA	NA
chr7	73474437	20	2	9.09	2.13036	2	22	0	NA	NA	NA
chr7	73483563	31	2	6.06	2.13036	2	33	1	2	0.070836843761015	0.929163158238985
chr7	76112249	34	7	17.07	2.13036	2	41	1	1	1.0000000009996	1.0004034548836e-09
chr7	76180888	41	2	4.65	2.13036	2	43	1	2	0.0606329081625563	0.939367093837444
chr7	99971340	18	2	10	2.19086	2	20	0	NA	NA	NA
chr7	100276292	38	2	5	2.19086	2	40	1	2	0.0531274869878916	0.946872515012108
chr7	100639723	335	46	12.07	2.19086	2	381	1	1	0.999969829377288	3.01726227122251e-05
chr7	116830142	25	4	13.79	2.20916	2	29	0	NA	NA	NA
chr7	127235817	28	2	6.67	2.20916	2	30	1	2	0.119195935926494	0.880804066073505
chr7	139221139	35	2	5.41	2.20916	2	37	1	2	0.0531226062234655	0.946877395776534
chr7	142458352	38	9	19.15	2.20916	2	47	1	1	1.000000001	1.00000006344295e-09
chr7	142458409	92	18	16.36	2.20916	2	110	1	1	1.00000000099309	1.00691332246988e-09
chr7	142458412	91	18	16.51	2.20916	2	109	1	1	1.00000000099618	1.00381827679049e-09
chr7	142458414	92	18	16.36	2.20916	2	110	1	1	1.00000000099309	1.00691332246988e-09
chr7	149430601	19	2	9.52	2.20916	2	21	0	NA	NA	NA
chr7	149466293	19	2	9.52	2.20916	2	21	0	NA	NA	NA
chr7	149513151	19	2	9.52	2.20916	2	21	0	NA	NA	NA
chr7	150742771	36	2	5.26	2.20916	2	38	1	2	0.0521765076821022	0.947823494317898
chr7	150767982	24	2	7.69	2.20916	2	26	0	NA	NA	NA
chr7	150872967	23	2	8	2.20916	2	25	0	NA	NA	NA
chr7	150936762	30	3	9.09	2.20916	2	33	1	1	0.905350534742064	0.0946494672579359
chr7	158683973	44	2	4.35	2.20916	2	46	1	2	0.0756921858282598	0.92430781617174
chr8	254117	27	9	25	2.22376	2	36	1	1	1.000000001	1e-09
chr8	255354	183	9	4.69	2.22376	2	192	1	2	0.059327003462976	0.940672998537024
chr8	11710170	26	2	7.14	2.22376	2	28	0	NA	NA	NA
chr8	17141989	87	4	4.4	2.22022	2	91	1	2	0.0724101794678139	0.927589822532186
chr8	21960498	28	2	6.67	2.22022	2	30	1	2	0.119195935926494	0.880804066073505
chr8	22429353	55	3	5.17	2.20106	2	58	1	2	0.0521234548838363	0.947876547116164
chr8	24167397	58	10	14.71	2.20106	2	68	1	1	0.999999997291258	4.70874153457422e-09
chr8	27319092	43	2	4.44	2.20106	2	45	1	2	0.0700379880773977	0.929962013922602
chr8	40012010	47	3	6	2.20106	2	50	1	2	0.0680970837233313	0.931902918276668
chr8	52731051	132	24	15.38	2.20106	2	156	1	1	1.00000000069449	1.30550608869587e-09
chr8	52731129	118	23	16.31	2.20106	2	141	1	1	1.00000000099158	1.00841939096019e-09
chr8	52731198	133	11	7.64	2.20106	2	144	1	2	0.34846821823482	0.65153178376518
chr8	52732764	75	4	5.06	2.20106	2	79	1	2	0.0526017513837915	0.947398250616209
chr8	52733110	150	21	12.28	2.20106	2	171	1	1	0.999984447416433	1.55545835669282e-05
chr8	59499029	44	3	6.38	2.20106	2	47	1	2	0.0907818514240762	0.909218150575924
chr8	86556188	159	7	4.22	2.20106	2	166	1	2	0.0861519154917336	0.913848086508266
chr8	86572578	18	3	14.29	1.12943	1	21	0	NA	NA	NA
chr8	143558917	26	2	7.14	2.19619	2	28	0	NA	NA	NA
chr8	143747589	26	2	7.14	2.19619	2	28	0	NA	NA	NA
chr8	144342257	213	9	4.05	2.19619	2	222	1	2	0.105285581145882	0.894714420854118
chr8	144342350	150	20	11.76	2.19619	2	170	1	1	0.999921255071122	7.87469288775287e-05
chr8	144342352	155	20	11.43	2.19619	2	175	1	1	0.999786874267669	0.000213127732330837
chr8	144342357	155	15	8.82	2.19619	2	170	1	1	0.83981839741696	0.16018160458304
chr8	144465460	22	2	8.33	2.19619	2	24	0	NA	NA	NA
chr8	144944995	27	2	6.9	2.19619	2	29	0	NA	NA	NA
chr8	144945153	42	4	8.7	2.19619	2	46	1	1	0.801934834458304	0.198065167541696
chr8	145151937	39	2	4.88	2.19619	2	41	1	2	0.0547870986450677	0.945212903354932
chr8	145245847	32	3	8.57	2.19619	2	35	1	1	0.754869086897516	0.245130915102484
chr8	145577021	24	3	11.11	2.19619	2	27	0	NA	NA	NA
chr8	145584808	38	2	5	2.19619	2	40	1	2	0.0531274869878916	0.946872515012108
chr8	145739723	23	2	8	2.19619	2	25	0	NA	NA	NA
chr9	18829972	30	2	6.25	1.86361	2	32	1	2	0.0814818373957005	0.918518164604299
chr9	19446351	45	2	4.26	1.86361	2	47	1	2	0.0826064378760501	0.91739356412395
chr9	19461243	53	14	20.9	1.86361	2	67	1	1	1.000000001	1.00000000002506e-09
chr9	27190527	27	2	6.9	1.86361	2	29	0	NA	NA	NA
chr9	33461896	46	3	6.12	1.86361	2	49	1	2	0.0738595465450078	0.926140455454992
chr9	33795747	33	7	17.5	1.86361	2	40	1	1	1.00000000099993	1.00006952164591e-09
chr9	33796758	124	17	12.06	1.86361	2	141	1	1	0.999968870094223	3.11319057766666e-05
chr9	33796762	114	17	12.98	1.86361	2	131	1	1	0.999998409512845	1.59248715540928e-06
chr9	33796766	116	17	12.78	1.86361	2	133	1	1	0.999996915132642	3.08686735773215e-06
chr9	33796801	97	19	16.38	1.86361	2	116	1	1	1.00000000099361	1.00638852661582e-09
chr9	33796892	57	10	14.93	1.86361	2	67	1	1	0.999999999351885	2.64811506512524e-09
chr9	33796901	41	6	12.77	1.86361	2	47	1	1	0.99999681196852	3.19003147954669e-06
chr9	33800265	15	6	28.57	1.86361	2	21	0	NA	NA	NA
chr9	33803224	38	4	9.52	1.86361	2	42	1	1	0.963365126894714	0.0366348751052863
chr9	33803234	29	4	12.12	1.86361	2	33	1	1	0.999974209176359	2.57928236410533e-05
chr9	33803255	20	4	16.67	1.86361	2	24	0	NA	NA	NA
chr9	33803266	18	3	14.29	1.86361	2	21	0	NA	NA	NA
chr9	35091242	33	2	5.71	1.86361	2	35	1	2	0.058298617417463	0.941701384582537
chr9	36122995	38	2	5	1.86361	2	40	1	2	0.0531274869878916	0.946872515012108
chr9	37426560	23	2	8	1.86361	2	25	0	NA	NA	NA
chr9	37916244	24	2	7.69	1.86361	2	26	0	NA	NA	NA
chr9	38571986	19	9	32.14	1.86361	2	28	0	NA	NA	NA
chr9	38622357	38	2	5	1.86361	2	40	1	2	0.0531274869878916	0.946872515012108
chr9	44245988	29	2	6.45	1.86361	2	31	1	2	0.0965878655313841	0.903412136468616
chr9	46383149	23	7	23.33	1.86361	2	30	1	1	1.000000001	1e-09
chr9	66502237	225	32	12.45	1.86361	2	257	1	1	0.999990970962466	9.03103753433383e-06
chr9	66502240	242	18	6.92	1.86361	2	260	1	2	0.154987190285372	0.845012811714628
chr9	66513863	512	58	10.18	1.86361	2	570	1	1	0.992898531191751	0.00710147080824916
chr9	66513877	443	55	11.04	1.86361	2	498	1	1	0.999332921160384	0.000667080839616241
chr9	67303044	91	11	10.78	1.86361	2	102	1	1	0.998604601124671	0.00139540087532918
chr9	67320782	15	3	16.67	1.86361	2	18	0	NA	NA	NA
chr9	67320787	17	3	15	1.86361	2	20	0	NA	NA	NA
chr9	68427854	375	46	10.93	1.86361	2	421	1	1	0.999086363985544	0.000913638014455632
chr9	68429231	129	12	8.51	1.86361	2	141	1	1	0.731195163974859	0.268804838025141
chr9	68430342	412	38	8.44	1.86361	2	450	1	1	0.702199531906932	0.297800470093068
chr9	68433511	195	18	8.45	1.86361	2	213	1	1	0.706425546031954	0.293574455968046
chr9	68433520	206	18	8.04	1.86361	2	224	1	1	0.5201068608205	0.4798931411795
chr9	68433550	234	26	10	1.86361	2	260	1	1	0.988694357513733	0.0113056444862674
chr9	68435980	34	6	15	1.86361	2	40	1	1	0.999999999729042	2.27095776530105e-09
chr9	69218764	24	2	7.69	1.86361	2	26	0	NA	NA	NA
chr9	69847058	180	12	6.25	1.86361	2	192	1	2	0.0814818373957005	0.918518164604299
chr9	86955515	31	2	6.06	1.86361	2	33	1	2	0.070836843761015	0.929163158238985
chr9	92011783	23	2	8	1.86361	2	25	0	NA	NA	NA
chr9	96326533	19	2	9.52	1.86361	2	21	0	NA	NA	NA
chr9	100892081	26	3	10.34	1.86361	2	29	0	NA	NA	NA
chr9	103092465	39	3	7.14	1.86361	2	42	1	2	0.198065985060668	0.801934016939332
chr9	113312173	51	3	5.56	1.86361	2	54	1	2	0.0551441050526984	0.944855896947302
chr9	113510088	23	2	8	1.86361	2	25	0	NA	NA	NA
chr9	115337524	36	2	5.26	1.86361	2	38	1	2	0.0521765076821022	0.947823494317898
chr9	117164692	39	2	4.88	1.86361	2	41	1	2	0.0547870986450677	0.945212903354932
chr9	117848557	19	2	9.52	1.86361	2	21	0	NA	NA	NA
chr9	119903758	36	2	5.26	1.86361	2	38	1	2	0.0521765076821022	0.947823494317898
chr9	126132792	35	2	5.41	1.86361	2	37	1	2	0.0531226062234655	0.946877395776534
chr9	127641989	25	2	7.41	1.86361	2	27	0	NA	NA	NA
chr9	130214643	20	2	9.09	1.86361	2	22	0	NA	NA	NA
chr9	131122726	32	2	5.88	1.86361	2	34	1	2	0.0633931574583917	0.936606844541608
chr9	131513809	24	2	7.69	1.86361	2	26	0	NA	NA	NA
chr9	131588942	26	2	7.14	1.86361	2	28	0	NA	NA	NA
chr9	131860289	20	2	9.09	1.86361	2	22	0	NA	NA	NA
chr9	132571214	36	3	7.69	1.86361	2	39	1	2	0.367815095538853	0.632184906461147
chr9	133333823	24	2	7.69	1.86361	2	26	0	NA	NA	NA
chr9	134360115	34	2	5.56	1.86361	2	36	1	2	0.0551441050526984	0.944855896947302
chr9	135962096	23	2	8	1.86361	2	25	0	NA	NA	NA
chr9	136211062	26	2	7.14	1.86361	2	28	0	NA	NA	NA
chr9	136212120	23	2	8	1.86361	2	25	0	NA	NA	NA
chr9	136298720	26	2	7.14	1.86361	2	28	0	NA	NA	NA
chr9	136604896	22	2	8.33	1.86361	2	24	0	NA	NA	NA
chr9	137642577	26	2	7.14	1.86361	2	28	0	NA	NA	NA
chr9	137776651	30	2	6.25	1.86361	2	32	1	2	0.0814818373957005	0.918518164604299
chr9	138647052	27	2	6.9	1.86361	2	29	0	NA	NA	NA
chr9	138649042	28	2	6.67	1.86361	2	30	1	2	0.119195935926494	0.880804066073505
chr9	139341719	20	2	9.09	1.86361	2	22	0	NA	NA	NA
chr9	139378128	22	2	8.33	1.86361	2	24	0	NA	NA	NA
chr9	139926524	36	2	5.26	1.86361	2	38	1	2	0.0521765076821022	0.947823494317898
chr9	140112306	20	2	9.09	1.86361	2	22	0	NA	NA	NA
chr9	140356002	20	2	9.09	1.86361	2	22	0	NA	NA	NA
chr9	140470503	37	2	5.13	1.86361	2	39	1	2	0.0522267687758654	0.947773233224135
chrX	1743358	28	2	6.67	1.5451	NA	30	1	NA	NA	NA
chrX	6451707	97	4	3.96	1.5451	NA	101	1	NA	NA	NA
chrX	8434448	85	13	13.27	1.5451	NA	98	1	NA	NA	NA
chrX	15288009	24	2	7.69	1.70421	NA	26	0	NA	NA	NA
chrX	16635276	49	3	5.77	1.70421	NA	52	1	NA	NA	NA
chrX	20173364	29	2	6.45	1.70421	NA	31	1	NA	NA	NA
chrX	20173391	29	2	6.45	1.70421	NA	31	1	NA	NA	NA
chrX	24580501	19	2	9.52	1.70421	NA	21	0	NA	NA	NA
chrX	31893388	36	4	10	1.70421	NA	40	1	NA	NA	NA
chrX	37699366	42	3	6.67	1.70421	NA	45	1	NA	NA	NA
chrX	40568665	22	2	8.33	1.70421	NA	24	0	NA	NA	NA
chrX	48419807	37	2	5.13	1.70421	NA	39	1	NA	NA	NA
chrX	48651611	37	2	5.13	1.70421	NA	39	1	NA	NA	NA
chrX	48674324	24	2	7.69	1.70421	NA	26	0	NA	NA	NA
chrX	48934346	18	2	10	1.70421	NA	20	0	NA	NA	NA
chrX	52896996	47	3	6	1.70421	NA	50	1	NA	NA	NA
chrX	53172882	66	3	4.35	1.70421	NA	69	1	NA	NA	NA
chrX	54497816	27	2	6.9	1.70421	NA	29	0	NA	NA	NA
chrX	55054290	42	3	6.67	1.70421	NA	45	1	NA	NA	NA
chrX	67944342	27	2	6.9	1.70421	NA	29	0	NA	NA	NA
chrX	100117777	32	2	5.88	1.70421	NA	34	1	NA	NA	NA
chrX	100333889	28	2	6.67	1.70421	NA	30	1	NA	NA	NA
chrX	102863502	32	2	5.88	1.70421	NA	34	1	NA	NA	NA
chrX	106033446	34	11	24.44	1.70421	NA	45	1	NA	NA	NA
chrX	106957736	25	2	7.41	1.70421	NA	27	0	NA	NA	NA
chrX	107400282	45	3	6.25	1.70421	NA	48	1	NA	NA	NA
chrX	111097125	39	3	7.14	1.70421	NA	42	1	NA	NA	NA
chrX	134166639	26	2	7.14	1.69666	NA	28	0	NA	NA	NA
chrX	135427699	70	3	4.11	1.69666	NA	73	1	NA	NA	NA
chrX	136112914	33	2	5.71	1.69666	NA	35	1	NA	NA	NA
chrX	138870219	25	2	7.41	1.69666	NA	27	0	NA	NA	NA
chrX	140993912	204	39	16.05	1.69666	NA	243	1	NA	NA	NA
chrX	140993945	142	48	25.26	1.69666	NA	190	1	NA	NA	NA
chrX	140993947	139	47	25.27	1.69666	NA	186	1	NA	NA	NA
chrX	147790435	43	3	6.52	1.69666	NA	46	1	NA	NA	NA
chrX	148628334	74	4	5.13	1.69666	NA	78	1	NA	NA	NA
chrX	149012803	56	3	5.08	1.69666	NA	59	1	NA	NA	NA
chrX	152483389	34	2	5.56	1.69666	NA	36	1	NA	NA	NA
chrX	153141248	25	2	7.41	1.69666	NA	27	0	NA	NA	NA
chrX	153213572	18	2	10	1.69666	NA	20	0	NA	NA	NA
chrX	153292445	18	2	10	1.69666	NA	20	0	NA	NA	NA
chrX	154009898	33	3	8.33	1.69666	NA	36	1	NA	NA	NA
