chr	st	BC27T.ref	BC27T.var	BC27T.vaf	BC27T.cn	BC27T.cleancn	BC27T.depth	adequateDepth	cluster	cluster.prob.1	cluster.prob.2	cluster.prob.3	cluster.prob.4
chr1	136828	117	10	7.87	1.36794	NA	127	1	NA	NA	NA	NA	NA
chr1	136877	98	16	14.04	1.36794	NA	114	1	NA	NA	NA	NA	NA
chr1	1234100	21	2	8.7	1.36794	NA	23	0	NA	NA	NA	NA	NA
chr1	1323387	26	2	7.14	1.36794	NA	28	0	NA	NA	NA	NA	NA
chr1	12854188	141	21	12.96	1.36794	NA	162	1	NA	NA	NA	NA	NA
chr1	12908476	51	13	20.31	1.36794	NA	64	1	NA	NA	NA	NA	NA
chr1	12908480	52	13	20	1.36794	NA	65	1	NA	NA	NA	NA	NA
chr1	12908482	55	13	19.12	1.36794	NA	68	1	NA	NA	NA	NA	NA
chr1	13001414	29	4	12.12	1.36794	NA	33	1	NA	NA	NA	NA	NA
chr1	13183109	99	14	12.39	1.36794	NA	113	1	NA	NA	NA	NA	NA
chr1	13183110	100	14	12.28	1.36794	NA	114	1	NA	NA	NA	NA	NA
chr1	13183115	103	14	11.97	1.36794	NA	117	1	NA	NA	NA	NA	NA
chr1	13183130	114	18	13.64	1.36794	NA	132	1	NA	NA	NA	NA	NA
chr1	13184308	73	14	16.09	1.36794	NA	87	1	NA	NA	NA	NA	NA
chr1	13736958	19	7	26.92	1.36794	NA	26	0	NA	NA	NA	NA	NA
chr1	15445203	20	2	9.09	1.36794	NA	22	0	NA	NA	NA	NA	NA
chr1	16727334	20	2	9.09	1.36794	NA	22	0	NA	NA	NA	NA	NA
chr1	16891233	115	19	14.18	1.36794	NA	134	1	NA	NA	NA	NA	NA
chr1	16894472	213	13	5.75	1.36794	NA	226	1	NA	NA	NA	NA	NA
chr1	16894523	208	28	11.86	1.36794	NA	236	1	NA	NA	NA	NA	NA
chr1	16894580	207	20	8.81	1.36794	NA	227	1	NA	NA	NA	NA	NA
chr1	16915631	26	4	13.33	1.36794	NA	30	1	NA	NA	NA	NA	NA
chr1	17082403	40	11	21.57	1.36794	NA	51	1	NA	NA	NA	NA	NA
chr1	17084264	208	18	7.96	1.36794	NA	226	1	NA	NA	NA	NA	NA
chr1	17086217	39	9	18.75	1.36794	NA	48	1	NA	NA	NA	NA	NA
chr1	17200227	28	5	15.15	1.36794	NA	33	1	NA	NA	NA	NA	NA
chr1	22047601	18	3	14.29	1.36794	NA	21	0	NA	NA	NA	NA	NA
chr1	25687835	34	3	8.11	1.36794	NA	37	1	NA	NA	NA	NA	NA
chr1	31185574	15	5	25	1.36794	NA	20	0	NA	NA	NA	NA	NA
chr1	31454119	31	2	6.06	1.36794	NA	33	1	NA	NA	NA	NA	NA
chr1	34312522	18	2	10	1.36794	NA	20	0	NA	NA	NA	NA	NA
chr1	39988219	24	3	11.11	1.36794	NA	27	0	NA	NA	NA	NA	NA
chr1	43826859	12	11	47.83	1.36794	NA	23	0	NA	NA	NA	NA	NA
chr1	53457969	13	7	35	1.36794	NA	20	0	NA	NA	NA	NA	NA
chr1	66038094	29	14	32.56	1.36794	NA	43	1	NA	NA	NA	NA	NA
chr1	68626687	48	6	11.11	1.36794	NA	54	1	NA	NA	NA	NA	NA
chr1	68628573	88	10	10.2	1.36794	NA	98	1	NA	NA	NA	NA	NA
chr1	68628580	76	14	15.56	1.36794	NA	90	1	NA	NA	NA	NA	NA
chr1	68628588	29	16	35.56	1.36794	NA	45	1	NA	NA	NA	NA	NA
chr1	68628591	26	18	40.91	1.36794	NA	44	1	NA	NA	NA	NA	NA
chr1	111216609	46	3	6.12	1.36794	NA	49	1	NA	NA	NA	NA	NA
chr1	119574871	35	3	7.89	1.36794	NA	38	1	NA	NA	NA	NA	NA
chr1	142619626	32	6	15.79	1.36794	NA	38	1	NA	NA	NA	NA	NA
chr1	142619641	24	9	27.27	1.36794	NA	33	1	NA	NA	NA	NA	NA
chr1	142621003	133	25	15.82	1.36794	NA	158	1	NA	NA	NA	NA	NA
chr1	142660208	31	7	18.42	1.36794	NA	38	1	NA	NA	NA	NA	NA
chr1	142803398	83	20	19.42	1.36794	NA	103	1	NA	NA	NA	NA	NA
chr1	142803401	88	22	20	1.36794	NA	110	1	NA	NA	NA	NA	NA
chr1	142805397	429	40	8.53	1.36794	NA	469	1	NA	NA	NA	NA	NA
chr1	142807015	81	9	10	1.36794	NA	90	1	NA	NA	NA	NA	NA
chr1	142808422	128	12	8.57	1.36794	NA	140	1	NA	NA	NA	NA	NA
chr1	142809544	159	12	7.02	1.36794	NA	171	1	NA	NA	NA	NA	NA
chr1	142810346	78	10	11.36	1.36794	NA	88	1	NA	NA	NA	NA	NA
chr1	142811760	557	58	9.43	1.36794	NA	615	1	NA	NA	NA	NA	NA
chr1	142813200	484	65	11.84	1.36794	NA	549	1	NA	NA	NA	NA	NA
chr1	142815884	735	85	10.37	1.36794	NA	820	1	NA	NA	NA	NA	NA
chr1	142815908	682	49	6.7	1.36794	NA	731	1	NA	NA	NA	NA	NA
chr1	142815938	603	87	12.61	1.36794	NA	690	1	NA	NA	NA	NA	NA
chr1	142816206	250	36	12.59	1.36794	NA	286	1	NA	NA	NA	NA	NA
chr1	142822377	174	24	12.12	1.36794	NA	198	1	NA	NA	NA	NA	NA
chr1	142822385	174	15	7.94	1.36794	NA	189	1	NA	NA	NA	NA	NA
chr1	142826847	178	27	13.17	1.36794	NA	205	1	NA	NA	NA	NA	NA
chr1	142827784	251	27	9.71	1.36794	NA	278	1	NA	NA	NA	NA	NA
chr1	142828522	253	18	6.64	1.36794	NA	271	1	NA	NA	NA	NA	NA
chr1	142828662	426	53	11.06	1.36794	NA	479	1	NA	NA	NA	NA	NA
chr1	142847026	82	16	16.33	1.36794	NA	98	1	NA	NA	NA	NA	NA
chr1	143156506	2	12	85.71	1.36794	NA	14	0	NA	NA	NA	NA	NA
chr1	143167405	65	14	17.72	1.36794	NA	79	1	NA	NA	NA	NA	NA
chr1	143217565	73	15	17.05	1.36794	NA	88	1	NA	NA	NA	NA	NA
chr1	143222971	92	18	16.36	1.36794	NA	110	1	NA	NA	NA	NA	NA
chr1	143222972	93	18	16.22	1.36794	NA	111	1	NA	NA	NA	NA	NA
chr1	143223019	120	23	16.08	1.36794	NA	143	1	NA	NA	NA	NA	NA
chr1	143223022	122	22	15.28	1.36794	NA	144	1	NA	NA	NA	NA	NA
chr1	143223142	197	29	12.83	1.36794	NA	226	1	NA	NA	NA	NA	NA
chr1	143230032	36	5	12.2	1.36794	NA	41	1	NA	NA	NA	NA	NA
chr1	143230035	39	5	11.36	1.36794	NA	44	1	NA	NA	NA	NA	NA
chr1	143380625	29	6	17.14	1.36794	NA	35	1	NA	NA	NA	NA	NA
chr1	144821873	81	21	20.59	2.67215	NA	102	1	NA	NA	NA	NA	NA
chr1	145273431	68	16	19.05	2.67215	NA	84	1	NA	NA	NA	NA	NA
chr1	145285082	61	20	24.69	2.67215	NA	81	1	NA	NA	NA	NA	NA
chr1	145293428	423	103	19.58	2.67215	NA	526	1	NA	NA	NA	NA	NA
chr1	145302704	34	7	17.07	2.67215	NA	41	1	NA	NA	NA	NA	NA
chr1	145303906	129	23	15.13	2.67215	NA	152	1	NA	NA	NA	NA	NA
chr1	146252937	36	12	25	2.67215	NA	48	1	NA	NA	NA	NA	NA
chr1	146252991	37	9	19.57	2.67215	NA	46	1	NA	NA	NA	NA	NA
chr1	148004422	177	33	15.71	1.40893	NA	210	1	NA	NA	NA	NA	NA
chr1	148004584	209	41	16.4	1.40893	NA	250	1	NA	NA	NA	NA	NA
chr1	148247846	30	8	21.05	2.51542	NA	38	1	NA	NA	NA	NA	NA
chr1	148247853	31	10	24.39	2.51542	NA	41	1	NA	NA	NA	NA	NA
chr1	148344410	38	13	25.49	2.51542	NA	51	1	NA	NA	NA	NA	NA
chr1	149067672	62	10	13.89	2.87767	3	72	1	NA	NA	NA	NA	NA
chr1	149281996	92	8	8	2.87767	3	100	1	NA	NA	NA	NA	NA
chr1	149282395	41	3	6.82	2.87767	3	44	1	NA	NA	NA	NA	NA
chr1	150039840	40	3	6.98	2.87767	3	43	1	NA	NA	NA	NA	NA
chr1	151682181	28	3	9.68	2.87767	3	31	1	NA	NA	NA	NA	NA
chr1	152185780	127	23	15.33	2.87767	3	150	1	NA	NA	NA	NA	NA
chr1	152188964	191	22	10.33	2.87767	3	213	1	NA	NA	NA	NA	NA
chr1	152188999	187	18	8.78	2.87767	3	205	1	NA	NA	NA	NA	NA
chr1	152189016	169	14	7.65	2.87767	3	183	1	NA	NA	NA	NA	NA
chr1	152280559	266	17	6.01	2.87767	3	283	1	NA	NA	NA	NA	NA
chr1	152280573	254	19	6.96	2.87767	3	273	1	NA	NA	NA	NA	NA
chr1	152280597	264	16	5.71	2.87767	3	280	1	NA	NA	NA	NA	NA
chr1	152284576	321	43	11.81	2.87767	3	364	1	NA	NA	NA	NA	NA
chr1	152284597	311	31	9.06	2.87767	3	342	1	NA	NA	NA	NA	NA
chr1	152284605	304	18	5.59	2.87767	3	322	1	NA	NA	NA	NA	NA
chr1	152284606	302	18	5.62	2.87767	3	320	1	NA	NA	NA	NA	NA
chr1	152284607	304	18	5.59	2.87767	3	322	1	NA	NA	NA	NA	NA
chr1	154550808	53	23	30.26	2.87767	3	76	1	NA	NA	NA	NA	NA
chr1	156043814	24	19	44.19	2.87767	3	43	1	NA	NA	NA	NA	NA
chr1	207533964	69	9	11.54	2.87767	3	78	1	NA	NA	NA	NA	NA
chr1	248436582	45	7	13.46	2.89287	3	52	1	NA	NA	NA	NA	NA
chr1	248437002	126	21	14.29	2.89287	3	147	1	NA	NA	NA	NA	NA
chr1	248617095	108	18	14.29	2.89287	3	126	1	NA	NA	NA	NA	NA
chr1	248845076	72	11	13.25	2.89287	3	83	1	NA	NA	NA	NA	NA
chr10	15050159	163	19	10.44	1.8618	2	182	1	4	1e-09	1.08105880122908e-09	0.0222210538167886	0.977778948102152
chr10	15050179	164	14	7.87	1.8618	2	178	1	4	1e-09	1.00000256608346e-09	0.000497696582873652	0.999502305417124
chr10	26934407	142	15	9.55	1.62552	NA	157	1	NA	NA	NA	NA	NA
chr10	26934414	152	15	8.98	1.62552	NA	167	1	NA	NA	NA	NA	NA
chr10	27226454	65	14	17.72	1.62552	NA	79	1	NA	NA	NA	NA	NA
chr10	38475397	38	5	11.63	1.62552	NA	43	1	NA	NA	NA	NA	NA
chr10	38475410	47	9	16.07	1.62552	NA	56	1	NA	NA	NA	NA	NA
chr10	38475415	53	9	14.52	1.62552	NA	62	1	NA	NA	NA	NA	NA
chr10	38475420	51	10	16.39	1.62552	NA	61	1	NA	NA	NA	NA	NA
chr10	38475425	55	11	16.67	1.62552	NA	66	1	NA	NA	NA	NA	NA
chr10	38475431	58	12	17.14	1.62552	NA	70	1	NA	NA	NA	NA	NA
chr10	38475451	63	13	17.11	1.62552	NA	76	1	NA	NA	NA	NA	NA
chr10	38475454	63	13	17.11	1.62552	NA	76	1	NA	NA	NA	NA	NA
chr10	38475472	61	13	17.57	1.62552	NA	74	1	NA	NA	NA	NA	NA
chr10	38475610	58	7	10.77	1.62552	NA	65	1	NA	NA	NA	NA	NA
chr10	38475631	69	6	8	1.62552	NA	75	1	NA	NA	NA	NA	NA
chr10	38475636	69	6	8	1.62552	NA	75	1	NA	NA	NA	NA	NA
chr10	38475641	67	6	8.22	1.62552	NA	73	1	NA	NA	NA	NA	NA
chr10	49239470	84	15	15.15	1.62552	NA	99	1	NA	NA	NA	NA	NA
chr10	70333934	17	9	34.62	1.62552	NA	26	0	NA	NA	NA	NA	NA
chr10	88684424	72	33	31.43	1.62552	NA	105	1	NA	NA	NA	NA	NA
chr10	89717615	32	14	30.43	1.62552	NA	46	1	NA	NA	NA	NA	NA
chr10	103542050	22	2	8.33	1.62552	NA	24	0	NA	NA	NA	NA	NA
chr10	115541213	58	4	6.45	1.62552	NA	62	1	NA	NA	NA	NA	NA
chr10	126677280	755	66	8.04	1.62552	NA	821	1	NA	NA	NA	NA	NA
chr10	126677434	309	52	14.4	1.62552	NA	361	1	NA	NA	NA	NA	NA
chr10	126677541	245	42	14.63	1.62552	NA	287	1	NA	NA	NA	NA	NA
chr10	127585303	23	3	11.54	1.62552	NA	26	0	NA	NA	NA	NA	NA
chr10	135439015	79	14	15.05	1.62552	NA	93	1	NA	NA	NA	NA	NA
chr11	1016630	307	31	9.17	1.74195	NA	338	1	NA	NA	NA	NA	NA
chr11	1016776	321	188	36.94	1.74195	NA	509	1	NA	NA	NA	NA	NA
chr11	1016818	717	70	8.89	1.74195	NA	787	1	NA	NA	NA	NA	NA
chr11	1016835	685	70	9.27	1.74195	NA	755	1	NA	NA	NA	NA	NA
chr11	1016892	589	42	6.66	1.74195	NA	631	1	NA	NA	NA	NA	NA
chr11	1017024	448	29	6.08	1.74195	NA	477	1	NA	NA	NA	NA	NA
chr11	1017277	316	23	6.78	1.74195	NA	339	1	NA	NA	NA	NA	NA
chr11	1017841	436	28	6.03	1.74195	NA	464	1	NA	NA	NA	NA	NA
chr11	1017870	495	34	6.43	1.74195	NA	529	1	NA	NA	NA	NA	NA
chr11	1018091	132	8	5.71	1.74195	NA	140	1	NA	NA	NA	NA	NA
chr11	1018262	145	26	15.2	1.74195	NA	171	1	NA	NA	NA	NA	NA
chr11	1018289	164	23	12.3	1.74195	NA	187	1	NA	NA	NA	NA	NA
chr11	1018293	179	10	5.29	1.74195	NA	189	1	NA	NA	NA	NA	NA
chr11	1018331	170	10	5.56	1.74195	NA	180	1	NA	NA	NA	NA	NA
chr11	1018442	126	11	8.03	1.74195	NA	137	1	NA	NA	NA	NA	NA
chr11	3435275	111	12	9.76	1.93737	2	123	1	4	1e-09	1.0069386704232e-09	0.00907420184613413	0.990925800146927
chr11	4936857	21	5	19.23	1.93737	2	26	0	NA	NA	NA	NA	NA
chr11	64004713	15	10	40	1.415	NA	25	0	NA	NA	NA	NA	NA
chr11	64088483	48	3	5.88	1.415	NA	51	1	NA	NA	NA	NA	NA
chr11	71527072	111	13	10.48	1.53805	NA	124	1	NA	NA	NA	NA	NA
chr11	72408507	15	2	11.76	1.53805	NA	17	0	NA	NA	NA	NA	NA
chr11	89775183	24	8	25	1.53805	NA	32	1	NA	NA	NA	NA	NA
chr11	115047285	43	3	6.52	1.42237	NA	46	1	NA	NA	NA	NA	NA
chr12	91041	77	5	6.1	1.8428	2	82	1	4	1e-09	1.00000000021548e-09	1.56821260345707e-05	0.999984319873965
chr12	11174492	133	18	11.92	1.91826	2	151	1	4	1e-09	1.03989558519503e-08	0.119335244772265	0.880664747828779
chr12	11174515	142	16	10.13	1.91826	2	158	1	4	1e-09	1.02702658935209e-09	0.0149070525414108	0.985092949431563
chr12	11183427	169	17	9.14	1.91826	2	186	1	4	1e-09	1.0006263398628e-09	0.00375827802587462	0.996241723973499
chr12	11201846	30	10	25	1.91826	2	40	1	2	1.00185445116319e-09	0.664887023256609	0.334980726414901	0.000132253326635624
chr12	11244199	99	17	14.66	1.91826	2	116	1	3	1e-09	6.45665677618039e-06	0.6848871043757	0.315106441967524
chr12	12318095	38	16	29.63	1.91826	2	54	1	2	3.64030600071013e-08	0.989510175397374	0.0104893328471382	4.59352427967283e-07
chr12	42478116	20	8	28.57	1.91826	2	28	0	NA	NA	NA	NA	NA
chr12	42478792	59	10	14.49	1.91826	2	69	1	3	1e-09	4.68317594569371e-06	0.650291043504214	0.34970427631984
chr12	42480074	105	14	11.76	1.91826	2	119	1	4	1e-09	6.84687096914387e-09	0.101514915124773	0.898485081028356
chr12	44180380	23	6	20.69	1.91826	2	29	0	NA	NA	NA	NA	NA
chr12	54515867	20	7	25.93	1.9304	2	27	0	NA	NA	NA	NA	NA
chr12	90010729	67	19	22.09	1.87034	2	86	1	3	1.00000032760544e-09	0.104916153542318	0.893301164637768	0.00178268481991406
chr12	129298799	20	19	48.72	1.77239	2	39	1	1	0.999993945929366	6.05606963172696e-06	1.00100213414998e-09	1.00000000009116e-09
chr13	19413087	75	26	25.74	1.8649	2	101	1	2	1.01110715118733e-09	0.794133873233059	0.205810561242266	5.55685135681309e-05
chr13	19420033	74	10	11.9	1.8649	2	84	1	4	1e-09	9.86221359295495e-09	0.116982174717574	0.883017818420212
chr13	19420035	78	9	10.34	1.8649	2	87	1	4	1e-09	1.05710261411623e-09	0.0195686679026501	0.980431334040247
chr13	19420067	81	9	10	1.8649	2	90	1	4	1e-09	1.01686501372991e-09	0.0125522364236998	0.987447765559435
chr13	19420145	59	6	9.23	1.8649	2	65	1	4	1e-09	1.0008972507927e-09	0.00428831247513863	0.995711689523964
chr13	19422799	90	9	9.09	1.8649	2	99	1	4	1e-09	1.00051215297213e-09	0.00349056566677233	0.996509436332715
chr13	19422802	86	9	9.47	1.8649	2	95	1	4	1e-09	1.00229938425717e-09	0.0060558961242094	0.993944105873491
chr13	24895240	28	10	26.32	1.8649	2	38	1	2	1.04158552295489e-09	0.864994765000237	0.134977960369034	2.72775891434889e-05
chr13	35729787	25	9	26.47	1.8649	2	34	1	2	1.0579504214804e-09	0.879397677140361	0.120579691625114	2.26341765742747e-05
chr14	20009989	48	12	20	1.74727	NA	60	1	NA	NA	NA	NA	NA
chr14	20019785	40	6	13.04	1.74727	NA	46	1	NA	NA	NA	NA	NA
chr14	20019792	42	6	12.5	1.74727	NA	48	1	NA	NA	NA	NA	NA
chr14	20020201	46	12	20.69	1.74727	NA	58	1	NA	NA	NA	NA	NA
chr14	35577480	18	11	37.93	1.74727	NA	29	0	NA	NA	NA	NA	NA
chr14	58869442	33	3	8.33	1.74727	NA	36	1	NA	NA	NA	NA	NA
chr15	23299924	58	13	18.31	1.86477	2	71	1	3	1.00000000000018e-09	0.00154413274227593	0.975246818462225	0.0232090517954988
chr15	28989968	44	6	12	1.86477	2	50	1	4	1e-09	1.28730076748312e-08	0.12911656948741	0.870883420639582
chr15	48539130	35	19	35.19	1.86477	2	54	1	2	0.000629585261097286	0.999150842558491	0.000219574107838026	2.07257328359315e-09
chr15	63363985	22	8	26.67	1.86477	2	30	1	2	1.08971967565092e-09	0.896413630747063	0.103568740765217	1.76313980009978e-05
chr15	69561005	60	16	21.05	1.86477	2	76	1	3	1.00000000839987e-09	0.0373223714179803	0.959067230588583	0.00361040099343695
chr15	76030058	16	19	54.29	1.86477	2	35	1	1	0.999999994715244	7.28475638714205e-09	1.00000010159544e-09	1e-09
chr15	90255247	35	17	32.69	1.86477	2	52	1	2	9.26593543110705e-06	0.998840526865365	0.00115019590753751	1.52916664351925e-08
chr16	63458	39	6	13.33	1.71083	NA	45	1	NA	NA	NA	NA	NA
chr16	20384316	33	12	26.67	1.71083	NA	45	1	NA	NA	NA	NA	NA
chr16	26044083	69	8	10.39	1.71083	NA	77	1	NA	NA	NA	NA	NA
chr16	26044085	70	8	10.26	1.71083	NA	78	1	NA	NA	NA	NA	NA
chr16	28506506	18	2	10	1.71083	NA	20	0	NA	NA	NA	NA	NA
chr16	30959229	27	3	10	1.81177	2	30	1	4	1e-09	1.01686501372991e-09	0.0125522364236998	0.987447765559435
chr16	32095657	49	3	5.77	1.81177	2	52	1	4	1e-09	1.0000000000277e-09	7.36235247952659e-06	0.99999263964752
chr16	32095694	37	3	7.5	1.81177	2	40	1	4	1e-09	1.0000004361427e-09	0.00025916476700727	0.999740837232992
chr16	48149423	15	9	37.5	1.81177	2	24	0	NA	NA	NA	NA	NA
chr16	67179575	20	2	9.09	1.81177	2	22	0	NA	NA	NA	NA	NA
chr16	69693716	31	14	31.11	1.81177	2	45	1	2	5.57227790752181e-07	0.996491287903903	0.00350807584100288	8.30273027917234e-08
chr16	81190573	17	5	22.73	1.81177	2	22	0	NA	NA	NA	NA	NA
chr16	81703760	16	5	23.81	1.81177	2	21	0	NA	NA	NA	NA	NA
chr16	90235045	19	4	17.39	1.70693	NA	23	0	NA	NA	NA	NA	NA
chr17	264013	47	8	14.55	4.97398	NA	55	1	NA	NA	NA	NA	NA
chr17	1963943	40	3	6.98	1.45478	NA	43	1	NA	NA	NA	NA	NA
chr17	3853953	21	2	8.7	1.45478	NA	23	0	NA	NA	NA	NA	NA
chr17	5036074	37	10	21.28	1.61183	NA	47	1	NA	NA	NA	NA	NA
chr17	5036077	37	8	17.78	1.61183	NA	45	1	NA	NA	NA	NA	NA
chr17	5036078	40	7	14.89	1.61183	NA	47	1	NA	NA	NA	NA	NA
chr17	5038559	65	5	7.14	1.61183	NA	70	1	NA	NA	NA	NA	NA
chr17	18415388	94	8	7.84	1.61183	NA	102	1	NA	NA	NA	NA	NA
chr17	20799319	31	2	6.06	1.61183	NA	33	1	NA	NA	NA	NA	NA
chr17	21207712	25	3	10.71	1.61183	NA	28	0	NA	NA	NA	NA	NA
chr17	21904804	171	17	9.04	1.61183	NA	188	1	NA	NA	NA	NA	NA
chr17	34587781	21	9	30	1.61183	NA	30	1	NA	NA	NA	NA	NA
chr17	34587791	19	14	42.42	1.61183	NA	33	1	NA	NA	NA	NA	NA
chr17	34587794	21	14	40	1.61183	NA	35	1	NA	NA	NA	NA	NA
chr17	34587802	21	14	40	1.61183	NA	35	1	NA	NA	NA	NA	NA
chr17	36203113	16	7	30.43	1.61183	NA	23	0	NA	NA	NA	NA	NA
chr17	36203115	16	7	30.43	1.61183	NA	23	0	NA	NA	NA	NA	NA
chr17	36203120	19	7	26.92	1.61183	NA	26	0	NA	NA	NA	NA	NA
chr17	36203126	24	7	22.58	1.61183	NA	31	1	NA	NA	NA	NA	NA
chr17	36203127	24	7	22.58	1.61183	NA	31	1	NA	NA	NA	NA	NA
chr17	36204675	19	8	29.63	1.61183	NA	27	0	NA	NA	NA	NA	NA
chr17	36204709	23	9	28.12	1.61183	NA	32	1	NA	NA	NA	NA	NA
chr17	36204779	39	11	22	1.61183	NA	50	1	NA	NA	NA	NA	NA
chr17	36204788	47	9	16.07	1.61183	NA	56	1	NA	NA	NA	NA	NA
chr17	36204811	48	9	15.79	1.61183	NA	57	1	NA	NA	NA	NA	NA
chr17	39253896	38	3	7.32	1.61183	NA	41	1	NA	NA	NA	NA	NA
chr17	39346622	85	5	5.56	1.61183	NA	90	1	NA	NA	NA	NA	NA
chr17	39389608	109	16	12.8	1.61183	NA	125	1	NA	NA	NA	NA	NA
chr17	39389616	112	20	15.15	1.61183	NA	132	1	NA	NA	NA	NA	NA
chr17	39389626	110	23	17.29	1.61183	NA	133	1	NA	NA	NA	NA	NA
chr17	39389637	112	24	17.65	1.61183	NA	136	1	NA	NA	NA	NA	NA
chr17	39389646	114	24	17.39	1.61183	NA	138	1	NA	NA	NA	NA	NA
chr17	39389647	114	25	17.99	1.61183	NA	139	1	NA	NA	NA	NA	NA
chr17	39389653	110	25	18.52	1.61183	NA	135	1	NA	NA	NA	NA	NA
chr17	39406812	166	26	13.54	1.61183	NA	192	1	NA	NA	NA	NA	NA
chr17	39406820	163	23	12.37	1.61183	NA	186	1	NA	NA	NA	NA	NA
chr17	39406838	152	11	6.75	1.61183	NA	163	1	NA	NA	NA	NA	NA
chr17	40925520	18	2	10	1.67122	NA	20	0	NA	NA	NA	NA	NA
chr17	42284282	39	3	7.14	1.67122	NA	42	1	NA	NA	NA	NA	NA
chr17	43626315	113	21	15.67	1.67122	NA	134	1	NA	NA	NA	NA	NA
chr17	44410491	13	13	50	2	2	26	0	NA	NA	NA	NA	NA
chr17	45214558	294	60	16.95	1.98908	2	354	1	3	1e-09	0.000251255237745568	0.937537318726768	0.0622114290354867
chr17	45214564	337	38	10.13	1.98908	2	375	1	4	1e-09	1.02702658935209e-09	0.0149070525414108	0.985092949431563
chr17	45214690	182	26	12.5	1.98908	2	208	1	4	1e-09	4.93136753612226e-08	0.204213125504119	0.795786828182206
chr17	45221261	40	13	24.53	1.98908	2	53	1	2	1.00055101593713e-09	0.562709777815413	0.437069174894503	0.000221050289532591
chr17	45221317	33	4	10.81	1.98908	2	37	1	4	1e-09	1.28686382357719e-09	0.0350702885466071	0.964929713166529
chr17	45221318	25	11	30.56	1.98908	2	36	1	2	2.03768803947309e-07	0.994759151689596	0.00524049355387741	1.54987722935857e-07
chr17	45229234	44	36	45	1.98908	2	80	1	1	0.999204785831162	0.000795215424563161	1.74427467204162e-09	1.00000017436488e-09
chr17	45229240	48	36	42.86	1.98908	2	84	1	1	0.985193684879703	0.0148062766613221	4.14589579945666e-08	1.00001710253232e-09
chr17	45229253	48	24	33.33	1.98908	2	72	1	2	2.79934361911738e-05	0.999228352703592	0.000743649638517588	8.22169882202188e-09
chr17	45229254	49	24	32.88	1.98908	2	73	1	2	1.28906852707239e-05	0.998977510868888	0.00100958979290206	1.26529390172304e-08
chr17	45234417	386	42	9.81	1.98908	2	428	1	4	1e-09	1.00836485998226e-09	0.00971614412495927	0.990283857866676
chr17	45234432	338	19	5.32	1.98908	2	357	1	4	1e-09	1.00000000000138e-09	2.439659708528e-06	0.999997562340291
chr17	45234449	365	41	10.1	1.98908	2	406	1	4	1e-09	1.02425392125239e-09	0.0143305585380413	0.985669443437705
chr17	45266625	22	3	12	1.98908	2	25	0	NA	NA	NA	NA	NA
chr17	62045453	14	6	30	1.98908	2	20	0	NA	NA	NA	NA	NA
chr17	78111970	25	3	10.71	1.98908	2	28	0	NA	NA	NA	NA	NA
chr18	14183823	184	20	9.8	1.70232	NA	204	1	NA	NA	NA	NA	NA
chr18	14183848	165	18	9.84	1.70232	NA	183	1	NA	NA	NA	NA	NA
chr18	14213134	17	6	26.09	1.70232	NA	23	0	NA	NA	NA	NA	NA
chr18	14221171	111	20	15.27	1.70232	NA	131	1	NA	NA	NA	NA	NA
chr18	14341586	115	10	8	1.70232	NA	125	1	NA	NA	NA	NA	NA
chr18	21131496	22	6	21.43	1.70232	NA	28	0	NA	NA	NA	NA	NA
chr19	200238	77	5	6.1	1.51782	NA	82	1	NA	NA	NA	NA	NA
chr19	8993031	30	9	23.08	1.51782	NA	39	1	NA	NA	NA	NA	NA
chr19	8993450	23	3	11.54	1.51782	NA	26	0	NA	NA	NA	NA	NA
chr19	8993452	22	3	12	1.51782	NA	25	0	NA	NA	NA	NA	NA
chr19	9006684	23	7	23.33	1.51782	NA	30	1	NA	NA	NA	NA	NA
chr19	9009614	15	8	34.78	1.51782	NA	23	0	NA	NA	NA	NA	NA
chr19	17086969	20	2	9.09	1.51782	NA	22	0	NA	NA	NA	NA	NA
chr19	35608148	29	2	6.45	1.51782	NA	31	1	NA	NA	NA	NA	NA
chr19	51920018	54	3	5.26	1.51782	NA	57	1	NA	NA	NA	NA	NA
chr19	54619030	28	3	9.68	1.51782	NA	31	1	NA	NA	NA	NA	NA
chr19	54726241	32	11	25.58	1.51782	NA	43	1	NA	NA	NA	NA	NA
chr19	54726299	27	4	12.9	1.51782	NA	31	1	NA	NA	NA	NA	NA
chr19	55297710	27	3	10	1.51782	NA	30	1	NA	NA	NA	NA	NA
chr19	55320450	23	5	17.86	1.51782	NA	28	0	NA	NA	NA	NA	NA
chr19	55320452	23	5	17.86	1.51782	NA	28	0	NA	NA	NA	NA	NA
chr19	55320453	23	5	17.86	1.51782	NA	28	0	NA	NA	NA	NA	NA
chr19	55320454	21	5	19.23	1.51782	NA	26	0	NA	NA	NA	NA	NA
chr19	55320462	20	5	20	1.51782	NA	25	0	NA	NA	NA	NA	NA
chr19	55325735	59	7	10.61	1.51782	NA	66	1	NA	NA	NA	NA	NA
chr19	55325736	61	7	10.29	1.51782	NA	68	1	NA	NA	NA	NA	NA
chr19	55451263	21	2	8.7	1.51782	NA	23	0	NA	NA	NA	NA	NA
chr19	57060535	20	7	25.93	1.51782	NA	27	0	NA	NA	NA	NA	NA
chr2	31756627	28	7	20	1.91986	2	35	1	3	1.0000000001647e-09	0.0118054724892855	0.980940621685648	0.00725390882506611
chr2	31756631	28	7	20	1.91986	2	35	1	3	1.0000000001647e-09	0.0118054724892855	0.980940621685648	0.00725390882506611
chr2	37501846	15	8	34.78	1.91986	2	23	0	NA	NA	NA	NA	NA
chr2	89076154	63	4	5.97	1.85369	2	67	1	4	1e-09	1.00000000009736e-09	1.17012155849202e-05	0.999988300784415
chr2	89076169	62	4	6.06	1.85369	2	66	1	4	1e-09	1.00000000016906e-09	1.43406306860079e-05	0.999985661369314
chr2	89104333	158	22	12.22	1.85369	2	180	1	4	1e-09	2.32873018446086e-08	0.159149950145869	0.840850029566829
chr2	91935981	19	7	26.92	1.85369	2	26	0	NA	NA	NA	NA	NA
chr2	91936030	17	6	26.09	1.85369	2	23	0	NA	NA	NA	NA	NA
chr2	92080448	57	9	13.64	1.85369	2	66	1	4	1e-09	8.07640403301933e-07	0.452860638862597	0.547138556496999
chr2	92080473	49	9	15.52	1.85369	2	58	1	3	1e-09	2.89229082224337e-05	0.82315164813337	0.176819431958408
chr2	95501858	124	7	5.34	1.85369	2	131	1	4	1e-09	1.00000000000159e-09	2.56744507695254e-06	0.999997434554923
chr2	95504040	40	7	14.89	1.85369	2	47	1	3	1e-09	9.83070062738179e-06	0.72798796822682	0.272002204072553
chr2	95504178	31	7	18.42	1.85369	2	38	1	3	1.00000000000029e-09	0.00177489941645129	0.976755384139213	0.0214697194443354
chr2	95504193	35	7	16.67	1.85369	2	42	1	3	1e-09	0.000168594992932504	0.923352694007169	0.0764787139998988
chr2	95504208	30	7	18.92	1.85369	2	37	1	3	1.00000000000228e-09	0.00330130791595591	0.981570180237544	0.0151285148464999
chr2	95504229	19	7	26.92	1.85369	2	26	0	NA	NA	NA	NA	NA
chr2	95509782	36	8	18.18	1.85369	2	44	1	3	1.0000000000001e-09	0.00130803300483765	0.973234485385526	0.0254574846096361
chr2	95511052	112	8	6.67	1.85369	2	120	1	4	1e-09	1.00000000580214e-09	5.2780574214862e-05	0.999947221425785
chr2	95511061	108	9	7.69	1.85369	2	117	1	4	1e-09	1.00000109529056e-09	0.000363777002328638	0.99963622499767
chr2	95511062	109	9	7.63	1.85369	2	118	1	4	1e-09	1.00000082098295e-09	0.000327141860976144	0.999672860139023
chr2	95511065	105	9	7.89	1.85369	2	114	1	4	1e-09	1.00000281723981e-09	0.000515102536209177	0.999484899463788
chr2	95511152	134	13	8.84	1.85369	2	147	1	4	1e-09	1.00018399493676e-09	0.00239647701200511	0.997603524987811
chr2	95511185	123	25	16.89	1.85369	2	148	1	3	1e-09	0.000230859001188617	0.934745795078553	0.0650233489202584
chr2	95511218	100	31	23.66	1.85369	2	131	1	3	1.00004843129538e-09	0.3606554108991	0.638826571969518	0.000518020131333963
chr2	95513989	94	24	20.34	1.85369	2	118	1	3	1.00000000060296e-09	0.0173092728665581	0.976908453996175	0.00578227613726652
chr2	96515802	432	31	6.7	1.85369	2	463	1	4	1e-09	1.00000000684555e-09	5.60967921224533e-05	0.999943905207878
chr2	96515803	435	31	6.65	1.85369	2	466	1	4	1e-09	1.0000000051943e-09	5.06715849237881e-05	0.999949330415076
chr2	96517636	282	54	16.07	1.85369	2	336	1	3	1e-09	6.91098647910708e-05	0.881008300267923	0.118922592867286
chr2	96520969	81	8	8.99	1.85369	2	89	1	4	1e-09	1.00034126028508e-09	0.00300706613056717	0.996992935869091
chr2	96594858	101	16	13.68	1.85369	2	117	1	4	1e-09	8.82695226032301e-07	0.46260062580237	0.537398494502404
chr2	96594874	112	16	12.5	1.85369	2	128	1	4	1e-09	4.93136753612226e-08	0.204213125504119	0.795786828182206
chr2	96594878	112	16	12.5	1.85369	2	128	1	4	1e-09	4.93136753612226e-08	0.204213125504119	0.795786828182206
chr2	96594881	107	18	14.4	1.85369	2	125	1	3	1e-09	3.93600186444061e-06	0.631105366896036	0.3688907001021
chr2	96594883	108	18	14.29	1.85369	2	126	1	3	1e-09	3.17087818666716e-06	0.606911526937316	0.393085305184498
chr2	96604765	127	20	13.61	1.85369	2	147	1	4	1e-09	7.55251452158834e-07	0.445559649278698	0.55443959846985
chr2	96610544	34	10	22.73	1.85369	2	44	1	3	1.00000273953672e-09	0.183974498481038	0.814907872522635	0.00111763199632439
chr2	96610552	34	10	22.73	1.85369	2	44	1	3	1.00000273953672e-09	0.183974498481038	0.814907872522635	0.00111763199632439
chr2	97829866	62	14	18.42	1.85369	2	76	1	3	1.00000000000029e-09	0.00177489941645129	0.976755384139213	0.0214697194443354
chr2	97858704	59	10	14.49	1.85369	2	69	1	3	1e-09	4.68317594569371e-06	0.650291043504214	0.34970427631984
chr2	114356360	53	7	11.67	1.9866	2	60	1	4	1e-09	5.45767861298854e-09	0.0924683583024995	0.907531639239822
chr2	114356414	63	6	8.7	1.9866	2	69	1	4	1e-09	1.0001023705972e-09	0.00193187514994893	0.998068126849949
chr2	116520133	39	17	30.36	1.9866	2	56	1	2	1.40908680917231e-07	0.993925482780537	0.00607418514501427	1.95165768326275e-07
chr2	122176176	17	3	15	1.9866	2	20	0	NA	NA	NA	NA	NA
chr2	133015021	16	6	27.27	1.9866	2	22	0	NA	NA	NA	NA	NA
chr2	133015023	16	7	30.43	1.9866	2	23	0	NA	NA	NA	NA	NA
chr2	133015034	25	8	24.24	1.9866	2	33	1	3	1.00025186712391e-09	0.495172857971414	0.504529091295276	0.0002980537330575
chr2	133015041	24	6	20	1.9866	2	30	1	3	1.0000000001647e-09	0.0118054724892855	0.980940621685648	0.00725390882506611
chr2	133015043	22	7	24.14	1.9866	2	29	0	NA	NA	NA	NA	NA
chr2	133015049	17	7	29.17	1.9866	2	24	0	NA	NA	NA	NA	NA
chr2	133015216	250	34	11.97	1.9866	2	284	1	4	1e-09	1.18800515553207e-08	0.125378858014555	0.874621133105393
chr2	133015276	141	18	11.32	1.9866	2	159	1	4	1e-09	2.5082238417451e-09	0.0633456844667258	0.93665431602505
chr2	133015434	82	9	9.89	1.9866	2	91	1	4	1e-09	1.0112574877844e-09	0.0108300443864462	0.989169957602296
chr2	133015485	134	14	9.46	1.9866	2	148	1	4	1e-09	1.00221206722181e-09	0.0059705726659418	0.994029429331846
chr2	133015522	77	9	10.47	1.9866	2	86	1	4	1e-09	1.08997577217961e-09	0.0230776003319661	0.976922401578058
chr2	170440852	27	3	10	1.9866	2	30	1	4	1e-09	1.01686501372991e-09	0.0125522364236998	0.987447765559435
chr2	219545326	34	3	8.11	1.90885	2	37	1	4	1e-09	1.00000774746074e-09	0.000747491306465751	0.999252510693526
chr2	239007248	35	5	12.5	1.90885	2	40	1	4	1e-09	4.93136753612226e-08	0.204213125504119	0.795786828182206
chr2	240982275	51	5	8.93	1.90885	2	56	1	4	1e-09	1.00026688751369e-09	0.00274741599928151	0.997252586000452
chr20	13714503	55	4	6.78	1.9164	2	59	1	4	1e-09	1.00000001060118e-09	6.59062017135202e-05	0.999934095798287
chr20	20140090	26	4	13.33	1.9164	2	30	1	4	1e-09	3.96886142463016e-07	0.378172121027069	0.621827485086789
chr20	20351137	29	22	43.14	1.9164	2	51	1	1	0.989932562033508	0.0100674161349847	2.48314974929896e-08	1.00000930619219e-09
chr20	25754042	44	9	16.98	1.79801	2	53	1	3	1e-09	0.000262076465055103	0.938885833460004	0.0608520930749412
chr20	26067029	130	9	6.47	1.79801	2	139	1	4	1e-09	1.0000000018893e-09	3.49067285451655e-05	0.999965095271455
chr20	26067050	123	9	6.82	1.79801	2	132	1	4	1e-09	1.00000001316683e-09	7.13850870737482e-05	0.999928616912926
chr20	26067129	43	5	10.42	1.79801	2	48	1	4	1e-09	1.07559654074267e-09	0.0216660284950126	0.978333973429391
chr20	29628185	174	28	13.86	1.79801	2	202	1	3	1e-09	1.30641640993304e-06	0.506315126479308	0.493683570104282
chr20	29628216	278	35	11.18	1.79801	2	313	1	4	1e-09	1.96541843542658e-09	0.0541009086095077	0.945899092425074
chr20	29628254	319	37	10.39	1.79801	2	356	1	4	1e-09	1.06806632410357e-09	0.0208568813933442	0.97914312053859
chr20	29632545	132	9	6.38	1.79801	2	141	1	4	1e-09	1.00000000112732e-09	2.88579411115291e-05	0.999971144058889
chr20	29632551	164	10	5.75	1.79801	2	174	1	4	1e-09	1.00000000002437e-09	7.02278889415033e-06	0.999992979211106
chr20	29632583	306	41	11.82	1.79801	2	347	1	4	1e-09	7.99404087949077e-09	0.107931326813173	0.892068668192786
chr20	29633844	166	16	8.79	1.79801	2	182	1	4	1e-09	1.00014939720464e-09	0.00221986112467048	0.99778014087518
chr20	29637794	163	10	5.78	1.79801	2	173	1	4	1e-09	1.00000000002953e-09	7.53777634021548e-06	0.99999246422366
chr20	29637963	466	34	6.8	1.79801	2	500	1	4	1e-09	1.00000001181646e-09	6.85950395642591e-05	0.999931406960436
chr20	39812321	44	3	6.38	1.79801	2	47	1	4	1e-09	1.00000000112732e-09	2.88579411115291e-05	0.999971144058889
chr20	62550750	40	3	6.98	1.79801	2	43	1	4	1e-09	1.00000003093866e-09	9.77916966098322e-05	0.99990221030339
chr21	9865789	405	43	9.6	1.81064	2	448	1	4	1e-09	1.00378889254592e-09	0.00727180399034326	0.992728198005868
chr21	9865833	368	40	9.8	1.81064	2	408	1	4	1e-09	1.00805855752842e-09	0.00958452815981616	0.990415473832125
chr21	9897666	202	34	14.41	1.81064	2	236	1	3	1e-09	4.01329005909619e-06	0.633265163395485	0.366730826314456
chr21	9907417	114	18	13.64	1.81064	2	132	1	4	1e-09	8.07640403301933e-07	0.452860638862597	0.547138556496999
chr21	9907557	139	19	12.03	1.81064	2	158	1	4	1e-09	1.39520709233211e-08	0.132938852505601	0.867061136542328
chr21	9907576	146	19	11.52	1.81064	2	165	1	4	1e-09	3.81722254971595e-09	0.078859131028072	0.921140868154706
chr21	9922100	16	4	20	1.81064	2	20	0	NA	NA	NA	NA	NA
chr21	9926780	46	9	16.36	1.81064	2	55	1	3	1e-09	0.000107071168481329	0.903772308533806	0.0961206232977127
chr21	9926795	45	10	18.18	1.81064	2	55	1	3	1.0000000000001e-09	0.00130803300483765	0.973234485385526	0.0254574846096361
chr21	9926950	89	8	8.25	1.81064	2	97	1	4	1e-09	1.00001453753854e-09	0.000942304463745557	0.99905769753624
chr21	9927066	146	20	12.05	1.81064	2	166	1	4	1e-09	1.47227310140776e-08	0.135534366992096	0.864465621285173
chr21	11020826	100	9	8.26	1.81064	2	109	1	4	1e-09	1.00001519966861e-09	0.00095787471396928	0.999042127286016
chr21	11020831	107	13	10.83	1.81064	2	120	1	4	1e-09	1.30670466230305e-09	0.0359231324574845	0.964076869235811
chr21	15219244	74	11	12.94	1.81064	2	85	1	4	1e-09	1.53731978939128e-07	0.289940738437444	0.710059110830577
chr21	15219253	63	11	14.86	1.81064	2	74	1	3	1e-09	9.31430405807699e-06	0.722617388993626	0.277373299702315
chr21	15219258	70	11	13.58	1.81064	2	81	1	4	1e-09	7.06006486299159e-07	0.438265594924686	0.561733702068828
chr21	15219265	70	11	13.58	1.81064	2	81	1	4	1e-09	7.06006486299159e-07	0.438265594924686	0.561733702068828
chr21	15219267	79	11	12.22	1.81064	2	90	1	4	1e-09	2.32873018446086e-08	0.159149950145869	0.840850029566829
chr21	15219271	79	11	12.22	1.81064	2	90	1	4	1e-09	2.32873018446086e-08	0.159149950145869	0.840850029566829
chr21	15220363	44	7	13.73	1.81064	2	51	1	4	1e-09	9.85515735093623e-07	0.474773701975418	0.525225315508846
chr21	15339734	184	20	9.8	1.81064	2	204	1	4	1e-09	1.00805855752842e-09	0.00958452815981616	0.990415473832125
chr21	15343537	166	16	8.79	1.81064	2	182	1	4	1e-09	1.00014939720464e-09	0.00221986112467048	0.99778014087518
chr21	15343569	165	15	8.33	1.81064	2	180	1	4	1e-09	1.00002072882695e-09	0.00107370304122508	0.998926298958754
chr22	18775222	52	5	8.77	1.28636	NA	57	1	NA	NA	NA	NA	NA
chr22	18835298	75	13	14.77	1.28636	NA	88	1	NA	NA	NA	NA	NA
chr22	20366957	20	6	23.08	1.28636	NA	26	0	NA	NA	NA	NA	NA
chr22	21481612	22	2	8.33	1.28636	NA	24	0	NA	NA	NA	NA	NA
chr22	21576172	31	6	16.22	1.28636	NA	37	1	NA	NA	NA	NA	NA
chr22	21638476	53	12	18.46	1.28636	NA	65	1	NA	NA	NA	NA	NA
chr22	21643584	65	4	5.8	1.28636	NA	69	1	NA	NA	NA	NA	NA
chr22	24659764	40	4	9.09	1.28636	NA	44	1	NA	NA	NA	NA	NA
chr22	25010758	15	6	28.57	1.28636	NA	21	0	NA	NA	NA	NA	NA
chr22	25053631	73	10	12.05	1.28636	NA	83	1	NA	NA	NA	NA	NA
chr22	25053827	88	25	22.12	1.28636	NA	113	1	NA	NA	NA	NA	NA
chr22	38915983	24	3	11.11	1.28636	NA	27	0	NA	NA	NA	NA	NA
chr22	40085065	18	3	14.29	1.28636	NA	21	0	NA	NA	NA	NA	NA
chr22	40723048	38	3	7.32	1.28636	NA	41	1	NA	NA	NA	NA	NA
chr22	50893092	19	2	9.52	1.28636	NA	21	0	NA	NA	NA	NA	NA
chr3	5024762	31	3	8.82	1.54982	NA	34	1	NA	NA	NA	NA	NA
chr3	37408043	50	5	9.09	1.54982	NA	55	1	NA	NA	NA	NA	NA
chr3	44364725	30	2	6.25	1.54982	NA	32	1	NA	NA	NA	NA	NA
chr3	48620444	18	3	14.29	1.54982	NA	21	0	NA	NA	NA	NA	NA
chr3	49569852	20	2	9.09	1.54982	NA	22	0	NA	NA	NA	NA	NA
chr3	52097204	32	3	8.57	1.54982	NA	35	1	NA	NA	NA	NA	NA
chr3	52874587	18	2	10	1.54982	NA	20	0	NA	NA	NA	NA	NA
chr3	75713980	66	6	8.33	1.80826	2	72	1	4	1e-09	1.00002072882695e-09	0.00107370304122508	0.998926298958754
chr3	75714095	57	11	16.18	1.80826	2	68	1	3	1e-09	8.17238608942209e-05	0.890200424470113	0.109717854668993
chr3	75786352	336	40	10.64	1.80826	2	376	1	4	1e-09	1.1615176326082e-09	0.028515796539107	0.971484205299375
chr3	75788432	368	49	11.75	1.80826	2	417	1	4	1e-09	6.67411967997238e-09	0.100475849344609	0.899524146981271
chr3	129817154	121	11	8.33	1.95938	2	132	1	4	1e-09	1.00002072882695e-09	0.00107370304122508	0.998926298958754
chr3	157820617	37	8	17.78	1.95938	2	45	1	3	1.00000000000002e-09	0.000777636059735404	0.965296750035272	0.0339256169049927
chr3	195412748	91	9	9	1.95938	2	100	1	4	1e-09	1.00035547377987e-09	0.00305247784458146	0.996947524155063
chr3	195412859	91	23	20.18	1.95938	2	114	1	3	1.00000000032835e-09	0.014473036387156	0.979094829533146	0.00643213707969843
chr3	195412864	92	21	18.58	1.95938	2	113	1	3	1.00000000000056e-09	0.00216957484153024	0.978649729580007	0.0191806985784628
chr3	195506051	21	3	12.5	1.95938	2	24	0	NA	NA	NA	NA	NA
chr3	195507251	285	40	12.31	1.95938	2	325	1	4	1e-09	2.96782344178031e-08	0.172794346026881	0.827205627294885
chr3	195507673	174	21	10.77	1.95938	2	195	1	4	1e-09	1.25083922687669e-09	0.0334182025985323	0.966581799150628
chr3	195509832	293	40	12.01	1.95938	2	333	1	4	1e-09	1.32227916297665e-08	0.130381231947502	0.869618757829707
chr3	195509843	255	39	13.27	1.95938	2	294	1	4	1e-09	3.44352211699018e-07	0.364053271939252	0.635946386708536
chr3	195509865	259	31	10.69	1.95938	2	290	1	4	1e-09	1.191455965235e-09	0.0303198302346963	0.969680171573848
chr3	195509915	205	11	5.09	1.95938	2	216	1	4	1e-09	1.00000000000027e-09	1.33712999136598e-06	0.999998664870009
chr3	195510134	195	15	7.14	1.95938	2	210	1	4	1e-09	1.0000000712916e-09	0.00013300169059828	0.999867000309401
chr3	195510709	160	16	9.09	1.95938	2	176	1	4	1e-09	1.00051215297213e-09	0.00349056566677233	0.996509436332715
chr3	195510710	160	16	9.09	1.95938	2	176	1	4	1e-09	1.00051215297213e-09	0.00349056566677233	0.996509436332715
chr3	195512629	523	35	6.27	1.95938	2	558	1	4	1e-09	1.00000000059373e-09	2.27845653466391e-05	0.999977217434653
chr3	195512631	502	61	10.83	1.95938	2	563	1	4	1e-09	1.30670466230305e-09	0.0359231324574845	0.964076869235811
chr3	195515314	134	14	9.46	1.95938	2	148	1	4	1e-09	1.00221206722181e-09	0.0059705726659418	0.994029429331846
chr3	195701278	57	14	19.72	1.95938	2	71	1	3	1.00000000005557e-09	0.00855666512361713	0.982688041111763	0.00875529676461977
chr3	195701331	59	15	20.27	1.95938	2	74	1	3	1.00000000046247e-09	0.0160097748342137	0.977932356955339	0.00605787121044779
chr3	197894798	58	10	14.71	1.78782	2	68	1	3	1e-09	7.08402339510265e-06	0.694629167011254	0.305363751965351
chr4	3179190	25	2	7.41	1.34686	NA	27	0	NA	NA	NA	NA	NA
chr4	8983308	123	19	13.38	0.774158	1	142	1	NA	NA	NA	NA	NA
chr4	8983310	122	19	13.48	0.774158	1	141	1	NA	NA	NA	NA	NA
chr4	8983339	129	24	15.69	0.774158	1	153	1	NA	NA	NA	NA	NA
chr4	8983347	127	29	18.59	0.774158	1	156	1	NA	NA	NA	NA	NA
chr4	8983355	131	27	17.09	0.774158	1	158	1	NA	NA	NA	NA	NA
chr4	8983382	146	43	22.75	0.774158	1	189	1	NA	NA	NA	NA	NA
chr4	9245671	31	5	13.89	0.774158	1	36	1	NA	NA	NA	NA	NA
chr4	10686341	27	2	6.9	1.44884	NA	29	0	NA	NA	NA	NA	NA
chr4	49163940	108	12	10	1.44884	NA	120	1	NA	NA	NA	NA	NA
chr4	49502650	118	11	8.53	1.44884	NA	129	1	NA	NA	NA	NA	NA
chr4	49502683	117	14	10.69	1.44884	NA	131	1	NA	NA	NA	NA	NA
chr4	49504178	93	25	21.19	1.44884	NA	118	1	NA	NA	NA	NA	NA
chr4	120327395	67	15	18.29	2.56152	NA	82	1	NA	NA	NA	NA	NA
chr4	120327397	66	11	14.29	2.56152	NA	77	1	NA	NA	NA	NA	NA
chr4	120327846	48	9	15.79	2.56152	NA	57	1	NA	NA	NA	NA	NA
chr4	120327854	47	8	14.55	2.56152	NA	55	1	NA	NA	NA	NA	NA
chr4	166243482	98	20	16.95	2.56152	NA	118	1	NA	NA	NA	NA	NA
chr4	190805342	48	7	12.73	2.56152	NA	55	1	NA	NA	NA	NA	NA
chr4	190805344	50	7	12.28	2.56152	NA	57	1	NA	NA	NA	NA	NA
chr4	190876268	116	7	5.69	2.56152	NA	123	1	NA	NA	NA	NA	NA
chr4	190876272	114	7	5.79	2.56152	NA	121	1	NA	NA	NA	NA	NA
chr4	190876287	97	7	6.73	2.56152	NA	104	1	NA	NA	NA	NA	NA
chr4	190876293	75	17	18.48	2.56152	NA	92	1	NA	NA	NA	NA	NA
chr4	190878487	236	13	5.22	2.56152	NA	249	1	NA	NA	NA	NA	NA
chr5	756325	34	2	5.56	1.93348	2	36	1	4	1e-09	1.00000000000705e-09	4.44661665245177e-06	0.999995555383348
chr5	834176	38	16	29.63	1.93348	2	54	1	2	3.64030600071013e-08	0.989510175397374	0.0104893328471382	4.59352427967283e-07
chr5	21482593	268	19	6.62	1.93348	2	287	1	4	1e-09	1.00000000439705e-09	4.7653931445736e-05	0.999952348068554
chr5	21882856	26	14	35	1.93348	2	40	1	2	0.000461102757162426	0.999290943903542	0.000247955042488537	2.29680717951764e-09
chr5	68903043	47	12	20.34	1.99087	2	59	1	3	1.00000000060296e-09	0.0173092728665581	0.976908453996175	0.00578227613726652
chr5	69803426	26	6	18.75	1.99087	2	32	1	3	1.00000000000114e-09	0.00267936065123043	0.980292598413229	0.0170280439355403
chr5	76007968	14	6	30	1.99087	2	20	0	NA	NA	NA	NA	NA
chr5	97912988	52	10	16.13	1.99087	2	62	1	3	1e-09	7.57463598623042e-05	0.886110437740049	0.113813818900089
chr5	97912990	53	8	13.11	1.99087	2	61	1	4	1e-09	2.3415782141707e-07	0.32727549030555	0.672724278536629
chr5	97912991	53	8	13.11	1.99087	2	61	1	4	1e-09	2.3415782141707e-07	0.32727549030555	0.672724278536629
chr5	97913005	55	6	9.84	1.99087	2	61	1	4	1e-09	1.00935314855966e-09	0.0101209661950126	0.989879035795634
chr5	140237079	43	17	28.33	1.95274	2	60	1	2	3.81193685960716e-09	0.971524923525612	0.0284728575771078	2.2190853433705e-06
chr5	140559306	58	4	6.45	1.95274	2	62	1	4	1e-09	1.00000000168554e-09	3.34691557167551e-05	0.999966532844283
chr5	156770155	18	2	10	1.87696	2	20	0	NA	NA	NA	NA	NA
chr6	7287476	42	3	6.67	1.43018	NA	45	1	NA	NA	NA	NA	NA
chr6	29910419	36	4	10	2.11169	2	40	1	4	1e-09	1.01686501372991e-09	0.0125522364236998	0.987447765559435
chr6	30954414	31	14	31.11	2.11169	2	45	1	2	5.57227790752181e-07	0.996491287903903	0.00350807584100288	8.30273027917234e-08
chr6	30954446	54	8	12.9	2.11169	2	62	1	4	1e-09	1.39017821729862e-07	0.281461408150648	0.71853845583153
chr6	30954458	69	12	14.81	2.11169	2	81	1	3	1e-09	8.50834512547027e-06	0.713497104649177	0.286494390005698
chr6	30954465	71	12	14.46	2.11169	2	83	1	3	1e-09	4.42087827131848e-06	0.643959785196124	0.356035796925604
chr6	30954466	75	12	13.79	2.11169	2	87	1	4	1e-09	1.12336567332828e-06	0.489359533889081	0.510639345745246
chr6	30954467	74	12	13.95	2.11169	2	86	1	3	1e-09	1.58184782850271e-06	0.527959774647542	0.47203864650463
chr6	30954468	69	17	19.77	2.11169	2	86	1	3	1.00000000006755e-09	0.00906682292490285	0.982468030983258	0.00846514909183932
chr6	30954485	128	8	5.88	2.11169	2	136	1	4	1e-09	1.0000000000556e-09	9.5178610101854e-06	0.99999048413899
chr6	30954504	152	16	9.52	2.11169	2	168	1	4	1e-09	1.00278869474477e-09	0.00649955268005435	0.993500449317157
chr6	30954523	137	33	19.41	2.11169	2	170	1	3	1.00000000001638e-09	0.00595027363974247	0.983247073863076	0.010802655497181
chr6	30954558	154	10	6.1	2.11169	2	164	1	4	1e-09	1.00000000021548e-09	1.56821260345707e-05	0.999984319873965
chr6	30954777	116	30	20.55	2.11169	2	146	1	3	1.00000000132834e-09	0.0218235972183246	0.973146610313935	0.00502979546774028
chr6	30955022	50	4	7.41	2.11169	2	54	1	4	1e-09	1.0000002796497e-09	0.000220035093631066	0.999779966906369
chr6	30955043	19	8	29.63	2.11169	2	27	0	NA	NA	NA	NA	NA
chr6	30955053	16	4	20	2.11169	2	20	0	NA	NA	NA	NA	NA
chr6	30955113	17	3	15	2.11169	2	20	0	NA	NA	NA	NA	NA
chr6	30955119	21	3	12.5	2.11169	2	24	0	NA	NA	NA	NA	NA
chr6	30955127	15	12	44.44	2.11169	2	27	0	NA	NA	NA	NA	NA
chr6	30955143	14	16	53.33	2.11169	2	30	1	1	0.999999981088824	2.09111753074276e-08	1.00000047070202e-09	1.00000000000002e-09
chr6	87965254	64	16	20	2.11169	2	80	1	3	1.0000000001647e-09	0.0118054724892855	0.980940621685648	0.00725390882506611
chr7	39832646	67	4	5.63	1.83071	2	71	1	4	1e-09	1.00000000001119e-09	5.27154182197231e-06	0.999994730458178
chr7	39832652	68	4	5.56	1.83071	2	72	1	4	1e-09	1.00000000000705e-09	4.44661665245177e-06	0.999995555383348
chr7	39832657	64	4	5.88	1.83071	2	68	1	4	1e-09	1.0000000000556e-09	9.5178610101854e-06	0.99999048413899
chr7	39834025	116	8	6.45	1.83071	2	124	1	4	1e-09	1.00000000168554e-09	3.34691557167551e-05	0.999966532844283
chr7	44039241	85	8	8.6	1.83071	2	93	1	4	1e-09	1.00006694560782e-09	0.0016525686001298	0.998347433399803
chr7	45726205	23	3	11.54	1.83071	2	26	0	NA	NA	NA	NA	NA
chr7	48550708	43	18	29.51	1.83071	2	61	1	2	2.91570374931031e-08	0.988512102597519	0.0114873423863022	5.29859141190192e-07
chr7	63219700	60	4	6.25	1.83071	2	64	1	4	1e-09	1.00000000052775e-09	2.18165653828049e-05	0.999978185434617
chr7	65157926	26	10	27.78	1.83071	2	36	1	2	1.92613614153757e-09	0.956261841543804	0.0437337701698137	4.39036024593543e-06
chr7	65157928	26	10	27.78	1.83071	2	36	1	2	1.92613614153757e-09	0.956261841543804	0.0437337701698137	4.39036024593543e-06
chr7	65306558	65	15	18.75	1.83071	2	80	1	3	1.00000000000114e-09	0.00267936065123043	0.980292598413229	0.0170280439355403
chr7	65306563	64	14	17.95	1.83071	2	78	1	3	1.00000000000004e-09	0.00097170589131663	0.969014606190466	0.0300136909182175
chr7	71251617	46	13	22.03	1.83071	2	59	1	3	1.00000026700178e-09	0.0992050604398164	0.898935720865778	0.00185922169440538
chr7	76682610	34	9	20.93	1.83071	2	43	1	3	1.00000000542107e-09	0.0328797352680354	0.963210497764987	0.00390976996697787
chr7	99704764	38	3	7.32	1.83071	2	41	1	4	1e-09	1.00000017832708e-09	0.000186434055777416	0.999813567944223
chr7	100634933	82	16	16.33	1.83071	2	98	1	3	1e-09	0.000102392901862121	0.901630680330579	0.0982669297675584
chr7	102319079	22	5	18.52	1.83071	2	27	0	NA	NA	NA	NA	NA
chr7	117188850	85	11	11.46	1.90633	2	96	1	4	1e-09	3.33931268237951e-09	0.0739023539630601	0.926097645697627
chr7	128292449	101	9	8.18	1.90633	2	110	1	4	1e-09	1.00001062718636e-09	0.000839691020784948	0.999160310979205
chr7	128293244	128	7	5.19	1.90633	2	135	1	4	1e-09	1.00000000000056e-09	1.74237612969183e-06	0.99999825962387
chr7	128294249	100	7	6.54	1.90633	2	107	1	4	1e-09	1.00000000280904e-09	4.04006044844759e-05	0.999959601395516
chr7	142457313	39	10	20.41	1.90633	2	49	1	3	1.00000000078535e-09	0.0187068906447286	0.975773620812115	0.00551949154315679
chr7	142457316	39	12	23.53	1.90633	2	51	1	3	1.00003295797885e-09	0.332156627293936	0.667261830027331	0.00058154567870091
chr7	142457347	54	18	25	1.90633	2	72	1	2	1.00185445116319e-09	0.664887023256609	0.334980726414901	0.000132253326635624
chr7	142457382	33	15	31.25	1.90633	2	48	1	2	7.18278469942163e-07	0.996828369346405	0.00317084537213041	7.10029948943306e-08
chr7	142457386	33	14	29.79	1.90633	2	47	1	2	4.89775268325955e-08	0.990703054903126	0.0092965200636243	3.80055722933348e-07
chr7	142457402	26	7	21.21	1.90633	2	33	1	3	1.0000000149904e-09	0.0440985513504802	0.952655701457012	0.00324575019250791
chr7	143400205	20	5	20	1.90633	2	25	0	NA	NA	NA	NA	NA
chr7	151932848	23	6	20.69	1.90633	2	29	0	NA	NA	NA	NA	NA
chr7	151933015	38	6	13.64	1.90633	2	44	1	4	1e-09	8.07640403301933e-07	0.452860638862597	0.547138556496999
chr7	151970797	160	20	11.11	1.90633	2	180	1	4	1e-09	1.77032142121692e-09	0.0499316238001576	0.950068377429521
chr7	151970859	192	20	9.43	1.90633	2	212	1	4	1e-09	1.00196900739323e-09	0.00572118139614884	0.994278820601882
chr8	7438026	201	21	9.46	1.39271	NA	222	1	NA	NA	NA	NA	NA
chr8	12034624	64	17	20.99	1.39271	NA	81	1	NA	NA	NA	NA	NA
chr8	43057643	14	11	44	1.86878	2	25	0	NA	NA	NA	NA	NA
chr8	52731125	110	7	5.98	1.86878	2	117	1	4	1e-09	1.00000000010356e-09	1.19705023523606e-05	0.999988031497647
chr8	52731140	95	18	15.93	1.86878	2	113	1	3	1e-09	5.56647706293041e-05	0.868240793553343	0.131703544676028
chr8	52731235	164	17	9.39	1.86878	2	181	1	4	1e-09	1.0016849429019e-09	0.00540353633342423	0.994596465664891
chr8	52731564	108	14	11.48	1.86878	2	122	1	4	1e-09	3.48922176788735e-09	0.0755248171164572	0.924475182394321
chr8	52732823	65	11	14.47	1.86878	2	76	1	3	1e-09	4.50678500194886e-06	0.646077439568548	0.35391805664645
chr8	52732959	174	10	5.43	1.86878	2	184	1	4	1e-09	1.00000000000295e-09	3.22295136798053e-06	0.999996779048632
chr8	52733121	125	9	6.72	1.86878	2	134	1	4	1e-09	1.00000000764026e-09	5.84136157159385e-05	0.999941588384284
chr8	70585361	36	3	7.69	1.86878	2	39	1	4	1e-09	1.00000109529056e-09	0.000363777002328638	0.99963622499767
chr8	91637323	72	15	17.24	1.94868	2	87	1	3	1e-09	0.000376031578278593	0.949354426081693	0.0502695453400283
chr8	101908165	39	17	30.36	1.94868	2	56	1	2	1.40908680917231e-07	0.993925482780537	0.00607418514501427	1.95165768326275e-07
chr9	117932	40	4	9.09	1.89645	2	44	1	4	1e-09	1.00051215297213e-09	0.00349056566677233	0.996509436332715
chr9	990201	25	5	16.67	1.9526	2	30	1	3	1e-09	0.000168594992932504	0.923352694007169	0.0764787139998988
chr9	33541216	22	6	21.43	1.82931	2	28	0	NA	NA	NA	NA	NA
chr9	33798414	47	13	21.67	1.82931	2	60	1	3	1.00000007684315e-09	0.0701850516841662	0.92743269504074	0.00238225627509363
chr9	33798418	50	12	19.35	1.82931	2	62	1	3	1.0000000000129e-09	0.00554161617951978	0.98320449440731	0.0112538924131702
chr9	33798428	58	13	18.31	1.82931	2	71	1	3	1.00000000000018e-09	0.00154413274227593	0.975246818462225	0.0232090517954988
chr9	33798998	26	6	18.75	1.82931	2	32	1	3	1.00000000000114e-09	0.00267936065123043	0.980292598413229	0.0170280439355403
chr9	33799019	28	5	15.15	1.82931	2	33	1	3	1e-09	1.55312025207222e-05	0.771310799903006	0.228673671894473
chr9	33799026	31	4	11.43	1.82931	2	35	1	4	1e-09	3.13061436842847e-09	0.0715235150875788	0.928476484781807
chr9	33799163	30	8	21.05	1.82931	2	38	1	3	1.00000000839987e-09	0.0373223714179803	0.959067230588583	0.00361040099343695
chr9	33799185	25	9	26.47	1.82931	2	34	1	2	1.0579504214804e-09	0.879397677140361	0.120579691625114	2.26341765742747e-05
chr9	38541604	41	8	16.33	1.82931	2	49	1	3	1e-09	0.000102392901862121	0.901630680330579	0.0982669297675584
chr9	40705126	35	10	22.22	1.82931	2	45	1	3	1.00000050873505e-09	0.118229349827011	0.880144566568421	0.00162608660456737
chr9	45424492	69	11	13.75	1.56754	NA	80	1	NA	NA	NA	NA	NA
chr9	45424509	59	9	13.24	1.56754	NA	68	1	NA	NA	NA	NA	NA
chr9	66499897	108	19	14.96	1.56754	NA	127	1	NA	NA	NA	NA	NA
chr9	66512900	81	23	22.12	1.56754	NA	104	1	NA	NA	NA	NA	NA
chr9	66513855	387	44	10.21	1.56754	NA	431	1	NA	NA	NA	NA	NA
chr9	67331097	51	8	13.56	1.56754	NA	59	1	NA	NA	NA	NA	NA
chr9	67331137	46	7	13.21	1.56754	NA	53	1	NA	NA	NA	NA	NA
chr9	67912333	25	5	16.67	1.56754	NA	30	1	NA	NA	NA	NA	NA
chr9	67935102	75	20	21.05	1.56754	NA	95	1	NA	NA	NA	NA	NA
chr9	67938905	42	5	10.64	1.56754	NA	47	1	NA	NA	NA	NA	NA
chr9	67938910	40	8	16.67	1.56754	NA	48	1	NA	NA	NA	NA	NA
chr9	67957857	100	16	13.79	1.56754	NA	116	1	NA	NA	NA	NA	NA
chr9	68427863	449	47	9.48	1.56754	NA	496	1	NA	NA	NA	NA	NA
chr9	68429250	87	8	8.42	1.56754	NA	95	1	NA	NA	NA	NA	NA
chr9	68429286	56	11	16.42	1.56754	NA	67	1	NA	NA	NA	NA	NA
chr9	68429321	29	9	23.68	1.56754	NA	38	1	NA	NA	NA	NA	NA
chr9	68430097	245	17	6.49	1.56754	NA	262	1	NA	NA	NA	NA	NA
chr9	68430167	723	66	8.37	1.56754	NA	789	1	NA	NA	NA	NA	NA
chr9	68430172	744	66	8.15	1.56754	NA	810	1	NA	NA	NA	NA	NA
chr9	68430195	797	85	9.64	1.56754	NA	882	1	NA	NA	NA	NA	NA
chr9	68433422	117	12	9.3	3.36778	NA	129	1	NA	NA	NA	NA	NA
chr9	68433626	160	20	11.11	3.36778	NA	180	1	NA	NA	NA	NA	NA
chr9	69391206	151	23	13.22	1.82222	2	174	1	4	1e-09	3.05588650792801e-07	0.352413569937554	0.647586127473795
chr9	69391207	159	13	7.56	1.82222	2	172	1	4	1e-09	1.00000058480211e-09	0.000288725486761365	0.999711276513238
chr9	69423558	151	30	16.57	1.82222	2	181	1	3	1e-09	0.000145841962721021	0.917519066784994	0.082335094252285
chr9	69423641	150	30	16.67	1.82222	2	180	1	3	1e-09	0.000168594992932504	0.923352694007169	0.0764787139998988
chr9	69651318	42	12	22.22	1.82222	2	54	1	3	1.00000050873505e-09	0.118229349827011	0.880144566568421	0.00162608660456737
chr9	69901120	21	9	30	1.82222	2	30	1	2	7.23269266714268e-08	0.992058782786771	0.00794085204969905	2.96836602831539e-07
chr9	70919276	99	23	18.85	1.82222	2	122	1	3	1.00000000000171e-09	0.00303024365341914	0.981087652347553	0.0158821069990275
chr9	70919325	126	25	16.56	1.82222	2	151	1	3	1e-09	0.000143732016285835	0.916911507121655	0.0829447638620591
chr9	70919413	61	10	14.08	1.82222	2	71	1	3	1e-09	2.07403987203955e-06	0.558769468134379	0.441228460825749
chr9	112706268	40	14	25.93	1.82222	2	54	1	2	1.01723712184054e-09	0.820175276425041	0.179780614814447	4.41117432756044e-05
chr9	123667377	22	3	12	1.82222	2	25	0	NA	NA	NA	NA	NA
chrX	6451929	106	6	5.36	1.86684	2	112	1	4	1e-09	1.00000000000183e-09	2.70140608521908e-06	0.999997300593915
chrX	7811288	30	10	25	1.86684	2	40	1	2	1.00185445116319e-09	0.664887023256609	0.334980726414901	0.000132253326635624
chrX	12724937	30	14	31.82	1.86684	2	44	1	2	1.99996948970375e-06	0.997887163833707	0.00211080220733792	3.79894648599276e-08
chrX	52662333	23	5	17.86	1.86684	2	28	0	NA	NA	NA	NA	NA
chrX	67941903	42	3	6.67	1.86684	2	45	1	4	1e-09	1.00000000580214e-09	5.2780574214862e-05	0.999947221425785
chrX	96194485	21	5	19.23	1.86684	2	26	0	NA	NA	NA	NA	NA
chrX	135958730	83	6	6.74	1.86684	2	89	1	4	1e-09	1.00000000852443e-09	6.08187204941081e-05	0.999939183279506
chrX	151088062	20	2	9.09	1.89382	2	22	0	NA	NA	NA	NA	NA
chrX	153009876	19	7	26.92	1.89382	2	26	0	NA	NA	NA	NA	NA
