chr	st	BC30T.ref	BC30T.var	BC30T.vaf	BC30T.cn	BC30T.cleancn	BC30T.depth	adequateDepth	cluster	cluster.prob
chr1	14815	109	8	6.84	1.75881	2	117	1	1	1.000000001
chr1	1431165	9	13	59.09	1.895	2	22	0	NA	NA
chr1	12853140	25	11	30.56	1.895	2	36	1	1	1.000000001
chr1	12884598	131	13	9.03	1.895	2	144	1	1	1.000000001
chr1	12919482	109	31	22.14	1.895	2	140	1	1	1.000000001
chr1	12942289	42	6	12.5	1.895	2	48	1	1	1.000000001
chr1	13184205	71	12	14.46	1.895	2	83	1	1	1.000000001
chr1	13184207	68	12	15	1.895	2	80	1	1	1.000000001
chr1	13184211	69	13	15.85	1.895	2	82	1	1	1.000000001
chr1	13184213	70	13	15.66	1.895	2	83	1	1	1.000000001
chr1	13736937	10	18	64.29	1.895	2	28	0	NA	NA
chr1	16890756	89	22	19.82	1.895	2	111	1	1	1.000000001
chr1	16891333	226	24	9.6	1.895	2	250	1	1	1.000000001
chr1	16891534	76	11	12.64	1.895	2	87	1	1	1.000000001
chr1	16891734	38	4	9.52	1.895	2	42	1	1	1.000000001
chr1	16891735	37	4	9.76	1.895	2	41	1	1	1.000000001
chr1	16892811	293	48	14.08	1.895	2	341	1	1	1.000000001
chr1	16893047	238	27	10.19	1.895	2	265	1	1	1.000000001
chr1	16893052	244	27	9.96	1.895	2	271	1	1	1.000000001
chr1	16893070	271	25	8.45	1.895	2	296	1	1	1.000000001
chr1	16893170	171	30	14.93	1.895	2	201	1	1	1.000000001
chr1	16893247	79	10	11.24	1.895	2	89	1	1	1.000000001
chr1	16893589	323	42	11.51	1.895	2	365	1	1	1.000000001
chr1	16893701	626	67	9.67	1.895	2	693	1	1	1.000000001
chr1	16902727	58	13	18.31	1.895	2	71	1	1	1.000000001
chr1	16902844	111	11	9.02	1.895	2	122	1	1	1.000000001
chr1	16903001	84	24	22.22	1.895	2	108	1	1	1.000000001
chr1	16903747	55	5	8.33	1.895	2	60	1	1	1.000000001
chr1	16908181	29	6	17.14	1.895	2	35	1	1	1.000000001
chr1	16948260	24	10	29.41	1.895	2	34	1	1	1.000000001
chr1	16976744	61	8	11.59	1.895	2	69	1	1	1.000000001
chr1	17083713	49	7	12.5	1.895	2	56	1	1	1.000000001
chr1	17083776	48	5	9.43	1.895	2	53	1	1	1.000000001
chr1	17084175	316	44	12.22	1.895	2	360	1	1	1.000000001
chr1	17084367	102	32	23.88	1.895	2	134	1	1	1.000000001
chr1	17084415	89	19	17.59	1.895	2	108	1	1	1.000000001
chr1	17085712	52	8	13.33	1.895	2	60	1	1	1.000000001
chr1	25656673	38	6	13.64	1.895	2	44	1	1	1.000000001
chr1	68627199	188	16	7.84	1.895	2	204	1	1	1.000000001
chr1	68627270	91	22	19.47	1.895	2	113	1	1	1.000000001
chr1	68628282	48	6	11.11	1.895	2	54	1	1	1.000000001
chr1	79356167	79	4	4.82	1.895	2	83	1	1	1.000000001
chr1	89449390	196	75	27.68	1.895	2	271	1	1	1.000000001
chr1	100345415	38	11	22.45	1.895	2	49	1	1	1.000000001
chr1	100346876	41	17	29.31	1.895	2	58	1	1	1.000000001
chr1	104089023	22	5	18.52	1.895	2	27	0	NA	NA
chr1	117158934	47	19	28.79	1.895	2	66	1	1	1.000000001
chr1	117158972	58	20	25.64	1.895	2	78	1	1	1.000000001
chr1	142619255	85	8	8.6	1.895	2	93	1	1	1.000000001
chr1	142711489	141	44	23.78	1.895	2	185	1	1	1.000000001
chr1	142722515	42	18	30	1.895	2	60	1	1	1.000000001
chr1	142722519	53	18	25.35	1.895	2	71	1	1	1.000000001
chr1	142723594	297	16	5.11	1.895	2	313	1	1	1.000000001
chr1	142803359	87	6	6.45	1.895	2	93	1	1	1.000000001
chr1	142805268	343	30	8.04	1.895	2	373	1	1	1.000000001
chr1	142805404	393	86	17.95	1.895	2	479	1	1	1.000000001
chr1	142806033	420	29	6.46	1.895	2	449	1	1	1.000000001
chr1	142806039	435	26	5.64	1.895	2	461	1	1	1.000000001
chr1	142806045	415	62	13	1.895	2	477	1	1	1.000000001
chr1	142806053	436	68	13.49	1.895	2	504	1	1	1.000000001
chr1	142806056	486	34	6.54	1.895	2	520	1	1	1.000000001
chr1	142806117	414	36	8	1.895	2	450	1	1	1.000000001
chr1	142806125	410	36	8.07	1.895	2	446	1	1	1.000000001
chr1	142806133	403	35	7.99	1.895	2	438	1	1	1.000000001
chr1	142806784	479	21	4.2	1.895	2	500	1	1	1.000000001
chr1	142806801	445	42	8.62	1.895	2	487	1	1	1.000000001
chr1	142806806	456	58	11.28	1.895	2	514	1	1	1.000000001
chr1	142806817	488	38	7.22	1.895	2	526	1	1	1.000000001
chr1	142806974	90	5	5.26	1.895	2	95	1	1	1.000000001
chr1	142808247	244	37	13.17	1.895	2	281	1	1	1.000000001
chr1	142808294	244	36	12.86	1.895	2	280	1	1	1.000000001
chr1	142809544	140	12	7.89	1.895	2	152	1	1	1.000000001
chr1	142809584	99	12	10.81	1.895	2	111	1	1	1.000000001
chr1	142810717	82	11	11.83	1.895	2	93	1	1	1.000000001
chr1	142810747	140	13	8.5	1.895	2	153	1	1	1.000000001
chr1	142810749	142	13	8.39	1.895	2	155	1	1	1.000000001
chr1	142810754	150	14	8.54	1.895	2	164	1	1	1.000000001
chr1	142810759	164	13	7.34	1.895	2	177	1	1	1.000000001
chr1	142810769	181	14	7.18	1.895	2	195	1	1	1.000000001
chr1	142810775	187	14	6.97	1.895	2	201	1	1	1.000000001
chr1	142810828	234	17	6.77	1.895	2	251	1	1	1.000000001
chr1	142811549	42	3	6.67	1.895	2	45	1	1	1.000000001
chr1	142811592	85	10	10.53	1.895	2	95	1	1	1.000000001
chr1	142811605	179	8	4.28	1.895	2	187	1	1	1.000000001
chr1	142811678	457	30	6.16	1.895	2	487	1	1	1.000000001
chr1	142811696	462	50	9.77	1.895	2	512	1	1	1.000000001
chr1	142812317	168	16	8.7	1.895	2	184	1	1	1.000000001
chr1	142812334	273	28	9.3	1.895	2	301	1	1	1.000000001
chr1	142812344	308	47	13.24	1.895	2	355	1	1	1.000000001
chr1	142812428	476	52	9.85	1.895	2	528	1	1	1.000000001
chr1	142812449	501	55	9.89	1.895	2	556	1	1	1.000000001
chr1	142812866	213	17	7.39	1.895	2	230	1	1	1.000000001
chr1	142813004	440	50	10.2	1.895	2	490	1	1	1.000000001
chr1	142813018	452	53	10.5	1.895	2	505	1	1	1.000000001
chr1	142813022	455	49	9.72	1.895	2	504	1	1	1.000000001
chr1	142813024	462	58	11.15	1.895	2	520	1	1	1.000000001
chr1	142813079	445	42	8.62	1.895	2	487	1	1	1.000000001
chr1	142813106	433	40	8.46	1.895	2	473	1	1	1.000000001
chr1	142815318	416	25	5.67	1.895	2	441	1	1	1.000000001
chr1	142815425	177	20	10.15	1.895	2	197	1	1	1.000000001
chr1	142815441	115	18	13.53	1.895	2	133	1	1	1.000000001
chr1	142815656	307	47	13.28	1.895	2	354	1	1	1.000000001
chr1	142816197	207	15	6.76	1.895	2	222	1	1	1.000000001
chr1	142816234	401	27	6.31	1.895	2	428	1	1	1.000000001
chr1	142816262	583	38	6.12	1.895	2	621	1	1	1.000000001
chr1	142816330	798	42	5	1.895	2	840	1	1	1.000000001
chr1	142816346	823	50	5.73	1.895	2	873	1	1	1.000000001
chr1	142816373	745	50	6.29	1.895	2	795	1	1	1.000000001
chr1	142816540	131	9	6.43	1.895	2	140	1	1	1.000000001
chr1	142816557	106	7	6.19	1.895	2	113	1	1	1.000000001
chr1	142816903	190	13	6.4	1.895	2	203	1	1	1.000000001
chr1	142816906	173	30	14.78	1.895	2	203	1	1	1.000000001
chr1	142816918	180	17	8.63	1.895	2	197	1	1	1.000000001
chr1	142816945	136	10	6.85	1.895	2	146	1	1	1.000000001
chr1	142818167	127	14	9.93	1.895	2	141	1	1	1.000000001
chr1	142819629	82	8	8.89	1.895	2	90	1	1	1.000000001
chr1	142820146	433	49	10.17	1.895	2	482	1	1	1.000000001
chr1	142820196	570	63	9.95	1.895	2	633	1	1	1.000000001
chr1	142822389	153	31	16.85	1.895	2	184	1	1	1.000000001
chr1	142825241	48	3	5.88	1.895	2	51	1	1	1.000000001
chr1	142827042	311	88	22.06	1.895	2	399	1	1	1.000000001
chr1	142827044	355	51	12.56	1.895	2	406	1	1	1.000000001
chr1	142827795	284	56	16.47	1.895	2	340	1	1	1.000000001
chr1	142827860	355	45	11.25	1.895	2	400	1	1	1.000000001
chr1	142827948	242	17	6.56	1.895	2	259	1	1	1.000000001
chr1	142827985	233	15	6.05	1.895	2	248	1	1	1.000000001
chr1	142827990	235	11	4.47	1.895	2	246	1	1	1.000000001
chr1	142827992	227	11	4.62	1.895	2	238	1	1	1.000000001
chr1	142828344	84	14	14.29	1.895	2	98	1	1	1.000000001
chr1	142828365	60	8	11.76	1.895	2	68	1	1	1.000000001
chr1	142828368	43	15	25.86	1.895	2	58	1	1	1.000000001
chr1	142828369	50	9	15.25	1.895	2	59	1	1	1.000000001
chr1	142828383	37	7	15.91	1.895	2	44	1	1	1.000000001
chr1	142828384	38	7	15.56	1.895	2	45	1	1	1.000000001
chr1	142890934	31	5	13.89	1.895	2	36	1	1	1.000000001
chr1	143156586	21	18	46.15	1.895	2	39	1	1	1.000000001
chr1	143166731	107	26	19.55	1.895	2	133	1	1	1.000000001
chr1	143166735	124	9	6.77	1.895	2	133	1	1	1.000000001
chr1	143167436	75	9	10.71	1.895	2	84	1	1	1.000000001
chr1	143194248	41	13	24.07	1.895	2	54	1	1	1.000000001
chr1	143194254	41	13	24.07	1.895	2	54	1	1	1.000000001
chr1	143194260	41	11	21.15	1.895	2	52	1	1	1.000000001
chr1	143209759	502	44	8.06	1.895	2	546	1	1	1.000000001
chr1	143209765	484	37	7.1	1.895	2	521	1	1	1.000000001
chr1	143217584	138	19	12.1	1.895	2	157	1	1	1.000000001
chr1	143219693	29	19	39.58	1.895	2	48	1	1	1.000000001
chr1	143219898	357	15	4.03	1.895	2	372	1	1	1.000000001
chr1	143219938	264	27	9.28	1.895	2	291	1	1	1.000000001
chr1	143219951	272	21	7.17	1.895	2	293	1	1	1.000000001
chr1	143223085	211	28	11.72	1.895	2	239	1	1	1.000000001
chr1	143225652	19	6	24	1.895	2	25	0	NA	NA
chr1	143228602	188	11	5.53	1.895	2	199	1	1	1.000000001
chr1	143358148	29	5	14.71	1.895	2	34	1	1	1.000000001
chr1	143380573	41	7	14.58	1.895	2	48	1	1	1.000000001
chr1	143380574	43	7	14	1.895	2	50	1	1	1.000000001
chr1	144593781	19	12	38.71	1.895	2	31	1	1	1.000000001
chr1	144593792	18	10	35.71	1.895	2	28	0	NA	NA
chr1	144612173	43	25	36.76	1.895	2	68	1	1	1.000000001
chr1	144612217	43	26	37.68	1.895	2	69	1	1	1.000000001
chr1	144619505	60	13	17.81	1.895	2	73	1	1	1.000000001
chr1	144621555	110	6	5.17	1.895	2	116	1	1	1.000000001
chr1	144830326	337	33	8.92	1.895	2	370	1	1	1.000000001
chr1	144854761	58	17	22.67	1.895	2	75	1	1	1.000000001
chr1	144854765	55	17	23.61	1.895	2	72	1	1	1.000000001
chr1	145293269	564	62	9.9	1.895	2	626	1	1	1.000000001
chr1	145293724	101	5	4.72	1.895	2	106	1	1	1.000000001
chr1	145299758	113	20	15.04	1.895	2	133	1	1	1.000000001
chr1	145304787	73	18	19.78	1.895	2	91	1	1	1.000000001
chr1	145368518	416	111	21.06	1.895	2	527	1	1	1.000000001
chr1	145370377	216	28	11.48	1.895	2	244	1	1	1.000000001
chr1	145370402	145	33	18.54	1.895	2	178	1	1	1.000000001
chr1	145370411	137	10	6.8	1.895	2	147	1	1	1.000000001
chr1	147999684	14	8	36.36	1.895	2	22	0	NA	NA
chr1	148004525	247	20	7.49	1.895	2	267	1	1	1.000000001
chr1	148004567	255	33	11.46	1.895	2	288	1	1	1.000000001
chr1	148004568	257	33	11.38	1.895	2	290	1	1	1.000000001
chr1	148004954	43	5	10.42	1.895	2	48	1	1	1.000000001
chr1	148004986	53	8	13.11	1.895	2	61	1	1	1.000000001
chr1	148005034	38	8	17.39	1.895	2	46	1	1	1.000000001
chr1	148017421	29	5	14.71	1.895	2	34	1	1	1.000000001
chr1	148017435	36	19	34.55	1.895	2	55	1	1	1.000000001
chr1	148251597	286	22	7.14	1.895	2	308	1	1	1.000000001
chr1	148252111	116	35	23.18	1.895	2	151	1	1	1.000000001
chr1	148343792	87	11	11.22	1.895	2	98	1	1	1.000000001
chr1	148346783	149	15	9.15	1.895	2	164	1	1	1.000000001
chr1	148346785	146	13	8.18	1.895	2	159	1	1	1.000000001
chr1	148589042	44	24	35.29	1.895	2	68	1	1	1.000000001
chr1	148756397	22	11	33.33	1.895	2	33	1	1	1.000000001
chr1	148756432	40	14	25.93	1.895	2	54	1	1	1.000000001
chr1	148853852	193	35	15.35	1.895	2	228	1	1	1.000000001
chr1	148853872	192	26	11.93	1.895	2	218	1	1	1.000000001
chr1	148853876	199	27	11.95	1.895	2	226	1	1	1.000000001
chr1	148853879	189	27	12.5	1.895	2	216	1	1	1.000000001
chr1	148876274	53	9	14.52	1.895	2	62	1	1	1.000000001
chr1	148876293	66	9	12	1.895	2	75	1	1	1.000000001
chr1	148890360	102	11	9.73	1.895	2	113	1	1	1.000000001
chr1	148891474	63	16	20.25	1.895	2	79	1	1	1.000000001
chr1	148891481	70	18	20.45	1.895	2	88	1	1	1.000000001
chr1	148903538	63	12	16	1.895	2	75	1	1	1.000000001
chr1	148903639	49	34	40.96	1.895	2	83	1	1	1.000000001
chr1	148903790	61	5	7.58	1.895	2	66	1	1	1.000000001
chr1	149065303	21	53	71.62	1.895	2	74	1	1	1.000000001
chr1	149285864	210	15	6.67	1.895	2	225	1	1	1.000000001
chr1	152129115	58	21	26.58	1.895	2	79	1	1	1.000000001
chr1	152187697	569	31	5.17	3.24114	3	600	1	NA	NA
chr1	152188062	647	93	12.57	3.24114	3	740	1	NA	NA
chr1	152188253	879	111	11.21	3.24114	3	990	1	NA	NA
chr1	152188435	1170	177	13.14	3.24114	3	1347	1	NA	NA
chr1	161518159	33	14	29.79	2.69353	NA	47	1	NA	NA
chr1	161518336	94	36	27.69	2.69353	NA	130	1	NA	NA
chr1	161563179	77	12	13.48	2.69353	NA	89	1	NA	NA
chr1	163131866	15	6	28.57	2.69353	NA	21	0	NA	NA
chr1	201179050	349	48	12.09	2.82902	3	397	1	NA	NA
chr1	202338868	84	9	9.68	2.82902	3	93	1	NA	NA
chr1	212482722	110	12	9.84	2.82902	3	122	1	NA	NA
chr1	214655758	118	13	9.92	2.82902	3	131	1	NA	NA
chr1	228160010	99	20	16.81	2.7922	3	119	1	NA	NA
chr1	228160080	146	23	13.61	2.7922	3	169	1	NA	NA
chr1	228161303	153	17	10	2.7922	3	170	1	NA	NA
chr1	228161679	158	8	4.82	2.7922	3	166	1	NA	NA
chr1	240370935	19	8	29.63	2.7922	3	27	0	NA	NA
chr1	240370946	18	8	30.77	2.7922	3	26	0	NA	NA
chr1	242428664	96	18	15.79	2.7922	3	114	1	NA	NA
chr1	243218311	120	7	5.51	2.7922	3	127	1	NA	NA
chr1	243218325	118	10	7.81	2.7922	3	128	1	NA	NA
chr1	243218363	125	17	11.97	2.7922	3	142	1	NA	NA
chr1	243219965	271	66	19.58	2.7922	3	337	1	NA	NA
chr1	243329075	95	20	17.39	2.7922	3	115	1	NA	NA
chr1	248247308	139	30	17.75	2.7922	3	169	1	NA	NA
chr1	248436456	53	9	14.52	2.7922	3	62	1	NA	NA
chr1	248524992	34	26	43.33	2.7922	3	60	1	NA	NA
chr1	248525021	41	51	55.43	2.7922	3	92	1	NA	NA
chr1	248525060	51	69	57.5	2.7922	3	120	1	NA	NA
chr1	248525330	49	11	18.33	2.7922	3	60	1	NA	NA
chr1	248617086	157	8	4.85	2.7922	3	165	1	NA	NA
chr1	248617095	148	18	10.84	2.7922	3	166	1	NA	NA
chr1	248617105	124	25	16.78	2.7922	3	149	1	NA	NA
chr1	248617111	116	28	19.44	2.7922	3	144	1	NA	NA
chr1	248617119	103	32	23.7	2.7922	3	135	1	NA	NA
chr1	248652058	25	27	51.92	2.7922	3	52	1	NA	NA
chr1	248652061	26	27	50.94	2.7922	3	53	1	NA	NA
chr1	248722613	24	25	51.02	2.7922	3	49	1	NA	NA
chr10	93694	116	12	9.38	1.87774	2	128	1	1	1.000000001
chr10	15050032	124	35	22.01	1.87774	2	159	1	1	1.000000001
chr10	26935656	111	30	21.28	1.87774	2	141	1	1	1.000000001
chr10	26935661	112	28	20	1.87774	2	140	1	1	1.000000001
chr10	26935666	113	31	21.53	1.87774	2	144	1	1	1.000000001
chr10	26935677	112	32	22.22	1.87774	2	144	1	1	1.000000001
chr10	26935684	115	26	18.44	1.87774	2	141	1	1	1.000000001
chr10	26935686	110	26	19.12	1.87774	2	136	1	1	1.000000001
chr10	26935705	108	31	22.3	1.87774	2	139	1	1	1.000000001
chr10	27226441	82	9	9.89	1.87774	2	91	1	1	1.000000001
chr10	27226454	69	10	12.66	1.87774	2	79	1	1	1.000000001
chr10	27226456	68	10	12.82	1.87774	2	78	1	1	1.000000001
chr10	27226459	68	10	12.82	1.87774	2	78	1	1	1.000000001
chr10	37433795	16	5	23.81	1.87774	2	21	0	NA	NA
chr10	38464910	67	14	17.28	1.87774	2	81	1	1	1.000000001
chr10	38464923	51	13	20.31	1.87774	2	64	1	1	1.000000001
chr10	38711740	76	29	27.62	1.87774	2	105	1	1	1.000000001
chr10	38737993	123	9	6.82	1.87774	2	132	1	1	1.000000001
chr10	38738029	105	8	7.08	1.87774	2	113	1	1	1.000000001
chr10	38738056	89	9	9.18	1.87774	2	98	1	1	1.000000001
chr10	38739805	101	31	23.48	1.87774	2	132	1	1	1.000000001
chr10	38739807	99	29	22.66	1.87774	2	128	1	1	1.000000001
chr10	38739809	102	31	23.31	1.87774	2	133	1	1	1.000000001
chr10	38894541	18	3	14.29	1.87774	2	21	0	NA	NA
chr10	38938388	18	8	30.77	1.87774	2	26	0	NA	NA
chr10	42832205	131	6	4.38	1.87774	2	137	1	1	1.000000001
chr10	74767652	70	42	37.5	1.87774	2	112	1	1	1.000000001
chr10	74767669	71	43	37.72	1.87774	2	114	1	1	1.000000001
chr10	74767672	88	19	17.76	1.87774	2	107	1	1	1.000000001
chr10	114710465	55	27	32.93	1.90937	2	82	1	1	1.000000001
chr10	115541092	41	5	10.87	1.90937	2	46	1	1	1.000000001
chr10	115541101	37	5	11.9	1.90937	2	42	1	1	1.000000001
chr10	115541107	37	4	9.76	1.90937	2	41	1	1	1.000000001
chr10	115541113	36	4	10	1.90937	2	40	1	1	1.000000001
chr10	115541143	25	7	21.88	1.90937	2	32	1	1	1.000000001
chr10	115541530	14	15	51.72	1.90937	2	29	0	NA	NA
chr10	126676978	323	19	5.56	1.90937	2	342	1	1	1.000000001
chr10	126677380	312	44	12.36	1.90937	2	356	1	1	1.000000001
chr10	126677392	339	30	8.13	1.90937	2	369	1	1	1.000000001
chr10	126677400	334	21	5.92	1.90937	2	355	1	1	1.000000001
chr10	126677555	284	31	9.84	1.90937	2	315	1	1	1.000000001
chr10	126677794	161	16	9.04	1.90937	2	177	1	1	1.000000001
chr10	126678128	175	31	15.05	1.90937	2	206	1	1	1.000000001
chr10	126678147	150	26	14.77	1.90937	2	176	1	1	1.000000001
chr10	126683132	92	71	43.56	1.90937	2	163	1	1	1.000000001
chr10	126683146	81	59	42.14	1.90937	2	140	1	1	1.000000001
chr10	126686666	48	10	17.24	1.90937	2	58	1	1	1.000000001
chr10	126727602	57	76	57.14	1.90937	2	133	1	1	1.000000001
chr10	126727604	57	75	56.82	1.90937	2	132	1	1	1.000000001
chr10	126727630	59	66	52.8	1.90937	2	125	1	1	1.000000001
chr10	126727647	151	15	9.04	1.90937	2	166	1	1	1.000000001
chr10	126727659	94	55	36.91	1.90937	2	149	1	1	1.000000001
chr10	126727663	134	8	5.63	1.90937	2	142	1	1	1.000000001
chr10	127585141	81	12	12.9	1.90937	2	93	1	1	1.000000001
chr10	127585190	73	9	10.98	1.90937	2	82	1	1	1.000000001
chr10	127585250	44	8	15.38	1.90937	2	52	1	1	1.000000001
chr10	135439287	31	16	34.04	1.90937	2	47	1	1	1.000000001
chr10	135439300	39	14	26.42	1.90937	2	53	1	1	1.000000001
chr11	128612	48	11	18.64	1.87488	2	59	1	1	1.000000001
chr11	1016707	406	42	9.38	1.87488	2	448	1	1	1.000000001
chr11	1016779	502	50	9.06	1.87488	2	552	1	1	1.000000001
chr11	1016968	381	25	6.16	1.87488	2	406	1	1	1.000000001
chr11	1017793	261	75	22.32	1.87488	2	336	1	1	1.000000001
chr11	1017797	250	75	23.08	1.87488	2	325	1	1	1.000000001
chr11	1017806	366	20	5.18	1.87488	2	386	1	1	1.000000001
chr11	1017824	424	61	12.58	1.87488	2	485	1	1	1.000000001
chr11	1017956	316	22	6.51	1.87488	2	338	1	1	1.000000001
chr11	1018001	190	9	4.52	1.87488	2	199	1	1	1.000000001
chr11	1018272	191	30	13.57	1.87488	2	221	1	1	1.000000001
chr11	1018281	176	30	14.56	1.87488	2	206	1	1	1.000000001
chr11	1018290	120	28	18.92	1.87488	2	148	1	1	1.000000001
chr11	1018303	167	25	13.02	1.87488	2	192	1	1	1.000000001
chr11	1253969	18	6	25	1.87488	2	24	0	NA	NA
chr11	1253976	20	6	23.08	1.87488	2	26	0	NA	NA
chr11	1253980	19	5	20.83	1.87488	2	24	0	NA	NA
chr11	1651643	37	27	42.19	1.87488	2	64	1	1	1.000000001
chr11	2169560	29	3	9.38	1.87488	2	32	1	1	1.000000001
chr11	3431576	172	27	13.57	1.87488	2	199	1	1	1.000000001
chr11	4608262	185	19	9.31	1.87488	2	204	1	1	1.000000001
chr11	17457614	17	9	34.62	1.87488	2	26	0	NA	NA
chr11	46694121	23	2	8	1.87488	2	25	0	NA	NA
chr11	55595502	27	3	10	1.61653	NA	30	1	NA	NA
chr11	57970981	124	10	7.46	1.61653	NA	134	1	NA	NA
chr11	64108467	20	2	9.09	1.61653	NA	22	0	NA	NA
chr11	64569272	20	2	9.09	1.61653	NA	22	0	NA	NA
chr11	71279995	47	15	24.19	1.61653	NA	62	1	NA	NA
chr11	71280000	45	18	28.57	1.61653	NA	63	1	NA	NA
chr11	74688141	13	7	35	1.61653	NA	20	0	NA	NA
chr11	128332364	28	3	9.68	1.61653	NA	31	1	NA	NA
chr12	68460	66	16	19.51	2.32995	NA	82	1	NA	NA
chr12	73776	229	34	12.93	2.32995	NA	263	1	NA	NA
chr12	73938	107	12	10.08	2.32995	NA	119	1	NA	NA
chr12	91051	122	18	12.86	2.32995	NA	140	1	NA	NA
chr12	91083	112	24	17.65	2.32995	NA	136	1	NA	NA
chr12	91103	95	15	13.64	2.32995	NA	110	1	NA	NA
chr12	4829827	31	12	27.91	2.32995	NA	43	1	NA	NA
chr12	7869817	71	9	11.25	2.32995	NA	80	1	NA	NA
chr12	9586746	91	6	6.19	2.32995	NA	97	1	NA	NA
chr12	11174390	32	15	31.91	2.32995	NA	47	1	NA	NA
chr12	11174397	31	16	34.04	2.32995	NA	47	1	NA	NA
chr12	11174416	40	18	31.03	2.32995	NA	58	1	NA	NA
chr12	11183066	212	22	9.4	2.32995	NA	234	1	NA	NA
chr12	11201204	89	24	21.24	2.32995	NA	113	1	NA	NA
chr12	11286249	95	39	29.1	2.32995	NA	134	1	NA	NA
chr12	11546677	95	19	16.67	2.32995	NA	114	1	NA	NA
chr12	42512910	78	27	25.71	2.32995	NA	105	1	NA	NA
chr12	54678501	79	7	8.14	2.32995	NA	86	1	NA	NA
chr12	68946858	111	5	4.31	2.32995	NA	116	1	NA	NA
chr12	93100826	40	3	6.98	2.32995	NA	43	1	NA	NA
chr12	96361547	27	5	15.62	2.32995	NA	32	1	NA	NA
chr12	109831351	16	10	38.46	2.32995	NA	26	0	NA	NA
chr12	123879666	30	6	16.67	2.32995	NA	36	1	NA	NA
chr12	123879668	29	6	17.14	2.32995	NA	35	1	NA	NA
chr13	19412438	63	6	8.7	1.97014	2	69	1	1	1.000000001
chr13	19412439	63	6	8.7	1.97014	2	69	1	1	1.000000001
chr13	19427371	92	33	26.4	1.97014	2	125	1	1	1.000000001
chr13	19427382	90	32	26.23	1.97014	2	122	1	1	1.000000001
chr13	19427388	99	33	25	1.97014	2	132	1	1	1.000000001
chr13	19427390	101	34	25.19	1.97014	2	135	1	1	1.000000001
chr13	19428484	53	15	22.06	1.97014	2	68	1	1	1.000000001
chr13	19430789	17	4	19.05	1.97014	2	21	0	NA	NA
chr13	19442277	102	5	4.67	1.97014	2	107	1	1	1.000000001
chr13	25671163	230	18	7.26	1.97014	2	248	1	1	1.000000001
chr13	25671607	98	16	14.04	1.97014	2	114	1	1	1.000000001
chr13	25671608	99	16	13.91	1.97014	2	115	1	1	1.000000001
chr13	25671667	116	26	18.31	1.97014	2	142	1	1	1.000000001
chr13	25671672	113	24	17.52	1.97014	2	137	1	1	1.000000001
chr13	25671688	113	23	16.91	1.97014	2	136	1	1	1.000000001
chr13	25671699	117	14	10.69	1.97014	2	131	1	1	1.000000001
chr13	25671700	117	13	10	1.97014	2	130	1	1	1.000000001
chr13	25672111	159	26	14.05	1.97014	2	185	1	1	1.000000001
chr13	25672126	155	27	14.84	1.97014	2	182	1	1	1.000000001
chr13	25672135	152	28	15.56	1.97014	2	180	1	1	1.000000001
chr13	25672139	149	27	15.34	1.97014	2	176	1	1	1.000000001
chr13	25672158	146	24	14.12	1.97014	2	170	1	1	1.000000001
chr13	25672168	140	24	14.63	1.97014	2	164	1	1	1.000000001
chr13	52482857	121	25	17.12	1.97014	2	146	1	1	1.000000001
chr13	96241999	13	10	43.48	1.97014	2	23	0	NA	NA
chr14	19118283	126	34	21.25	2.67437	NA	160	1	NA	NA
chr14	19378030	201	64	24.15	2.67437	NA	265	1	NA	NA
chr14	21024325	39	9	18.75	2.67437	NA	48	1	NA	NA
chr14	21679118	178	10	5.32	2.67437	NA	188	1	NA	NA
chr14	21679132	186	13	6.53	2.67437	NA	199	1	NA	NA
chr14	53239574	76	5	6.17	2.67437	NA	81	1	NA	NA
chr14	70713981	139	6	4.14	2.67437	NA	145	1	NA	NA
chr14	70924450	177	9	4.84	2.67437	NA	186	1	NA	NA
chr14	92961068	96	23	19.33	2.67437	NA	119	1	NA	NA
chr15	22070741	33	7	17.5	1.76712	2	40	1	1	1.000000001
chr15	23299841	50	19	27.54	1.76712	2	69	1	1	1.000000001
chr15	24413033	33	13	28.26	1.76712	2	46	1	1	1.000000001
chr15	28419746	23	10	30.3	1.76712	2	33	1	1	1.000000001
chr15	28949406	15	7	31.82	1.76712	2	22	0	NA	NA
chr15	28950605	35	5	12.5	1.76712	2	40	1	1	1.000000001
chr15	30433453	45	3	6.25	1.76712	2	48	1	1	1.000000001
chr15	32717010	51	4	7.27	1.76712	2	55	1	1	1.000000001
chr15	32885731	98	44	30.99	1.76712	2	142	1	1	1.000000001
chr15	34692832	21	4	16	1.76712	2	25	0	NA	NA
chr15	35377036	124	10	7.46	1.76712	2	134	1	1	1.000000001
chr15	38751124	36	14	28	1.76712	2	50	1	1	1.000000001
chr15	38751138	37	20	35.09	1.76712	2	57	1	1	1.000000001
chr15	45398359	23	3	11.54	1.88348	2	26	0	NA	NA
chr15	50644171	42	13	23.64	1.88348	2	55	1	1	1.000000001
chr15	72902350	22	2	8.33	1.85022	2	24	0	NA	NA
chr15	74483462	38	4	9.52	1.85022	2	42	1	1	1.000000001
chr15	75561290	118	29	19.73	1.85022	2	147	1	1	1.000000001
chr15	82808231	180	13	6.74	1.82551	2	193	1	1	1.000000001
chr15	84859749	33	17	34	1.82551	2	50	1	1	1.000000001
chr15	93114775	72	8	10	1.82551	2	80	1	1	1.000000001
chr15	102312009	81	12	12.9	1.82551	2	93	1	1	1.000000001
chr15	102501709	15	5	25	1.82551	2	20	0	NA	NA
chr15	102516714	167	22	11.64	1.82551	2	189	1	1	1.000000001
chr16	61730	154	59	27.7	2.42133	NA	213	1	NA	NA
chr16	64208	46	7	13.21	2.42133	NA	53	1	NA	NA
chr16	67089	177	27	13.24	2.42133	NA	204	1	NA	NA
chr16	67780	97	30	23.62	2.42133	NA	127	1	NA	NA
chr16	12021568	169	37	17.96	2.42133	NA	206	1	NA	NA
chr16	15457642	103	35	25.36	2.42133	NA	138	1	NA	NA
chr16	21847722	57	6	9.52	2.42133	NA	63	1	NA	NA
chr16	21847723	61	5	7.58	2.42133	NA	66	1	NA	NA
chr16	32095502	38	6	13.64	2.42133	NA	44	1	NA	NA
chr16	32095508	39	7	15.22	2.42133	NA	46	1	NA	NA
chr16	32095521	47	8	14.55	2.42133	NA	55	1	NA	NA
chr16	32095524	49	11	18.33	2.42133	NA	60	1	NA	NA
chr16	32095646	93	12	11.43	2.42133	NA	105	1	NA	NA
chr16	32095672	91	5	5.21	2.42133	NA	96	1	NA	NA
chr16	32095744	13	6	31.58	2.42133	NA	19	0	NA	NA
chr16	32095748	15	7	31.82	2.42133	NA	22	0	NA	NA
chr16	32438046	27	7	20.59	2.42133	NA	34	1	NA	NA
chr16	32442093	76	11	12.64	2.42133	NA	87	1	NA	NA
chr16	33366864	78	15	16.13	2.42133	NA	93	1	NA	NA
chr16	33366914	47	13	21.67	2.42133	NA	60	1	NA	NA
chr16	33544215	54	7	11.48	2.42133	NA	61	1	NA	NA
chr16	33961469	16	7	30.43	2.2216	2	23	0	NA	NA
chr16	33961648	22	7	24.14	2.2216	2	29	0	NA	NA
chr16	46940745	18	3	14.29	2.2216	2	21	0	NA	NA
chr16	68685376	25	6	19.35	2.2216	2	31	1	1	1.000000001
chr16	70013113	66	7	9.59	2.2216	2	73	1	1	1.000000001
chr16	71061617	71	5	6.58	2.2216	2	76	1	1	1.000000001
chr16	74366672	20	6	23.08	2.2216	2	26	0	NA	NA
chr16	75144023	20	2	9.09	2.2216	2	22	0	NA	NA
chr16	75668149	36	13	26.53	2.2216	2	49	1	1	1.000000001
chr16	90236922	21	10	32.26	2.2216	2	31	1	1	1.000000001
chr16	90236925	20	10	33.33	2.2216	2	30	1	1	1.000000001
chr16	90236928	25	11	30.56	2.2216	2	36	1	1	1.000000001
chr17	3566673	26	3	10.34	1.72512	NA	29	0	NA	NA
chr17	4907375	47	3	6	1.72512	NA	50	1	NA	NA
chr17	7614162	37	13	26	1.72512	NA	50	1	NA	NA
chr17	15878611	31	9	22.5	1.72512	NA	40	1	NA	NA
chr17	18343684	18	2	10	1.72512	NA	20	0	NA	NA
chr17	19281208	39	3	7.14	1.72512	NA	42	1	NA	NA
chr17	20407154	88	7	7.37	1.72512	NA	95	1	NA	NA
chr17	21904546	75	7	8.54	1.72512	NA	82	1	NA	NA
chr17	21907172	29	9	23.68	1.72512	NA	38	1	NA	NA
chr17	28900850	36	2	5.26	1.72512	NA	38	1	NA	NA
chr17	37360895	27	6	18.18	1.72512	NA	33	1	NA	NA
chr17	37360912	25	5	16.67	1.72512	NA	30	1	NA	NA
chr17	39346622	90	4	4.26	1.72512	NA	94	1	NA	NA
chr17	39406419	157	21	11.8	1.72512	NA	178	1	NA	NA
chr17	39406427	156	19	10.86	1.72512	NA	175	1	NA	NA
chr17	39777119	38	3	7.32	1.72512	NA	41	1	NA	NA
chr17	41020195	24	2	7.69	1.72512	NA	26	0	NA	NA
chr17	45214468	112	14	11.11	1.72512	NA	126	1	NA	NA
chr17	45214484	110	22	16.67	1.72512	NA	132	1	NA	NA
chr17	45214531	362	20	5.24	1.72512	NA	382	1	NA	NA
chr17	45214551	423	27	6	1.72512	NA	450	1	NA	NA
chr17	45214558	414	55	11.73	1.72512	NA	469	1	NA	NA
chr17	45214564	414	80	16.19	1.72512	NA	494	1	NA	NA
chr17	45214606	309	51	14.17	1.72512	NA	360	1	NA	NA
chr17	45214623	253	26	9.32	1.72512	NA	279	1	NA	NA
chr17	45214636	252	38	13.1	1.72512	NA	290	1	NA	NA
chr17	45214661	268	18	6.29	1.72512	NA	286	1	NA	NA
chr17	45214684	228	14	5.79	1.72512	NA	242	1	NA	NA
chr17	45214689	227	14	5.81	1.72512	NA	241	1	NA	NA
chr17	45214698	200	12	5.66	1.72512	NA	212	1	NA	NA
chr17	45214708	188	10	5.05	1.72512	NA	198	1	NA	NA
chr17	45216162	49	52	51.49	1.72512	NA	101	1	NA	NA
chr17	45216168	51	49	49	1.72512	NA	100	1	NA	NA
chr17	45216169	52	49	48.51	1.72512	NA	101	1	NA	NA
chr17	45216172	51	50	49.5	1.72512	NA	101	1	NA	NA
chr17	45219255	44	144	76.6	1.72512	NA	188	1	NA	NA
chr17	45219276	51	118	69.82	1.72512	NA	169	1	NA	NA
chr17	45219283	52	112	68.29	1.72512	NA	164	1	NA	NA
chr17	45219284	147	23	13.53	1.72512	NA	170	1	NA	NA
chr17	45219296	49	114	69.94	1.72512	NA	163	1	NA	NA
chr17	45234417	598	33	5.23	4.65538	NA	631	1	NA	NA
chr17	45249316	32	12	27.27	1.78608	2	44	1	1	1.000000001
chr17	45249330	35	15	30	1.78608	2	50	1	1	1.000000001
chr17	45249365	38	11	22.45	1.78608	2	49	1	1	1.000000001
chr17	45249372	38	12	24	1.78608	2	50	1	1	1.000000001
chr17	58288539	62	5	7.46	1.78608	2	67	1	1	1.000000001
chr17	61995240	52	3	5.45	1.78608	2	55	1	1	1.000000001
chr17	73564948	19	2	9.52	1.78608	2	21	0	NA	NA
chr17	74288372	75	7	8.54	1.78608	2	82	1	1	1.000000001
chr18	48338	409	52	11.28	1.95586	2	461	1	1	1.000000001
chr18	109198	38	4	9.52	1.95586	2	42	1	1	1.000000001
chr18	11610468	22	8	26.67	1.95586	2	30	1	1	1.000000001
chr18	14192290	31	3	8.82	1.95586	2	34	1	1	1.000000001
chr18	14197082	46	35	43.21	1.95586	2	81	1	1	1.000000001
chr18	14197128	63	27	30	1.95586	2	90	1	1	1.000000001
chr18	14211060	45	6	11.76	1.95586	2	51	1	1	1.000000001
chr18	14218461	149	22	12.87	1.95586	2	171	1	1	1.000000001
chr18	14218473	140	18	11.39	1.95586	2	158	1	1	1.000000001
chr18	14225725	169	10	5.59	1.95586	2	179	1	1	1.000000001
chr18	14226725	36	3	7.69	1.95586	2	39	1	1	1.000000001
chr18	14226746	32	3	8.57	1.95586	2	35	1	1	1.000000001
chr18	14337922	136	6	4.23	1.95586	2	142	1	1	1.000000001
chr18	14779940	35	9	20.45	1.95586	2	44	1	1	1.000000001
chr18	14779941	35	9	20.45	1.95586	2	44	1	1	1.000000001
chr18	14779951	38	8	17.39	1.95586	2	46	1	1	1.000000001
chr18	25531876	46	4	8	1.95586	2	50	1	1	1.000000001
chr18	47352733	47	9	16.07	1.95586	2	56	1	1	1.000000001
chr18	47352742	45	9	16.67	1.95586	2	54	1	1	1.000000001
chr18	47352754	42	9	17.65	1.95586	2	51	1	1	1.000000001
chr18	47352768	42	9	17.65	1.95586	2	51	1	1	1.000000001
chr18	47352785	56	9	13.85	1.95586	2	65	1	1	1.000000001
chr19	4513044	137	6	4.2	2.25168	NA	143	1	NA	NA
chr19	4513045	135	6	4.26	2.25168	NA	141	1	NA	NA
chr19	8992972	58	18	23.68	2.29024	NA	76	1	NA	NA
chr19	8992981	56	18	24.32	2.29024	NA	74	1	NA	NA
chr19	8992996	69	16	18.82	2.29024	NA	85	1	NA	NA
chr19	8992997	69	17	19.77	2.29024	NA	86	1	NA	NA
chr19	8993008	86	9	9.47	2.29024	NA	95	1	NA	NA
chr19	8999421	104	29	21.8	2.29024	NA	133	1	NA	NA
chr19	8999429	116	21	15.33	2.29024	NA	137	1	NA	NA
chr19	8999445	119	26	17.93	2.29024	NA	145	1	NA	NA
chr19	8999462	123	26	17.45	2.29024	NA	149	1	NA	NA
chr19	8999468	121	25	17.12	2.29024	NA	146	1	NA	NA
chr19	8999492	111	17	13.28	2.29024	NA	128	1	NA	NA
chr19	8999498	71	15	17.44	2.29024	NA	86	1	NA	NA
chr19	9002401	19	3	13.64	2.29024	NA	22	0	NA	NA
chr19	9002402	18	3	14.29	2.29024	NA	21	0	NA	NA
chr19	9002406	19	3	13.64	2.29024	NA	22	0	NA	NA
chr19	9002413	28	3	9.68	2.29024	NA	31	1	NA	NA
chr19	9002414	28	3	9.68	2.29024	NA	31	1	NA	NA
chr19	9002415	28	3	9.68	2.29024	NA	31	1	NA	NA
chr19	9002422	33	5	13.16	2.29024	NA	38	1	NA	NA
chr19	9002430	35	7	16.67	2.29024	NA	42	1	NA	NA
chr19	9002434	39	6	13.33	2.29024	NA	45	1	NA	NA
chr19	9002438	43	6	12.24	2.29024	NA	49	1	NA	NA
chr19	9002447	44	6	12	2.29024	NA	50	1	NA	NA
chr19	9002448	45	6	11.76	2.29024	NA	51	1	NA	NA
chr19	9002451	45	6	11.76	2.29024	NA	51	1	NA	NA
chr19	9012840	68	19	21.84	2.29024	NA	87	1	NA	NA
chr19	9012947	32	14	30.43	2.29024	NA	46	1	NA	NA
chr19	9012958	22	14	38.89	2.29024	NA	36	1	NA	NA
chr19	9012977	18	9	33.33	2.29024	NA	27	0	NA	NA
chr19	9012982	15	10	40	2.29024	NA	25	0	NA	NA
chr19	9012983	15	10	40	2.29024	NA	25	0	NA	NA
chr19	9021063	54	9	14.29	2.29024	NA	63	1	NA	NA
chr19	9021069	45	20	30.77	2.29024	NA	65	1	NA	NA
chr19	9021075	40	27	40.3	2.29024	NA	67	1	NA	NA
chr19	9021105	59	10	14.49	2.29024	NA	69	1	NA	NA
chr19	9021112	65	7	9.72	2.29024	NA	72	1	NA	NA
chr19	9021128	64	8	11.11	2.29024	NA	72	1	NA	NA
chr19	9027620	53	8	13.11	2.29024	NA	61	1	NA	NA
chr19	9027626	52	8	13.33	2.29024	NA	60	1	NA	NA
chr19	9027646	59	8	11.94	2.29024	NA	67	1	NA	NA
chr19	9027653	64	8	11.11	2.29024	NA	72	1	NA	NA
chr19	9027656	60	9	13.04	2.29024	NA	69	1	NA	NA
chr19	9027666	25	9	26.47	2.29024	NA	34	1	NA	NA
chr19	14507342	52	12	18.75	2.29024	NA	64	1	NA	NA
chr19	14507345	52	12	18.75	2.29024	NA	64	1	NA	NA
chr19	23991631	50	7	12.28	2.29024	NA	57	1	NA	NA
chr19	36640839	25	2	7.41	2.29024	NA	27	0	NA	NA
chr19	37853686	57	38	40	2.29024	NA	95	1	NA	NA
chr19	40368330	18	11	37.93	2.29024	NA	29	0	NA	NA
chr19	40399080	15	7	31.82	2.29024	NA	22	0	NA	NA
chr19	43882895	27	10	27.03	2.29024	NA	37	1	NA	NA
chr19	48613788	9	14	60.87	2.29024	NA	23	0	NA	NA
chr19	53884379	80	17	17.53	2.29024	NA	97	1	NA	NA
chr19	55209195	49	4	7.55	2.29024	NA	53	1	NA	NA
chr19	55250991	97	25	20.49	2.29024	NA	122	1	NA	NA
chr19	55255448	39	12	23.53	2.29024	NA	51	1	NA	NA
chr19	55264264	102	15	12.82	2.29024	NA	117	1	NA	NA
chr19	55264265	102	14	12.07	2.29024	NA	116	1	NA	NA
chr19	55281469	18	8	30.77	2.29024	NA	26	0	NA	NA
chr19	55285047	24	7	22.58	2.29024	NA	31	1	NA	NA
chr19	55320341	61	15	19.74	2.29024	NA	76	1	NA	NA
chr19	55320351	64	15	18.99	2.29024	NA	79	1	NA	NA
chr19	55325127	51	12	19.05	2.29024	NA	63	1	NA	NA
chr19	55325128	48	11	18.64	2.29024	NA	59	1	NA	NA
chr19	55344285	40	10	20	2.29024	NA	50	1	NA	NA
chr19	55359739	275	40	12.7	2.29024	NA	315	1	NA	NA
chr19	55359746	273	44	13.88	2.29024	NA	317	1	NA	NA
chr19	55377853	63	18	22.22	2.29024	NA	81	1	NA	NA
chr19	55377871	52	12	18.75	2.29024	NA	64	1	NA	NA
chr19	55377875	53	10	15.87	2.29024	NA	63	1	NA	NA
chr19	55377884	42	12	22.22	2.29024	NA	54	1	NA	NA
chr19	55377891	37	11	22.92	2.29024	NA	48	1	NA	NA
chr19	55377903	31	8	20.51	2.29024	NA	39	1	NA	NA
chr2	905805	158	27	14.59	1.89002	2	185	1	1	1.000000001
chr2	27676521	31	2	6.06	1.89002	2	33	1	1	1.000000001
chr2	65496585	39	12	23.53	1.89002	2	51	1	1	1.000000001
chr2	68615449	18	4	18.18	1.89002	2	22	0	NA	NA
chr2	74331661	35	13	27.08	1.89002	2	48	1	1	1.000000001
chr2	89072199	75	13	14.77	1.89002	2	88	1	1	1.000000001
chr2	90464753	243	41	14.44	1.89002	2	284	1	1	1.000000001
chr2	92080373	51	4	7.27	1.89002	2	55	1	1	1.000000001
chr2	92118418	67	15	18.29	1.89002	2	82	1	1	1.000000001
chr2	95488861	70	19	21.35	1.89002	2	89	1	1	1.000000001
chr2	95491685	93	17	15.45	1.89002	2	110	1	1	1.000000001
chr2	95491693	104	11	9.57	1.89002	2	115	1	1	1.000000001
chr2	95495169	70	19	21.35	1.89002	2	89	1	1	1.000000001
chr2	95495232	80	22	21.57	1.89002	2	102	1	1	1.000000001
chr2	95511664	42	13	23.64	1.89002	2	55	1	1	1.000000001
chr2	95511665	42	14	25	1.89002	2	56	1	1	1.000000001
chr2	95511684	47	14	22.95	1.89002	2	61	1	1	1.000000001
chr2	95511690	50	14	21.88	1.89002	2	64	1	1	1.000000001
chr2	95513854	130	42	24.42	1.89002	2	172	1	1	1.000000001
chr2	95514033	59	10	14.49	1.89002	2	69	1	1	1.000000001
chr2	95515236	22	8	26.67	1.89002	2	30	1	1	1.000000001
chr2	95558293	31	8	20.51	1.89002	2	39	1	1	1.000000001
chr2	95558295	29	8	21.62	1.89002	2	37	1	1	1.000000001
chr2	96515828	555	57	9.31	1.89002	2	612	1	1	1.000000001
chr2	96593100	94	44	31.88	1.89002	2	138	1	1	1.000000001
chr2	96593108	87	50	36.5	1.89002	2	137	1	1	1.000000001
chr2	96604606	199	26	11.56	1.89002	2	225	1	1	1.000000001
chr2	96619571	30	5	14.29	1.89002	2	35	1	1	1.000000001
chr2	96619773	71	13	15.48	1.89002	2	84	1	1	1.000000001
chr2	96619832	14	27	65.85	1.89002	2	41	1	1	1.000000001
chr2	97808346	82	28	25.45	1.89002	2	110	1	1	1.000000001
chr2	97827700	23	13	36.11	1.89002	2	36	1	1	1.000000001
chr2	97827737	53	44	45.36	1.89002	2	97	1	1	1.000000001
chr2	97827929	55	15	21.43	1.89002	2	70	1	1	1.000000001
chr2	97827931	53	15	22.06	1.89002	2	68	1	1	1.000000001
chr2	97833546	185	27	12.74	1.89002	2	212	1	1	1.000000001
chr2	97851127	71	28	28.28	1.89002	2	99	1	1	1.000000001
chr2	97851128	71	29	29	1.89002	2	100	1	1	1.000000001
chr2	97851137	74	31	29.52	1.89002	2	105	1	1	1.000000001
chr2	97851142	69	27	28.12	1.89002	2	96	1	1	1.000000001
chr2	97851144	78	22	22	1.89002	2	100	1	1	1.000000001
chr2	97851335	18	12	40	1.89002	2	30	1	1	1.000000001
chr2	97851360	11	14	56	1.89002	2	25	0	NA	NA
chr2	97851363	11	14	56	1.89002	2	25	0	NA	NA
chr2	97909778	72	22	23.4	1.89002	2	94	1	1	1.000000001
chr2	98128656	53	12	18.46	1.89002	2	65	1	1	1.000000001
chr2	98128679	39	7	15.22	1.89002	2	46	1	1	1.000000001
chr2	98128680	39	7	15.22	1.89002	2	46	1	1	1.000000001
chr2	98129879	76	10	11.63	1.89002	2	86	1	1	1.000000001
chr2	98129919	48	6	11.11	0.643227	NA	54	1	NA	NA
chr2	98166183	168	45	21.13	1.89251	2	213	1	1	1.000000001
chr2	114239551	27	6	18.18	1.91919	2	33	1	1	1.000000001
chr2	114257266	41	6	12.77	1.91919	2	47	1	1	1.000000001
chr2	114353282	129	20	13.42	1.91919	2	149	1	1	1.000000001
chr2	114353296	127	13	9.29	1.91919	2	140	1	1	1.000000001
chr2	114355054	64	9	12.33	1.91919	2	73	1	1	1.000000001
chr2	114377192	33	11	25	1.91919	2	44	1	1	1.000000001
chr2	130832873	107	17	13.71	1.91919	2	124	1	1	1.000000001
chr2	131438385	86	5	5.49	1.91919	2	91	1	1	1.000000001
chr2	132044701	91	10	9.9	1.91919	2	101	1	1	1.000000001
chr2	132044707	93	10	9.71	1.91919	2	103	1	1	1.000000001
chr2	132044708	95	10	9.52	1.91919	2	105	1	1	1.000000001
chr2	132044712	96	10	9.43	1.91919	2	106	1	1	1.000000001
chr2	132044713	95	10	9.52	1.91919	2	105	1	1	1.000000001
chr2	132044787	163	68	29.44	1.91919	2	231	1	1	1.000000001
chr2	132044797	176	57	24.46	1.91919	2	233	1	1	1.000000001
chr2	132240334	110	6	5.17	1.91919	2	116	1	1	1.000000001
chr2	133015160	230	17	6.88	1.91919	2	247	1	1	1.000000001
chr2	133015265	86	5	5.49	1.91919	2	91	1	1	1.000000001
chr2	153617157	39	2	4.88	1.91919	2	41	1	1	1.000000001
chr2	182413339	32	51	61.45	1.94693	2	83	1	1	1.000000001
chr2	190788746	169	8	4.52	1.94693	2	177	1	1	1.000000001
chr2	190788747	171	8	4.47	1.94693	2	179	1	1	1.000000001
chr2	190788754	168	9	5.08	1.94693	2	177	1	1	1.000000001
chr2	190788758	165	8	4.62	1.94693	2	173	1	1	1.000000001
chr2	190788764	159	9	5.36	1.94693	2	168	1	1	1.000000001
chr2	190788766	159	9	5.36	1.94693	2	168	1	1	1.000000001
chr2	190788804	135	11	7.53	1.94693	2	146	1	1	1.000000001
chr2	204055943	107	20	15.75	1.94693	2	127	1	1	1.000000001
chr2	233322813	24	2	7.69	1.94693	2	26	0	NA	NA
chr20	7976633	48	16	25	2.64854	NA	64	1	NA	NA
chr20	17923672	25	5	16.67	2.64854	NA	30	1	NA	NA
chr20	25754191	133	21	13.64	2.64854	NA	154	1	NA	NA
chr20	25754210	154	12	7.23	2.64854	NA	166	1	NA	NA
chr20	26061845	16	4	20	2.64854	NA	20	0	NA	NA
chr20	26094420	26	8	23.53	2.64854	NA	34	1	NA	NA
chr20	29623217	287	31	9.75	2.64854	NA	318	1	NA	NA
chr20	29623321	98	9	8.41	2.64854	NA	107	1	NA	NA
chr20	29623322	99	9	8.33	2.64854	NA	108	1	NA	NA
chr20	29624182	153	12	7.27	2.64854	NA	165	1	NA	NA
chr20	29624191	150	13	7.98	2.64854	NA	163	1	NA	NA
chr20	29625946	361	33	8.38	2.64854	NA	394	1	NA	NA
chr20	29625950	336	31	8.45	2.64854	NA	367	1	NA	NA
chr20	29625965	268	32	10.67	2.64854	NA	300	1	NA	NA
chr20	29628128	36	14	28	2.64854	NA	50	1	NA	NA
chr20	29628136	54	20	27.03	2.64854	NA	74	1	NA	NA
chr20	29628158	73	41	35.96	2.64854	NA	114	1	NA	NA
chr20	29631750	43	8	15.69	2.64854	NA	51	1	NA	NA
chr20	29633861	178	25	12.32	2.64854	NA	203	1	NA	NA
chr20	29638097	76	7	8.43	2.64854	NA	83	1	NA	NA
chr20	33862609	22	2	8.33	2.64854	NA	24	0	NA	NA
chr20	36840115	60	4	6.25	2.64854	NA	64	1	NA	NA
chr21	9748330	37	11	22.92	1.85382	2	48	1	1	1.000000001
chr21	9865843	330	39	10.57	1.85382	2	369	1	1	1.000000001
chr21	9865857	313	34	9.8	1.85382	2	347	1	1	1.000000001
chr21	9897937	38	8	17.39	1.85382	2	46	1	1	1.000000001
chr21	9908490	96	22	18.64	1.85382	2	118	1	1	1.000000001
chr21	9908497	95	17	15.18	1.85382	2	112	1	1	1.000000001
chr21	9908500	86	23	21.1	1.85382	2	109	1	1	1.000000001
chr21	9909159	63	14	18.18	1.85382	2	77	1	1	1.000000001
chr21	9909279	19	7	26.92	1.85382	2	26	0	NA	NA
chr21	9909282	17	7	29.17	1.85382	2	24	0	NA	NA
chr21	9910598	78	19	19.59	1.85382	2	97	1	1	1.000000001
chr21	9912028	28	9	24.32	1.85382	2	37	1	1	1.000000001
chr21	9919399	141	13	8.44	1.85382	2	154	1	1	1.000000001
chr21	9921469	57	13	18.57	1.85382	2	70	1	1	1.000000001
chr21	9927071	234	15	6.02	1.85382	2	249	1	1	1.000000001
chr21	9967943	244	27	9.96	1.85382	2	271	1	1	1.000000001
chr21	9967955	241	25	9.4	1.85382	2	266	1	1	1.000000001
chr21	9967964	217	22	9.21	1.85382	2	239	1	1	1.000000001
chr21	10164401	102	10	8.93	1.85382	2	112	1	1	1.000000001
chr21	10615014	239	14	5.53	1.85382	2	253	1	1	1.000000001
chr21	11047504	145	22	13.17	1.85382	2	167	1	1	1.000000001
chr21	15216378	144	14	8.86	1.85382	2	158	1	1	1.000000001
chr21	15216381	145	15	9.38	1.85382	2	160	1	1	1.000000001
chr21	15216387	134	22	14.1	1.85382	2	156	1	1	1.000000001
chr21	15216391	134	24	15.19	1.85382	2	158	1	1	1.000000001
chr21	15216396	137	26	15.95	1.85382	2	163	1	1	1.000000001
chr21	15216533	18	9	33.33	1.85382	2	27	0	NA	NA
chr21	15216538	17	11	39.29	1.85382	2	28	0	NA	NA
chr21	15216554	15	10	40	1.85382	2	25	0	NA	NA
chr21	15217413	29	27	48.21	1.85382	2	56	1	1	1.000000001
chr21	15317621	41	5	10.87	1.85382	2	46	1	1	1.000000001
chr21	15328742	17	7	29.17	1.85382	2	24	0	NA	NA
chr21	15339768	165	26	13.61	1.85382	2	191	1	1	1.000000001
chr21	15343502	190	10	5	1.85382	2	200	1	1	1.000000001
chr21	15347455	99	26	20.8	1.85382	2	125	1	1	1.000000001
chr21	15347506	132	34	20.48	1.85382	2	166	1	1	1.000000001
chr21	45970406	41	8	16.33	1.85382	2	49	1	1	1.000000001
chr21	45970417	47	8	14.55	1.85382	2	55	1	1	1.000000001
chr21	46012160	98	29	22.83	1.85382	2	127	1	1	1.000000001
chr22	18769304	39	10	20.41	1.31476	NA	49	1	NA	NA
chr22	18775257	69	3	4.17	1.31476	NA	72	1	NA	NA
chr22	18843220	25	2	7.41	1.31476	NA	27	0	NA	NA
chr22	20386732	57	9	13.64	1.31476	NA	66	1	NA	NA
chr22	21643555	41	4	8.89	1.31476	NA	45	1	NA	NA
chr22	21643557	42	4	8.7	1.31476	NA	46	1	NA	NA
chr22	21643726	89	17	16.04	1.31476	NA	106	1	NA	NA
chr22	22982363	29	8	21.62	1.31476	NA	37	1	NA	NA
chr22	23982929	19	8	29.63	1.31476	NA	27	0	NA	NA
chr22	23982932	19	9	32.14	1.31476	NA	28	0	NA	NA
chr22	23982933	19	9	32.14	1.31476	NA	28	0	NA	NA
chr22	23982957	15	10	40	1.31476	NA	25	0	NA	NA
chr22	23982971	13	10	43.48	1.31476	NA	23	0	NA	NA
chr22	23982978	12	8	40	1.31476	NA	20	0	NA	NA
chr22	24401068	35	2	5.41	1.31476	NA	37	1	NA	NA
chr22	24658210	47	2	4.08	1.31476	NA	49	1	NA	NA
chr22	25044072	61	11	15.28	1.31476	NA	72	1	NA	NA
chr22	25047062	43	16	27.12	1.31476	NA	59	1	NA	NA
chr22	25047130	43	11	20.37	1.31476	NA	54	1	NA	NA
chr22	26121247	39	3	7.14	1.31476	NA	42	1	NA	NA
chr22	30443121	32	3	8.57	1.31476	NA	35	1	NA	NA
chr22	30443127	32	3	8.57	1.31476	NA	35	1	NA	NA
chr22	30940318	32	2	5.88	1.31476	NA	34	1	NA	NA
chr22	36013305	20	2	9.09	1.31476	NA	22	0	NA	NA
chr22	38039723	21	2	8.7	1.31476	NA	23	0	NA	NA
chr22	38119461	23	2	8	1.31476	NA	25	0	NA	NA
chr22	39261900	31	2	6.06	1.31476	NA	33	1	NA	NA
chr22	41564512	19	14	42.42	1.31476	NA	33	1	NA	NA
chr3	15920372	35	3	7.89	1.94181	2	38	1	1	1.000000001
chr3	32301177	44	4	8.33	1.94181	2	48	1	1	1.000000001
chr3	32301181	42	4	8.7	1.94181	2	46	1	1	1.000000001
chr3	32301186	42	4	8.7	1.94181	2	46	1	1	1.000000001
chr3	32301187	43	4	8.51	1.94181	2	47	1	1	1.000000001
chr3	32301204	45	8	15.09	1.94181	2	53	1	1	1.000000001
chr3	37408094	71	8	10.13	1.94181	2	79	1	1	1.000000001
chr3	37408146	50	8	13.79	1.94181	2	58	1	1	1.000000001
chr3	37408164	44	7	13.73	1.94181	2	51	1	1	1.000000001
chr3	43759305	41	13	24.07	1.94181	2	54	1	1	1.000000001
chr3	48495627	14	4	22.22	1.94181	2	18	0	NA	NA
chr3	48507364	20	2	9.09	1.94181	2	22	0	NA	NA
chr3	48718902	17	3	15	1.94181	2	20	0	NA	NA
chr3	49726070	30	12	28.57	1.94181	2	42	1	1	1.000000001
chr3	50401178	29	2	6.45	1.94181	2	31	1	1	1.000000001
chr3	75406018	139	8	5.44	1.94181	2	147	1	1	1.000000001
chr3	75406025	141	7	4.73	1.94181	2	148	1	1	1.000000001
chr3	75786175	160	26	13.98	1.94181	2	186	1	1	1.000000001
chr3	75786202	156	16	9.3	1.94181	2	172	1	1	1.000000001
chr3	75786203	156	17	9.83	1.94181	2	173	1	1	1.000000001
chr3	75786251	165	18	9.84	1.94181	2	183	1	1	1.000000001
chr3	75786672	339	34	9.12	1.94181	2	373	1	1	1.000000001
chr3	75786684	316	34	9.71	1.94181	2	350	1	1	1.000000001
chr3	75787061	460	32	6.5	1.94181	2	492	1	1	1.000000001
chr3	75787863	231	36	13.48	1.94181	2	267	1	1	1.000000001
chr3	75787864	232	36	13.43	1.94181	2	268	1	1	1.000000001
chr3	75788085	194	26	11.82	1.94181	2	220	1	1	1.000000001
chr3	75788137	282	44	13.5	1.94181	2	326	1	1	1.000000001
chr3	75832666	18	9	33.33	1.94181	2	27	0	NA	NA
chr3	99513249	39	4	9.3	1.94181	2	43	1	1	1.000000001
chr3	151164717	32	15	31.91	1.94181	2	47	1	1	1.000000001
chr3	156529373	39	3	7.14	1.94181	2	42	1	1	1.000000001
chr3	178952085	30	32	51.61	1.89002	2	62	1	1	1.000000001
chr3	195510636	40	9	18.37	1.89002	2	49	1	1	1.000000001
chr3	195510793	167	31	15.66	1.89002	2	198	1	1	1.000000001
chr3	197894468	18	3	14.29	1.89002	2	21	0	NA	NA
chr4	59983	129	9	6.52	1.85305	2	138	1	1	1.000000001
chr4	59996	118	10	7.81	1.85305	2	128	1	1	1.000000001
chr4	60008	100	10	9.09	1.85305	2	110	1	1	1.000000001
chr4	60064	67	7	9.46	1.85305	2	74	1	1	1.000000001
chr4	87292	59	25	29.76	1.85305	2	84	1	1	1.000000001
chr4	466410	59	9	13.24	1.85305	2	68	1	1	1.000000001
chr4	466434	57	10	14.93	1.85305	2	67	1	1	1.000000001
chr4	4190576	56	13	18.84	1.91282	2	69	1	1	1.000000001
chr4	4190577	55	13	19.12	1.91282	2	68	1	1	1.000000001
chr4	4190595	57	23	28.75	1.91282	2	80	1	1	1.000000001
chr4	8983339	193	27	12.27	1.91282	2	220	1	1	1.000000001
chr4	8983347	184	32	14.81	1.91282	2	216	1	1	1.000000001
chr4	8983355	182	31	14.55	1.91282	2	213	1	1	1.000000001
chr4	49163871	36	9	20	1.98798	2	45	1	1	1.000000001
chr4	49244875	109	26	19.26	1.98798	2	135	1	1	1.000000001
chr4	49505066	383	27	6.59	1.98798	2	410	1	1	1.000000001
chr4	49505109	312	80	20.41	1.98798	2	392	1	1	1.000000001
chr4	49505152	243	68	21.86	1.98798	2	311	1	1	1.000000001
chr4	52738587	18	3	14.29	1.98798	2	21	0	NA	NA
chr4	57459381	95	4	4.04	1.98798	2	99	1	1	1.000000001
chr4	66439402	165	13	7.3	1.98798	2	178	1	1	1.000000001
chr4	66439413	166	12	6.74	1.98798	2	178	1	1	1.000000001
chr4	66439446	193	15	7.21	1.98798	2	208	1	1	1.000000001
chr4	66439449	195	14	6.7	1.98798	2	209	1	1	1.000000001
chr4	66439456	197	13	6.19	1.98798	2	210	1	1	1.000000001
chr4	66439467	198	14	6.6	1.98798	2	212	1	1	1.000000001
chr4	99993847	33	20	37.74	1.98798	2	53	1	1	1.000000001
chr4	103808572	78	4	4.88	1.98798	2	82	1	1	1.000000001
chr4	119554662	35	2	5.41	1.98798	2	37	1	1	1.000000001
chr4	123276900	17	4	19.05	2.00639	2	21	0	NA	NA
chr4	156268712	38	17	30.91	2.00639	2	55	1	1	1.000000001
chr4	174450942	20	2	9.09	2.00639	2	22	0	NA	NA
chr4	190805411	196	24	10.91	2.00639	2	220	1	1	1.000000001
chr4	190805622	63	12	16	2.00639	2	75	1	1	1.000000001
chr4	190874381	60	9	13.04	2.00639	2	69	1	1	1.000000001
chr4	190874393	50	7	12.28	2.00639	2	57	1	1	1.000000001
chr4	190874394	47	7	12.96	2.00639	2	54	1	1	1.000000001
chr4	190876293	82	27	24.77	2.00639	2	109	1	1	1.000000001
chr4	190878494	170	27	13.71	2.00639	2	197	1	1	1.000000001
chr4	190878580	225	37	14.12	2.00639	2	262	1	1	1.000000001
chr4	190947629	99	5	4.81	2.00639	2	104	1	1	1.000000001
chr4	190947630	98	5	4.85	2.00639	2	103	1	1	1.000000001
chr4	190947662	72	5	6.49	2.00639	2	77	1	1	1.000000001
chr5	43526695	36	2	5.26	2.34567	NA	38	1	NA	NA
chr5	54459841	18	2	10	2.34567	NA	20	0	NA	NA
chr5	69805550	23	9	28.12	2.34567	NA	32	1	NA	NA
chr5	70072821	50	13	20.63	2.34567	NA	63	1	NA	NA
chr5	70074142	115	17	12.88	2.34567	NA	132	1	NA	NA
chr5	98858509	116	24	17.14	2.30362	NA	140	1	NA	NA
chr5	99725432	26	29	52.73	2.30362	NA	55	1	NA	NA
chr5	118309352	23	4	14.81	2.30362	NA	27	0	NA	NA
chr5	131044949	62	11	15.07	2.30362	NA	73	1	NA	NA
chr5	140242429	39	3	7.14	2.30362	NA	42	1	NA	NA
chr5	156482504	9	8	47.06	2.30362	NA	17	0	NA	NA
chr5	159504991	80	8	9.09	2.30362	NA	88	1	NA	NA
chr6	3225872	56	3	5.08	1.90369	2	59	1	1	1.000000001
chr6	11105314	15	13	46.43	1.90369	2	28	0	NA	NA
chr6	11105334	18	13	41.94	1.90369	2	31	1	1	1.000000001
chr6	11105344	22	13	37.14	1.90369	2	35	1	1	1.000000001
chr6	11105352	26	12	31.58	1.90369	2	38	1	1	1.000000001
chr6	11105361	29	12	29.27	1.90369	2	41	1	1	1.000000001
chr6	11105375	29	6	17.14	1.90369	2	35	1	1	1.000000001
chr6	11105377	31	6	16.22	1.90369	2	37	1	1	1.000000001
chr6	11105380	32	6	15.79	1.90369	2	38	1	1	1.000000001
chr6	11105386	30	7	18.92	1.90369	2	37	1	1	1.000000001
chr6	11105394	36	9	20	1.90369	2	45	1	1	1.000000001
chr6	11105411	38	10	20.83	1.90369	2	48	1	1	1.000000001
chr6	17557608	31	3	8.82	1.90369	2	34	1	1	1.000000001
chr6	32497868	15	9	37.5	1.90369	2	24	0	NA	NA
chr6	32497905	27	11	28.95	1.90369	2	38	1	1	1.000000001
chr6	32497910	43	10	18.87	1.90369	2	53	1	1	1.000000001
chr6	32549452	17	33	66	1.90369	2	50	1	1	1.000000001
chr6	32709219	42	13	23.64	1.90369	2	55	1	1	1.000000001
chr6	32709256	27	8	22.86	1.90369	2	35	1	1	1.000000001
chr6	32725596	17	8	32	1.90369	2	25	0	NA	NA
chr6	37300390	36	3	7.69	1.90369	2	39	1	1	1.000000001
chr6	43905622	28	2	6.67	1.90369	2	30	1	1	1.000000001
chr6	44245099	22	2	8.33	1.90369	2	24	0	NA	NA
chr6	111179489	37	3	7.5	1.90369	2	40	1	1	1.000000001
chr6	111179493	36	3	7.69	1.90369	2	39	1	1	1.000000001
chr6	111179497	39	3	7.14	1.90369	2	42	1	1	1.000000001
chr6	136582092	88	25	22.12	1.90369	2	113	1	1	1.000000001
chr6	136582113	85	20	19.05	1.90369	2	105	1	1	1.000000001
chr6	136582497	64	28	30.43	1.90369	2	92	1	1	1.000000001
chr6	144327281	18	8	30.77	1.90369	2	26	0	NA	NA
chr6	161022072	51	20	28.17	1.90369	2	71	1	1	1.000000001
chr7	2252906	38	9	19.15	2.46827	NA	47	1	NA	NA
chr7	33061836	29	11	27.5	2.46827	NA	40	1	NA	NA
chr7	47894601	48	13	21.31	2.46827	NA	61	1	NA	NA
chr7	56564298	44	10	18.52	2.46827	NA	54	1	NA	NA
chr7	56564299	47	10	17.54	2.46827	NA	57	1	NA	NA
chr7	56871983	61	5	7.58	2.46827	NA	66	1	NA	NA
chr7	56895318	110	5	4.35	2.46827	NA	115	1	NA	NA
chr7	56895348	89	9	9.18	2.46827	NA	98	1	NA	NA
chr7	56899048	19	8	29.63	2.46827	NA	27	0	NA	NA
chr7	56899051	19	8	29.63	2.46827	NA	27	0	NA	NA
chr7	57710136	163	8	4.68	2.46827	NA	171	1	NA	NA
chr7	57710137	152	15	8.98	2.46827	NA	167	1	NA	NA
chr7	57710140	143	16	10.06	2.46827	NA	159	1	NA	NA
chr7	57710155	149	10	6.29	2.46827	NA	159	1	NA	NA
chr7	57710171	145	9	5.84	2.46827	NA	154	1	NA	NA
chr7	57710182	113	33	22.6	2.46827	NA	146	1	NA	NA
chr7	63204667	50	7	12.28	2.46827	NA	57	1	NA	NA
chr7	63204668	51	7	12.07	2.46827	NA	58	1	NA	NA
chr7	63219085	82	12	12.77	2.46827	NA	94	1	NA	NA
chr7	63219234	50	9	15.25	2.46827	NA	59	1	NA	NA
chr7	70163582	103	8	7.21	2.46827	NA	111	1	NA	NA
chr7	75124890	23	5	17.86	2.46827	NA	28	0	NA	NA
chr7	81381242	38	6	13.64	2.46827	NA	44	1	NA	NA
chr7	91936844	40	10	20	2.46827	NA	50	1	NA	NA
chr7	99578411	41	17	29.31	2.46827	NA	58	1	NA	NA
chr7	99578535	24	7	22.58	2.46827	NA	31	1	NA	NA
chr7	100643189	197	20	9.22	2.58023	NA	217	1	NA	NA
chr7	100643191	216	21	8.86	2.58023	NA	237	1	NA	NA
chr7	102782033	181	28	13.4	2.58023	NA	209	1	NA	NA
chr7	102782043	173	26	13.07	2.58023	NA	199	1	NA	NA
chr7	102782044	178	26	12.75	2.58023	NA	204	1	NA	NA
chr7	102782051	182	30	14.15	2.58023	NA	212	1	NA	NA
chr7	102782077	172	23	11.79	2.58023	NA	195	1	NA	NA
chr7	102782079	176	23	11.56	2.58023	NA	199	1	NA	NA
chr7	102782080	175	23	11.62	2.58023	NA	198	1	NA	NA
chr7	102782082	173	23	11.73	2.58023	NA	196	1	NA	NA
chr7	102782113	171	24	12.31	2.58023	NA	195	1	NA	NA
chr7	102782144	149	19	11.31	2.58023	NA	168	1	NA	NA
chr7	102782145	147	20	11.98	2.58023	NA	167	1	NA	NA
chr7	102782159	126	16	11.27	2.58023	NA	142	1	NA	NA
chr7	102782162	123	16	11.51	2.58023	NA	139	1	NA	NA
chr7	102782179	110	15	12	2.58023	NA	125	1	NA	NA
chr7	133977971	45	6	11.76	2.58023	NA	51	1	NA	NA
chr7	137406875	187	29	13.43	2.58023	NA	216	1	NA	NA
chr7	137406880	190	25	11.63	2.58023	NA	215	1	NA	NA
chr7	137407291	90	16	15.09	2.58023	NA	106	1	NA	NA
chr7	137407298	91	14	13.33	2.58023	NA	105	1	NA	NA
chr7	137801656	49	6	10.91	2.58023	NA	55	1	NA	NA
chr7	137801684	53	12	18.46	2.58023	NA	65	1	NA	NA
chr7	141941984	21	5	19.23	2.58023	NA	26	0	NA	NA
chr7	142458352	40	6	13.04	2.58023	NA	46	1	NA	NA
chr7	142458371	67	8	10.67	2.58023	NA	75	1	NA	NA
chr7	142459559	53	13	19.7	2.58023	NA	66	1	NA	NA
chr7	142459565	60	11	15.49	2.58023	NA	71	1	NA	NA
chr7	142459573	59	16	21.33	2.58023	NA	75	1	NA	NA
chr7	142459578	62	13	17.33	2.58023	NA	75	1	NA	NA
chr7	142478905	52	18	25.71	2.58023	NA	70	1	NA	NA
chr7	142478913	50	14	21.88	2.58023	NA	64	1	NA	NA
chr7	142478914	51	12	19.05	2.58023	NA	63	1	NA	NA
chr7	142478922	46	15	24.59	2.58023	NA	61	1	NA	NA
chr7	142478931	40	14	25.93	2.58023	NA	54	1	NA	NA
chr7	142478932	38	14	26.92	2.58023	NA	52	1	NA	NA
chr7	142478933	40	15	27.27	2.58023	NA	55	1	NA	NA
chr7	142478944	46	26	36.11	2.58023	NA	72	1	NA	NA
chr7	151927089	292	32	9.88	2.47221	NA	324	1	NA	NA
chr7	151962077	21	15	41.67	2.47221	NA	36	1	NA	NA
chr7	151970775	233	34	12.73	2.47221	NA	267	1	NA	NA
chr8	255315	106	8	7.02	1.90686	2	114	1	1	1.000000001
chr8	255360	129	8	5.84	1.90686	2	137	1	1	1.000000001
chr8	255406	105	15	12.5	1.90686	2	120	1	1	1.000000001
chr8	7842712	45	4	8.16	1.90686	2	49	1	1	1.000000001
chr8	8095990	87	5	5.43	1.90686	2	92	1	1	1.000000001
chr8	11189529	81	17	17.35	1.90686	2	98	1	1	1.000000001
chr8	11991344	34	2	5.56	0.720165	NA	36	1	NA	NA
chr8	22974370	52	8	13.33	1.91627	2	60	1	1	1.000000001
chr8	41585522	19	3	13.64	1.94814	2	22	0	NA	NA
chr8	52731080	78	5	6.02	1.94814	2	83	1	1	1.000000001
chr8	52731091	73	11	13.1	1.94814	2	84	1	1	1.000000001
chr8	52731093	75	11	12.79	1.94814	2	86	1	1	1.000000001
chr8	52731494	66	14	17.5	1.94814	2	80	1	1	1.000000001
chr8	52731564	92	18	16.36	1.94814	2	110	1	1	1.000000001
chr8	86569822	19	5	20.83	1.94814	2	24	0	NA	NA
chr8	86572108	710	72	9.21	1.94814	2	782	1	1	1.000000001
chr8	86572229	1025	64	5.88	1.94814	2	1088	1	1	1.000000001
chr8	86572419	300	24	7.41	1.94814	2	324	1	1	1.000000001
chr8	95892949	78	9	10.34	1.94814	2	87	1	1	1.000000001
chr8	98864553	67	8	10.67	1.94814	2	75	1	1	1.000000001
chr8	98864581	63	10	13.7	1.94814	2	73	1	1	1.000000001
chr8	101715171	35	9	20.45	1.94814	2	44	1	1	1.000000001
chr8	101715180	37	10	21.28	1.94814	2	47	1	1	1.000000001
chr8	101715194	48	9	15.79	1.94814	2	57	1	1	1.000000001
chr8	101715205	52	11	17.46	1.94814	2	63	1	1	1.000000001
chr8	101715243	54	13	19.4	1.94814	2	67	1	1	1.000000001
chr8	101715346	35	7	16.67	1.94814	2	42	1	1	1.000000001
chr8	101715349	35	7	16.67	1.94814	2	42	1	1	1.000000001
chr8	101715354	35	7	16.67	1.94814	2	42	1	1	1.000000001
chr8	101715395	42	13	23.64	1.94814	2	55	1	1	1.000000001
chr8	101715404	44	14	24.14	1.94814	2	58	1	1	1.000000001
chr8	101715440	50	14	21.88	1.94814	2	64	1	1	1.000000001
chr8	101715444	51	14	21.54	1.94814	2	65	1	1	1.000000001
chr8	101715468	41	9	18	1.94814	2	50	1	1	1.000000001
chr8	101715470	46	8	14.81	1.94814	2	54	1	1	1.000000001
chr8	101721812	126	46	26.74	1.94814	2	172	1	1	1.000000001
chr8	101721817	138	44	24.18	1.94814	2	182	1	1	1.000000001
chr8	101721839	143	47	24.74	1.94814	2	190	1	1	1.000000001
chr8	143996637	19	3	13.64	1.94814	2	22	0	NA	NA
chr9	14764	42	15	26.32	2.1388	2	57	1	1	1.000000001
chr9	14788	44	9	16.98	2.1388	2	53	1	1	1.000000001
chr9	117998	21	4	16	2.1388	2	25	0	NA	NA
chr9	4688501	24	9	27.27	2.1388	2	33	1	1	1.000000001
chr9	33795288	19	4	17.39	2.1388	2	23	0	NA	NA
chr9	33795298	25	4	13.79	2.1388	2	29	0	NA	NA
chr9	33795311	25	7	21.88	2.1388	2	32	1	1	1.000000001
chr9	33795317	26	7	21.21	2.1388	2	33	1	1	1.000000001
chr9	33795318	27	7	20.59	2.1388	2	34	1	1	1.000000001
chr9	33795415	61	5	7.58	2.1388	2	66	1	1	1.000000001
chr9	33796799	88	41	31.78	2.1388	2	129	1	1	1.000000001
chr9	33796801	113	19	14.39	2.1388	2	132	1	1	1.000000001
chr9	33796892	80	8	9.09	2.1388	2	88	1	1	1.000000001
chr9	33798703	31	8	20.51	2.1388	2	39	1	1	1.000000001
chr9	33798713	28	5	15.15	2.1388	2	33	1	1	1.000000001
chr9	38543655	66	13	16.46	2.1388	2	79	1	1	1.000000001
chr9	38543665	73	14	16.09	2.1388	2	87	1	1	1.000000001
chr9	38543671	72	19	20.88	2.1388	2	91	1	1	1.000000001
chr9	38543676	76	17	18.28	2.1388	2	93	1	1	1.000000001
chr9	38543685	78	16	17.02	2.1388	2	94	1	1	1.000000001
chr9	40293086	159	10	5.92	2.1388	2	169	1	1	1.000000001
chr9	44069980	63	11	14.86	2.1388	2	74	1	1	1.000000001
chr9	44070030	24	8	25	2.1388	2	32	1	1	1.000000001
chr9	44076938	143	9	5.92	2.1388	2	152	1	1	1.000000001
chr9	44076967	154	9	5.52	2.1388	2	163	1	1	1.000000001
chr9	44076969	154	10	6.1	2.1388	2	164	1	1	1.000000001
chr9	44076987	153	8	4.97	2.1388	2	161	1	1	1.000000001
chr9	44080216	40	8	16.67	2.1388	2	48	1	1	1.000000001
chr9	44080253	22	10	31.25	2.1388	2	32	1	1	1.000000001
chr9	44090490	58	9	13.43	2.1388	2	67	1	1	1.000000001
chr9	44090529	26	4	13.33	2.1388	2	30	1	1	1.000000001
chr9	45727981	137	6	4.2	2.1388	2	143	1	1	1.000000001
chr9	45728002	154	8	4.94	2.1388	2	162	1	1	1.000000001
chr9	45728020	154	13	7.78	2.1388	2	167	1	1	1.000000001
chr9	45728108	313	15	4.57	2.1388	2	328	1	1	1.000000001
chr9	45728135	328	19	5.48	2.1388	2	347	1	1	1.000000001
chr9	66502319	212	50	19.08	2.1388	2	262	1	1	1.000000001
chr9	66502336	186	36	16.22	2.1388	2	222	1	1	1.000000001
chr9	66502341	162	50	23.58	2.1388	2	212	1	1	1.000000001
chr9	66502363	159	26	14.05	2.1388	2	185	1	1	1.000000001
chr9	66502374	143	26	15.38	2.1388	2	169	1	1	1.000000001
chr9	66513027	396	69	14.84	2.1388	2	465	1	1	1.000000001
chr9	66513029	410	71	14.76	2.1388	2	481	1	1	1.000000001
chr9	66513157	385	27	6.55	2.1388	2	412	1	1	1.000000001
chr9	66515194	84	13	13.4	2.1388	2	97	1	1	1.000000001
chr9	66515202	85	15	15	2.1388	2	100	1	1	1.000000001
chr9	66515217	71	15	17.44	2.1388	2	86	1	1	1.000000001
chr9	66553512	16	6	27.27	2.1388	2	22	0	NA	NA
chr9	66553848	131	34	20.61	2.1388	2	165	1	1	1.000000001
chr9	67289187	73	11	13.1	2.1388	2	84	1	1	1.000000001
chr9	67301470	109	10	8.4	2.1388	2	119	1	1	1.000000001
chr9	67934792	22	5	18.52	2.1388	2	27	0	NA	NA
chr9	67938731	199	43	17.77	2.1388	2	242	1	1	1.000000001
chr9	67938732	212	27	11.3	2.1388	2	239	1	1	1.000000001
chr9	67961451	24	10	29.41	2.1388	2	34	1	1	1.000000001
chr9	68427803	313	26	7.67	2.1388	2	339	1	1	1.000000001
chr9	68429242	114	8	6.56	2.1388	2	122	1	1	1.000000001
chr9	68429248	89	8	8.25	2.1388	2	97	1	1	1.000000001
chr9	68429250	81	12	12.9	2.1388	2	93	1	1	1.000000001
chr9	68429286	65	11	14.47	2.1388	2	76	1	1	1.000000001
chr9	68429289	67	6	8.22	2.1388	2	73	1	1	1.000000001
chr9	68429321	19	6	24	2.1388	2	25	0	NA	NA
chr9	68430215	801	84	9.49	2.1388	2	885	1	1	1.000000001
chr9	68430297	665	38	5.41	2.1388	2	702	1	1	1.000000001
chr9	68430387	364	27	6.91	2.1388	2	391	1	1	1.000000001
chr9	68438438	28	11	28.21	2.1388	2	39	1	1	1.000000001
chr9	68438460	32	14	30.43	2.1388	2	46	1	1	1.000000001
chr9	68438461	33	13	28.26	2.1388	2	46	1	1	1.000000001
chr9	68438669	165	10	5.71	2.1388	2	175	1	1	1.000000001
chr9	69082975	46	17	26.98	2.1388	2	63	1	1	1.000000001
chr9	69389806	39	8	17.02	2.1388	2	47	1	1	1.000000001
chr9	69389838	43	17	28.33	2.1388	2	60	1	1	1.000000001
chr9	69389866	48	12	20	2.1388	2	60	1	1	1.000000001
chr9	69389884	46	8	14.81	2.1388	2	54	1	1	1.000000001
chr9	69389964	41	8	16.33	2.1388	2	49	1	1	1.000000001
chr9	69389965	41	8	16.33	2.1388	2	49	1	1	1.000000001
chr9	69389996	31	3	8.82	2.1388	2	34	1	1	1.000000001
chr9	69390936	93	19	16.96	2.1388	2	112	1	1	1.000000001
chr9	69391333	137	24	14.91	2.1388	2	161	1	1	1.000000001
chr9	69409195	116	20	14.71	2.1388	2	136	1	1	1.000000001
chr9	69409346	245	36	12.81	2.1388	2	281	1	1	1.000000001
chr9	69423770	48	7	12.73	2.1388	2	55	1	1	1.000000001
chr9	69477231	111	8	6.72	2.1388	2	119	1	1	1.000000001
chr9	69477245	165	10	5.71	2.1388	2	175	1	1	1.000000001
chr9	69477259	214	11	4.89	2.1388	2	225	1	1	1.000000001
chr9	93513571	66	17	20.48	2.1388	2	83	1	1	1.000000001
chr9	93513587	79	17	17.71	2.1388	2	96	1	1	1.000000001
chr9	99893816	73	53	42.06	2.1388	2	126	1	1	1.000000001
chr9	110218602	71	3	4.05	2.1388	2	74	1	1	1.000000001
chr9	136083580	25	19	43.18	2.1388	2	44	1	1	1.000000001
chrX	1521113	20	2	9.09	1.81139	2	22	0	NA	NA
chrX	1719914	20	2	9.09	1.81139	2	22	0	NA	NA
chrX	1743427	34	2	5.56	1.81139	2	36	1	1	1.000000001
chrX	6452199	42	16	27.59	1.81139	2	58	1	1	1.000000001
chrX	6452303	60	10	14.29	1.81139	2	70	1	1	1.000000001
chrX	53401394	35	3	7.89	1.84318	2	38	1	1	1.000000001
chrX	105153119	46	3	6.12	1.84318	2	49	1	1	1.000000001
chrX	114427056	32	3	8.57	1.84318	2	35	1	1	1.000000001
chrX	135441538	26	25	49.02	1.84318	2	51	1	1	1.000000001
