chr	st	BC32T.ref	BC32T.var	BC32T.vaf	BC32T.cn	BC32T.cleancn	BC32T.depth	adequateDepth	cluster	cluster.prob.1	cluster.prob.2	cluster.prob.3	cluster.prob.4
chr1	14815	152	26	14.61	1.7035	NA	178	1	NA	NA	NA	NA	NA
chr1	17614	42	11	20.75	1.7035	NA	53	1	NA	NA	NA	NA	NA
chr1	934986	21	2	8.7	1.7035	NA	23	0	NA	NA	NA	NA	NA
chr1	3679749	21	2	8.7	1.7035	NA	23	0	NA	NA	NA	NA	NA
chr1	6524371	20	2	9.09	1.7035	NA	22	0	NA	NA	NA	NA	NA
chr1	12919340	23	4	14.81	1.7035	NA	27	0	NA	NA	NA	NA	NA
chr1	12955503	21	2	8.7	1.7035	NA	23	0	NA	NA	NA	NA	NA
chr1	13183130	104	8	7.14	1.7035	NA	112	1	NA	NA	NA	NA	NA
chr1	13183138	111	9	7.5	1.7035	NA	120	1	NA	NA	NA	NA	NA
chr1	13183165	102	14	12.07	1.7035	NA	116	1	NA	NA	NA	NA	NA
chr1	13183168	99	14	12.39	1.7035	NA	113	1	NA	NA	NA	NA	NA
chr1	16902844	181	21	10.4	1.7035	NA	202	1	NA	NA	NA	NA	NA
chr1	16975727	107	16	13.01	1.9476	2	123	1	4	1e-09	1.000000000514e-09	0.0115396274761423	0.988460374523858
chr1	17082840	23	6	20.69	1.9476	2	29	0	NA	NA	NA	NA	NA
chr1	17084626	103	10	8.85	1.9476	2	113	1	4	1e-09	1e-09	5.0510060141836e-06	0.999994950993986
chr1	20637247	21	2	8.7	1.9476	2	23	0	NA	NA	NA	NA	NA
chr1	22148108	18	2	10	1.9476	2	20	0	NA	NA	NA	NA	NA
chr1	23688669	47	3	6	1.9476	2	50	1	4	1e-09	1e-09	3.35413230059411e-09	0.999999998645868
chr1	27092925	24	3	11.11	1.9476	2	27	0	NA	NA	NA	NA	NA
chr1	32265542	28	2	6.67	1.9476	2	30	1	4	1e-09	1e-09	1.98179256573879e-08	0.999999982182074
chr1	32669812	27	2	6.9	1.9476	2	29	0	NA	NA	NA	NA	NA
chr1	33161409	31	2	6.06	1.9476	2	33	1	4	1e-09	1e-09	3.8612496816103e-09	0.99999999813875
chr1	36935409	22	2	8.33	1.9476	2	24	0	NA	NA	NA	NA	NA
chr1	38010356	21	2	8.7	1.9476	2	23	0	NA	NA	NA	NA	NA
chr1	38188862	19	2	9.52	1.9476	2	21	0	NA	NA	NA	NA	NA
chr1	46657720	19	2	9.52	1.9476	2	21	0	NA	NA	NA	NA	NA
chr1	46877832	19	2	9.52	1.9476	2	21	0	NA	NA	NA	NA	NA
chr1	57480570	27	3	10	1.9476	2	30	1	4	1e-09	1e-09	5.77940811256219e-05	0.999942207918874
chr1	68626876	173	14	7.49	1.9476	2	187	1	4	1e-09	1e-09	1.85964906561246e-07	0.999999816035093
chr1	68626894	179	13	6.77	1.9476	2	192	1	4	1e-09	1e-09	2.62188482870009e-08	0.999999975781152
chr1	68627189	326	25	7.12	1.9476	2	351	1	4	1e-09	1e-09	6.90642738763704e-08	0.999999932935726
chr1	68627700	205	34	14.23	1.9476	2	239	1	4	1e-09	1.00000011345203e-09	0.0678581347899567	0.932141867210043
chr1	70445924	35	14	28.57	1.9476	2	49	1	3	1e-09	0.0044867426863682	0.995508493195364	4.76711826728723e-06
chr1	79093862	56	35	38.46	1.9476	2	91	1	2	1.00000000119545e-09	0.999272042344552	0.000727959652140426	1.00330733171782e-09
chr1	101354432	48	4	7.69	1.9476	2	52	1	4	1e-09	1e-09	3.12358822793894e-07	0.999999689641177
chr1	101446888	35	28	44.44	1.9476	2	63	1	2	1.00166045288591e-09	0.999998682749013	1.31924932650512e-06	1.00000015673458e-09
chr1	104234136	31	2	6.06	1.9476	2	33	1	4	1e-09	1e-09	3.8612496816103e-09	0.99999999813875
chr1	109241996	20	3	13.04	1.9476	2	23	0	NA	NA	NA	NA	NA
chr1	115457614	22	6	21.43	1.9476	2	28	0	NA	NA	NA	NA	NA
chr1	120612154	64	13	16.88	1.9476	2	77	1	3	1e-09	1.00122188834829e-09	0.71220420290634	0.287795799092438
chr1	120612163	62	15	19.48	1.9476	2	77	1	3	1e-09	1.58320084544618e-09	0.980384001373469	0.0196160000433305
chr1	142722066	216	35	13.94	1.9476	2	251	1	4	1e-09	1.00000003311124e-09	0.0455794531494554	0.954420548850545
chr1	142806906	146	13	8.18	1.9476	2	159	1	4	1e-09	1e-09	1.05871823411517e-06	0.999998943281766
chr1	142811859	455	78	14.63	1.9476	2	533	1	4	1e-09	1.00000058550301e-09	0.113918250700176	0.886081751299824
chr1	142812653	111	10	8.26	1.9476	2	121	1	4	1e-09	1e-09	1.28384556448135e-06	0.999998718154436
chr1	142812865	248	25	9.16	1.9476	2	273	1	4	1e-09	1e-09	1.00234317048959e-05	0.999989978568295
chr1	142813072	491	59	10.73	1.9476	2	550	1	4	1e-09	1e-09	0.000237379905430002	0.99976262209457
chr1	142813116	490	35	6.67	1.9476	2	525	1	4	1e-09	1e-09	1.98179256573879e-08	0.999999982182074
chr1	142813404	259	49	15.91	1.9476	2	308	1	4	1e-09	1.00006492962044e-09	0.420142641355112	0.579857360644823
chr1	142815777	627	79	11.19	1.9476	2	706	1	4	1e-09	1.00000000000006e-09	0.000552185380005387	0.999447816619995
chr1	142816142	44	13	22.81	1.9476	2	57	1	3	1e-09	3.9064908186171e-07	0.999314563043569	0.000685049307348841
chr1	142819572	156	16	9.3	1.9476	2	172	1	4	1e-09	1e-09	1.35615826309002e-05	0.999986440417369
chr1	142825121	403	45	10.04	1.9476	2	448	1	4	1e-09	1e-09	6.26014713572074e-05	0.999937400528643
chr1	142826332	437	49	10.08	1.9476	2	486	1	4	1e-09	1e-09	6.77883474487277e-05	0.999932213652551
chr1	142828667	416	77	15.62	1.9476	2	493	1	4	1e-09	1.00002424792177e-09	0.331244705437513	0.668755296562463
chr1	143167526	96	11	10.28	1.9476	2	107	1	4	1e-09	1e-09	0.000100480760322105	0.999899521239678
chr1	143228651	253	27	9.64	1.9476	2	280	1	4	1e-09	1e-09	2.77662351901114e-05	0.99997223576481
chr1	144828599	67	7	9.46	1.9476	2	74	1	4	1e-09	1e-09	1.90582173875944e-05	0.999980943782612
chr1	144830505	63	9	12.5	1.9476	2	72	1	4	1e-09	1.00000000004567e-09	0.00515322306853337	0.994846778931467
chr1	145140034	17	8	32	1.9476	2	25	0	NA	NA	NA	NA	NA
chr1	145299787	196	32	14.04	1.9476	2	228	1	4	1e-09	1.00000005082117e-09	0.0523828401911005	0.9476171618089
chr1	145323408	79	9	10.23	1.9476	2	88	1	4	1e-09	1e-09	9.11271920594308e-05	0.99990887480794
chr1	145323614	459	52	10.18	1.9476	2	511	1	4	1e-09	1e-09	8.26068981866567e-05	0.999917395101813
chr1	145356386	110	10	8.33	1.9476	2	120	1	4	1e-09	1e-09	1.51759108648196e-06	0.999998484408914
chr1	148000308	62	11	15.07	1.9476	2	73	1	4	1e-09	1.00000326814392e-09	0.191248531151142	0.808751470848854
chr1	148004567	304	50	14.12	1.9476	2	354	1	4	1e-09	1.00000007139441e-09	0.0584674498733917	0.941532552126608
chr1	148004568	309	49	13.69	1.9476	2	358	1	4	1e-09	1.00000001115501e-09	0.03193473716121	0.96806526483879
chr1	148004584	281	44	13.54	1.9476	2	325	1	4	1e-09	1.00000000574176e-09	0.0256661968236787	0.974333805176321
chr1	148247361	38	6	13.64	1.9476	2	44	1	4	1e-09	1.00000000894817e-09	0.0297033266897747	0.970296675310225
chr1	148251597	319	27	7.8	1.9476	2	346	1	4	1e-09	1e-09	4.13343392883078e-07	0.999999588656607
chr1	148342344	102	42	29.17	1.9476	2	144	1	3	1e-09	0.0106547311869685	0.989342308487273	2.96332575804749e-06
chr1	148866680	38	5	11.63	1.9476	2	43	1	4	1e-09	1.00000000000058e-09	0.00120122036004463	0.998798781639955
chr1	148876359	42	6	12.5	1.9476	2	48	1	4	1e-09	1.00000000004567e-09	0.00515322306853337	0.994846778931467
chr1	148903000	148	36	19.57	1.9476	2	184	1	3	1e-09	1.70563986827009e-09	0.982174478205148	0.017825523089212
chr1	148903375	24	20	45.45	1.9476	2	44	1	2	1.01681563334494e-09	0.999999514276525	4.87706659271317e-07	1.00000003214659e-09
chr1	149286488	72	7	8.86	1.9476	2	79	1	4	1e-09	1e-09	5.1657410471797e-06	0.999994836258953
chr1	150448909	63	46	42.2	1.9476	2	109	1	2	1.00000915332007e-09	0.9999871489189	1.28530810847305e-05	1.00000577423942e-09
chr1	153636958	37	11	22.92	2.41747	NA	48	1	NA	NA	NA	NA	NA
chr1	153994725	9	18	66.67	2.41747	NA	27	0	NA	NA	NA	NA	NA
chr1	155208462	46	8	14.81	2.41747	NA	54	1	NA	NA	NA	NA	NA
chr1	155234125	77	14	15.38	2.41747	NA	91	1	NA	NA	NA	NA	NA
chr1	155583779	158	21	11.73	2.41747	NA	179	1	NA	NA	NA	NA	NA
chr1	161576422	106	9	7.83	2.41747	NA	115	1	NA	NA	NA	NA	NA
chr1	161680528	45	8	15.09	2.41747	NA	53	1	NA	NA	NA	NA	NA
chr1	167654604	27	3	10	2.41747	NA	30	1	NA	NA	NA	NA	NA
chr1	172113673	73	14	16.09	2.41747	NA	87	1	NA	NA	NA	NA	NA
chr1	173819439	14	3	17.65	2.41747	NA	17	0	NA	NA	NA	NA	NA
chr1	201178758	359	32	8.18	2.41747	NA	391	1	NA	NA	NA	NA	NA
chr1	201337057	13	18	58.06	2.41747	NA	31	1	NA	NA	NA	NA	NA
chr1	201975171	21	2	8.7	2.41747	NA	23	0	NA	NA	NA	NA	NA
chr1	203787675	23	5	17.86	2.41747	NA	28	0	NA	NA	NA	NA	NA
chr1	225528293	41	70	63.06	2.41747	NA	111	1	NA	NA	NA	NA	NA
chr1	228497297	18	3	14.29	2.41747	NA	21	0	NA	NA	NA	NA	NA
chr1	236332123	26	3	10.34	2.41747	NA	29	0	NA	NA	NA	NA	NA
chr1	236711818	16	13	44.83	2.41747	NA	29	0	NA	NA	NA	NA	NA
chr1	247579534	30	3	9.09	2.41747	NA	33	1	NA	NA	NA	NA	NA
chr1	248224569	62	11	15.07	2.41747	NA	73	1	NA	NA	NA	NA	NA
chr1	248616401	136	13	8.72	2.41747	NA	149	1	NA	NA	NA	NA	NA
chr1	248616408	134	13	8.84	2.41747	NA	147	1	NA	NA	NA	NA	NA
chr1	248617086	82	9	9.89	2.41747	NA	91	1	NA	NA	NA	NA	NA
chr1	248617089	80	10	11.11	2.41747	NA	90	1	NA	NA	NA	NA	NA
chr10	1228367	73	10	12.05	2.16655	2	83	1	4	1e-09	1.00000000000496e-09	0.00245789146254488	0.997542110537455
chr10	1228371	75	12	13.79	2.16655	2	87	1	4	1e-09	1.00000001728678e-09	0.0368667608352415	0.963133241164758
chr10	1228392	89	12	11.88	2.16655	2	101	1	4	1e-09	1.0000000000021e-09	0.00184498315163887	0.998155018848361
chr10	26593273	54	26	32.5	2.16655	2	80	1	2	1e-09	0.506241753792166	0.493758124206566	1.25001268380987e-07
chr10	27828588	57	8	12.31	2.16655	2	65	1	4	1e-09	1.00000000001807e-09	0.00378243115514821	0.996217570844852
chr10	33137591	59	23	28.05	2.16655	2	82	1	3	1e-09	0.00208517608411348	0.997907604937386	7.22197850038182e-06
chr10	42830921	80	19	19.19	2.16655	2	99	1	3	1e-09	1.31335093683219e-09	0.973262738548631	0.0267372631380178
chr10	42830938	80	14	14.89	2.16655	2	94	1	4	1e-09	1.00000163622846e-09	0.155876803914368	0.844123198085631
chr10	42830988	75	14	15.73	2.16655	2	89	1	4	1e-09	1.0000354440319e-09	0.364118303637966	0.635881698361999
chr10	42832122	117	16	12.03	2.16655	2	133	1	4	1e-09	1.00000000000449e-09	0.00237682337315833	0.997623178626842
chr10	42832147	114	16	12.31	2.16655	2	130	1	4	1e-09	1.00000000001807e-09	0.00378243115514821	0.996217570844852
chr10	42832196	136	16	10.53	2.16655	2	152	1	4	1e-09	1e-09	0.000162693823803644	0.999837308176197
chr10	42832205	130	15	10.34	2.16655	2	145	1	4	1e-09	1e-09	0.00011291399119271	0.999887088008807
chr10	42832213	131	11	7.75	2.16655	2	142	1	4	1e-09	1e-09	3.64087726765508e-07	0.999999637912273
chr10	42832258	148	15	9.2	2.16655	2	163	1	4	1e-09	1e-09	1.09325724689066e-05	0.999989069427531
chr10	42832294	115	10	8	2.16655	2	125	1	4	1e-09	1e-09	6.81618311728492e-07	0.999999320381688
chr10	43891968	26	17	39.53	2.16655	2	43	1	2	1.00000001605515e-09	0.999777975080663	0.000222026918824099	1.00051336447368e-09
chr10	46958703	84	20	19.23	2.16655	2	104	1	3	1e-09	1.34161311856528e-09	0.974383529161412	0.0256164724969753
chr10	47158951	21	6	22.22	2.16655	2	27	0	NA	NA	NA	NA	NA
chr10	49933976	39	22	36.07	2.16655	2	61	1	2	1.00000000000313e-09	0.988618045150991	0.0113819566044193	1.24458996160827e-09
chr10	52419640	28	7	20	2.16655	2	35	1	3	1e-09	2.73056843276235e-09	0.988680125944668	0.0113198743247639
chr10	52419659	36	6	14.29	2.16655	2	42	1	4	1e-09	1.00000014575387e-09	0.0735204737460629	0.926479528253937
chr10	69971239	19	14	42.42	2.16655	2	33	1	2	1.00001532366922e-09	0.999989769083114	1.02329168662582e-05	1.00000402753505e-09
chr10	75457519	102	17	14.29	2.16655	2	119	1	4	1e-09	1.00000014575387e-09	0.0735204737460629	0.926479528253937
chr10	75457533	100	15	13.04	2.16655	2	115	1	4	1e-09	1.00000000059086e-09	0.0120867317827927	0.987913270217207
chr10	88702245	41	3	6.82	2.16655	2	44	1	4	1e-09	1e-09	3.0148984798217e-08	0.999999971851015
chr10	102824271	24	2	7.69	2.16655	2	26	0	NA	NA	NA	NA	NA
chr10	103370870	15	13	46.43	2.16655	2	28	0	NA	NA	NA	NA	NA
chr10	103454537	24	2	7.69	2.16655	2	26	0	NA	NA	NA	NA	NA
chr10	104623266	32	14	30.43	2.16655	2	46	1	3	1e-09	0.0598615868445692	0.940137339271411	1.07688402002211e-06
chr10	105209167	27	3	10	2.16655	2	30	1	4	1e-09	1e-09	5.77940811256219e-05	0.999942207918874
chr10	105428439	24	2	7.69	2.16655	2	26	0	NA	NA	NA	NA	NA
chr10	105781376	53	21	28.38	2.16655	2	74	1	3	1e-09	0.00339690030833981	0.996597556908827	5.54578283357646e-06
chr10	120440589	79	25	24.04	2.16655	2	104	1	3	1e-09	3.41594645106896e-06	0.99977745330618	0.00021913374736877
chr10	120441412	79	30	27.52	2.16655	2	109	1	3	1e-09	0.000940701526205503	0.999048217634682	1.10838391126211e-05
chr10	120442470	71	24	25.26	2.16655	2	95	1	3	1e-09	2.65776378996494e-05	0.999899290513527	7.41348485737187e-05
chr10	120442474	71	24	25.26	2.16655	2	95	1	3	1e-09	2.65776378996494e-05	0.999899290513527	7.41348485737187e-05
chr10	120443786	70	36	33.96	2.16655	2	106	1	2	1.00000000000001e-09	0.868819661478283	0.131180328730563	1.27911534573807e-08
chr10	120444613	38	18	32.14	2.16655	2	56	1	3	1e-09	0.39016934299369	0.609830460678496	1.9932781408147e-07
chr10	120454623	29	17	36.96	2.16655	2	46	1	2	1.00000000002942e-09	0.995971267172156	0.00402873477967994	1.04816435146877e-09
chr10	126370303	29	7	19.44	2.16655	2	36	1	3	1e-09	1.53566239899303e-09	0.979530179946159	0.0204698215181787
chr10	126676988	409	50	10.89	2.16655	2	459	1	4	1e-09	1.00000000000001e-09	0.000319618346502327	0.999680383653498
chr10	126677255	937	62	6.21	2.16655	2	998	1	4	1e-09	1e-09	5.62233431635775e-09	0.999999996377666
chr10	126677275	889	82	8.44	2.16655	2	972	1	4	1e-09	1e-09	1.96856929839023e-06	0.999998033430702
chr10	126677280	868	68	7.26	2.16655	2	937	1	4	1e-09	1e-09	1.00930843064296e-07	0.999999901069157
chr10	126682435	16	5	23.81	2.16655	2	21	0	NA	NA	NA	NA	NA
chr10	126682474	41	4	8.89	2.16655	2	45	1	4	1e-09	1e-09	5.52502525689144e-06	0.999994476974743
chr10	126682499	61	4	6.15	2.16655	2	65	1	4	1e-09	1e-09	4.82058998420691e-09	0.99999999717941
chr10	126691979	14	13	48.15	2.16655	2	27	0	NA	NA	NA	NA	NA
chr10	126799573	78	44	36.07	2.16655	2	122	1	2	1.00000000000313e-09	0.988618045150991	0.0113819566044193	1.24458996160827e-09
chr10	126799601	138	24	14.81	2.16655	2	162	1	4	1e-09	1.00000119680871e-09	0.141847770831759	0.85815223116824
chr10	126799611	147	33	18.33	2.16655	2	180	1	3	1e-09	1.04608425265202e-09	0.932709268764924	0.0672907331889916
chr10	126799624	149	27	15.34	2.16655	2	176	1	4	1e-09	1.00000893128818e-09	0.254273599319463	0.745726402680528
chr10	126799626	125	48	27.75	2.16655	2	173	1	3	1e-09	0.00133126811518776	0.998659537619006	9.19726580612617e-06
chr10	126799631	155	25	13.89	2.16655	2	180	1	4	1e-09	1.00000002668739e-09	0.0424867384961597	0.95751326350384
chr10	127585237	28	20	41.67	2.16655	2	48	1	2	1.00000263355768e-09	0.999977650650346	2.2351349637063e-05	1.00001383199897e-09
chr11	320649	20	2	9.09	1.77166	2	22	0	NA	NA	NA	NA	NA
chr11	618953	20	2	9.09	1.77166	2	22	0	NA	NA	NA	NA	NA
chr11	618957	19	2	9.52	1.77166	2	21	0	NA	NA	NA	NA	NA
chr11	1016647	289	22	7.07	1.77166	2	311	1	4	1e-09	1e-09	6.02363421679706e-08	0.999999941763658
chr11	1016779	431	54	11.13	1.77166	2	485	1	4	1e-09	1.00000000000004e-09	0.000495542904557429	0.999504459095442
chr11	1016802	435	49	10.12	1.77166	2	484	1	4	1e-09	1e-09	7.33830749007738e-05	0.999926618925099
chr11	1016968	280	25	8.2	1.77166	2	305	1	4	1e-09	1e-09	1.11118254510329e-06	0.999998890817455
chr11	1016977	293	27	8.44	1.77166	2	320	1	4	1e-09	1e-09	1.96856929839023e-06	0.999998033430702
chr11	1016984	295	29	8.95	1.77166	2	324	1	4	1e-09	1e-09	6.31622886361354e-06	0.999993685771136
chr11	1016987	294	24	7.55	1.77166	2	318	1	4	1e-09	1e-09	2.17543072892594e-07	0.999999784456927
chr11	1018348	135	15	10	1.77166	2	150	1	4	1e-09	1e-09	5.77940811256219e-05	0.999942207918874
chr11	1018379	121	14	10.37	1.77166	2	135	1	4	1e-09	1e-09	0.000119667426731353	0.999880334573268
chr11	1272161	28	2	6.67	1.77166	2	30	1	4	1e-09	1e-09	1.98179256573879e-08	0.999999982182074
chr11	8715027	32	3	8.57	1.77166	2	35	1	4	1e-09	1e-09	2.66630128290766e-06	0.999997335698717
chr11	12316008	29	2	6.45	1.77166	2	31	1	4	1e-09	1e-09	1.07324724139535e-08	0.999999991267527
chr11	18724709	39	3	7.14	1.77166	2	42	1	4	1e-09	1e-09	7.29345233947572e-08	0.999999929065477
chr11	22232904	12	13	52	1.77166	2	25	0	NA	NA	NA	NA	NA
chr11	22833844	19	12	38.71	1.77166	2	31	1	2	1.00000000220019e-09	0.999449764827029	0.000550237170838453	1.00213267270321e-09
chr11	32457401	19	2	9.52	1.77166	2	21	0	NA	NA	NA	NA	NA
chr11	44972758	18	2	10	1.77166	2	20	0	NA	NA	NA	NA	NA
chr11	46918483	26	9	25.71	1.77166	2	35	1	3	1e-09	5.53385147810636e-05	0.999894417480508	5.02470047105926e-05
chr11	55579182	70	14	16.67	1.77166	2	84	1	3	1e-09	1.00067615724289e-09	0.656038010048079	0.343961991951244
chr11	57369640	34	3	8.11	1.77166	2	37	1	4	1e-09	1e-09	8.93061852285135e-07	0.999999108938148
chr11	61285481	39	5	11.36	1.77166	2	44	1	4	1e-09	1.00000000000014e-09	0.000748122550605729	0.999251879449394
chr11	64361234	19	4	17.39	1.77166	2	23	0	NA	NA	NA	NA	NA
chr11	67163879	25	2	7.41	1.88061	2	27	0	NA	NA	NA	NA	NA
chr11	67815499	20	2	9.09	1.88061	2	22	0	NA	NA	NA	NA	NA
chr11	68524047	15	7	31.82	1.88061	2	22	0	NA	NA	NA	NA	NA
chr11	84732766	29	17	36.96	1.88061	2	46	1	2	1.00000000002942e-09	0.995971267172156	0.00402873477967994	1.04816435146877e-09
chr11	116706553	27	2	6.9	1.88061	2	29	0	NA	NA	NA	NA	NA
chr11	117052826	17	6	26.09	1.88061	2	23	0	NA	NA	NA	NA	NA
chr11	117283082	26	2	7.14	1.88061	2	28	0	NA	NA	NA	NA	NA
chr11	118919868	22	2	8.33	1.88061	2	24	0	NA	NA	NA	NA	NA
chr11	119058272	20	2	9.09	1.88061	2	22	0	NA	NA	NA	NA	NA
chr11	120996490	23	2	8	1.88061	2	25	0	NA	NA	NA	NA	NA
chr11	124739427	21	2	8.7	1.88061	2	23	0	NA	NA	NA	NA	NA
chr11	126293942	21	2	8.7	1.88061	2	23	0	NA	NA	NA	NA	NA
chr11	130066207	21	2	8.7	1.88061	2	23	0	NA	NA	NA	NA	NA
chr12	68659	205	21	9.29	1.94329	2	226	1	4	1e-09	1e-09	1.32737820544084e-05	0.999986728217946
chr12	73747	281	28	9.06	1.94329	2	309	1	4	1e-09	1e-09	8.05495490011277e-06	0.9999919470451
chr12	73776	357	44	10.97	1.94329	2	401	1	4	1e-09	1.00000000000002e-09	0.00037029946695622	0.999629702533044
chr12	3121429	23	2	8	1.94329	2	25	0	NA	NA	NA	NA	NA
chr12	3649832	16	6	27.27	1.94329	2	22	0	NA	NA	NA	NA	NA
chr12	11183174	117	8	6.4	1.94329	2	125	1	4	1e-09	1e-09	9.35271577669383e-09	0.999999992647284
chr12	11461580	14	9	39.13	1.94329	2	23	0	NA	NA	NA	NA	NA
chr12	11461596	21	7	25	1.94329	2	28	0	NA	NA	NA	NA	NA
chr12	30805988	43	4	8.51	1.94329	2	47	1	4	1e-09	1e-09	2.31917999727235e-06	0.999997682820003
chr12	49169854	20	2	9.09	1.94329	2	22	0	NA	NA	NA	NA	NA
chr12	52843733	92	16	14.81	1.94329	2	108	1	4	1e-09	1.00000119680871e-09	0.141847770831759	0.85815223116824
chr12	53898391	21	2	8.7	1.94329	2	23	0	NA	NA	NA	NA	NA
chr12	56631994	25	13	34.21	1.94329	2	38	1	2	1.00000000000002e-09	0.900500325252726	0.0994996692225847	8.52468938582669e-09
chr12	57574467	18	2	10	1.94329	2	20	0	NA	NA	NA	NA	NA
chr12	57922962	20	2	9.09	1.94329	2	22	0	NA	NA	NA	NA	NA
chr12	58217705	23	10	30.3	1.94329	2	33	1	3	1e-09	0.0504888953736101	0.949509908367068	1.19925932210244e-06
chr12	58217707	27	6	18.18	1.94329	2	33	1	3	1e-09	1.03253615290572e-09	0.921041143971128	0.0789588579963361
chr12	58217738	25	17	40.48	1.94329	2	42	1	2	1.00000015675589e-09	0.999920879776515	7.91222233831728e-05	1.00010138294702e-09
chr12	58217741	27	16	37.21	1.94329	2	43	1	2	1.00000000005486e-09	0.996981954486033	0.00301804748331281	1.03065394666131e-09
chr12	58217744	27	17	38.64	1.94329	2	44	1	2	1.00000000185509e-09	0.99940499797884	0.000595004018749539	1.00241092925333e-09
chr12	58217762	25	24	48.98	1.94329	2	49	1	2	5.02456853753321e-08	0.999999934694411	1.80599034940268e-08	1.00000000015136e-09
chr12	58217763	26	22	45.83	1.94329	2	48	1	2	1.0400143972231e-09	0.99999966487702	3.37082965297576e-07	1.00000001782359e-09
chr12	58217770	49	4	7.55	1.94329	2	53	1	4	1e-09	1e-09	2.17543072892594e-07	0.999999784456927
chr12	58217774	32	25	43.86	1.94329	2	57	1	2	1.00043592918128e-09	0.999997645450379	2.35654918473961e-06	1.00000039374796e-09
chr12	58217780	25	33	56.9	1.94329	2	58	1	0	NA	NA	NA	NA
chr12	58220809	61	150	71.09	1.94329	2	211	1	1	1.000000001	1.0000016434363e-09	1e-09	1e-09
chr12	58220811	147	87	37.18	1.94329	2	234	1	2	1.00000000005092e-09	0.996875744581489	0.00312425738615294	1.0323583287007e-09
chr12	58220816	66	168	71.79	1.94329	2	234	1	1	1.000000001	1.00000027415347e-09	1e-09	1e-09
chr12	58220823	66	171	72.15	1.94329	2	237	1	1	1.000000001	1.00000010818148e-09	1e-09	1e-09
chr12	58220831	148	59	28.5	1.94329	2	207	1	3	1e-09	0.0040505128729644	0.995944450028732	5.0400983033023e-06
chr12	58220841	61	174	74.04	1.94329	2	235	1	1	1.000000001	1.00000000073576e-09	1e-09	1e-09
chr12	58220844	63	173	73.31	1.94329	2	236	1	1	1.000000001	1.00000000517328e-09	1e-09	1e-09
chr12	58220866	195	57	22.62	1.94329	2	252	1	3	1e-09	2.76907191574654e-07	0.99917908136097	0.000820644731838553
chr12	75601367	17	11	39.29	1.94329	2	28	0	NA	NA	NA	NA	NA
chr12	109182070	18	2	10	1.94329	2	20	0	NA	NA	NA	NA	NA
chr12	110350805	25	2	7.41	1.94329	2	27	0	NA	NA	NA	NA	NA
chr12	111895022	25	2	7.41	1.94329	2	27	0	NA	NA	NA	NA	NA
chr12	113633638	27	2	6.9	1.94329	2	29	0	NA	NA	NA	NA	NA
chr12	123805390	16	29	64.44	1.94329	2	45	1	1	0.999999984512641	1.74873594644869e-08	1.00000000000065e-09	1e-09
chr12	123875311	55	5	8.33	1.94329	2	60	1	4	1e-09	1e-09	1.51759108648196e-06	0.999998484408914
chr12	123892843	50	7	12.28	1.94329	2	57	1	4	1e-09	1.00000000001559e-09	0.00360057944656665	0.996399422553433
chr12	133405087	32	3	8.57	1.94329	2	35	1	4	1e-09	1e-09	2.66630128290766e-06	0.999997335698717
chr13	19393386	71	11	13.41	2.2974	NA	82	1	NA	NA	NA	NA	NA
chr13	19413087	34	6	15	2.2974	NA	40	1	NA	NA	NA	NA	NA
chr13	24696541	48	18	27.27	2.2974	NA	66	1	NA	NA	NA	NA	NA
chr13	25672139	145	61	29.61	2.2974	NA	206	1	NA	NA	NA	NA	NA
chr13	114603492	60	8	11.76	2.2974	NA	68	1	NA	NA	NA	NA	NA
chr14	19114436	175	14	7.41	1.80375	2	189	1	4	1e-09	1e-09	1.50620567385088e-07	0.999999851379433
chr14	19377881	49	12	19.67	1.80375	2	61	1	3	1e-09	1.87103298475104e-09	0.983968758755944	0.0160312423730226
chr14	19553642	239	30	11.15	1.80375	2	269	1	4	1e-09	1.00000000000005e-09	0.00051377836624734	0.999486223633753
chr14	24632550	13	14	51.85	1.80375	2	27	0	NA	NA	NA	NA	NA
chr14	24729342	20	12	37.5	1.80375	2	32	1	2	1.00000000011269e-09	0.997837318567946	0.00216268341385563	1.01819790468756e-09
chr14	25043620	31	4	11.43	1.80375	2	35	1	4	1e-09	1.0000000000002e-09	0.000846708915015676	0.999153293084984
chr14	31795572	68	16	19.05	1.80375	2	84	1	3	1e-09	1.23120511518852e-09	0.968933062145052	0.0310669396237425
chr14	36960430	51	27	34.62	1.80375	2	78	1	2	1.00000000000007e-09	0.937642804250023	0.062357194190759	4.55921811050393e-09
chr14	64066352	26	4	13.33	1.80375	2	30	1	4	1e-09	1.00000000223435e-09	0.0187904396034391	0.981209562396561
chr14	64066363	24	4	14.29	1.80375	2	28	0	NA	NA	NA	NA	NA
chr14	64066367	24	5	17.24	1.80375	2	29	0	NA	NA	NA	NA	NA
chr14	64066373	25	6	19.35	1.80375	2	31	1	3	1e-09	1.44205630038208e-09	0.977467575896442	0.0225324256615016
chr14	64066379	24	6	20	1.80375	2	30	1	3	1e-09	2.73056843276235e-09	0.988680125944668	0.0113198743247639
chr14	64066394	27	6	18.18	1.80375	2	33	1	3	1e-09	1.03253615290572e-09	0.921041143971128	0.0789588579963361
chr14	64066395	28	6	17.65	1.80375	2	34	1	3	1e-09	1.00911142603293e-09	0.86257009698458	0.137429905006308
chr14	64066398	25	6	19.35	1.80375	2	31	1	3	1e-09	1.44205630038208e-09	0.977467575896442	0.0225324256615016
chr14	64066402	27	6	18.18	1.80375	2	33	1	3	1e-09	1.03253615290572e-09	0.921041143971128	0.0789588579963361
chr14	64066424	26	8	23.53	1.80375	2	34	1	3	1e-09	1.4076239869836e-06	0.999649178415528	0.000349416960485182
chr14	64066431	26	7	21.21	1.80375	2	33	1	3	1e-09	2.04473000439506e-08	0.996735556570379	0.00326442598232075
chr14	70420189	25	2	7.41	1.80375	2	27	0	NA	NA	NA	NA	NA
chr14	70714300	110	16	12.7	1.80375	2	126	1	4	1e-09	1.00000000011939e-09	0.00709888915863504	0.992901112841365
chr14	71199586	21	2	8.7	1.80375	2	23	0	NA	NA	NA	NA	NA
chr14	71199596	20	2	9.09	1.80375	2	22	0	NA	NA	NA	NA	NA
chr14	74975963	25	2	7.41	1.80375	2	27	0	NA	NA	NA	NA	NA
chr14	89625444	19	10	34.48	1.80375	2	29	0	NA	NA	NA	NA	NA
chr14	91338493	21	18	46.15	1.80375	2	39	1	2	1.08290157959002e-09	0.999999754405997	2.47511101607779e-07	1.00000001087461e-09
chr14	93119231	18	2	10	1.80375	2	20	0	NA	NA	NA	NA	NA
chr14	94391528	24	2	7.69	1.80375	2	26	0	NA	NA	NA	NA	NA
chr14	104452487	10	15	60	1.80375	2	25	0	NA	NA	NA	NA	NA
chr15	20448164	179	24	11.82	1.97931	2	203	1	4	1e-09	1.00000000000155e-09	0.00166575704972714	0.998334244950273
chr15	20495286	73	15	17.05	1.97931	2	88	1	3	1e-09	1.00194291715881e-09	0.753025212198065	0.246974789799993
chr15	20770587	58	8	12.12	1.97931	2	66	1	4	1e-09	1.00000000000705e-09	0.00276284356228429	0.997237158437716
chr15	20770628	52	6	10.34	1.97931	2	58	1	4	1e-09	1e-09	0.00011291399119271	0.999887088008807
chr15	24921536	19	5	20.83	1.97931	2	24	0	NA	NA	NA	NA	NA
chr15	30435667	25	2	7.41	0.815411	1	27	0	NA	NA	NA	NA	NA
chr15	32907772	21	3	12.5	2.17257	2	24	0	NA	NA	NA	NA	NA
chr15	34517785	20	2	9.09	2.17257	2	22	0	NA	NA	NA	NA	NA
chr15	34651397	30	2	6.25	2.17257	2	32	1	4	1e-09	1e-09	6.24307683266689e-09	0.999999995756923
chr15	34671913	112	33	22.76	2.17257	2	145	1	3	1e-09	3.5690926826694e-07	0.999281340209231	0.000718305881500618
chr15	41829354	21	2	8.7	2.17257	2	23	0	NA	NA	NA	NA	NA
chr15	42143391	22	2	8.33	2.17257	2	24	0	NA	NA	NA	NA	NA
chr15	42172039	33	3	8.33	2.17257	2	36	1	4	1e-09	1e-09	1.51759108648196e-06	0.999998484408914
chr15	50544845	9	14	60.87	2.17257	2	23	0	NA	NA	NA	NA	NA
chr15	55647052	30	16	34.78	2.17257	2	46	1	2	1.00000000000011e-09	0.948199573033814	0.0518004263153069	3.65087951889912e-09
chr15	55838961	39	8	17.02	2.17257	2	47	1	3	1e-09	1.00179190221726e-09	0.746137903002966	0.253862098995242
chr15	59344536	54	11	16.92	2.17257	2	65	1	3	1e-09	1.00136438082298e-09	0.722197498490581	0.277802503508054
chr15	59344537	54	11	16.92	2.17257	2	65	1	3	1e-09	1.00136438082298e-09	0.722197498490581	0.277802503508054
chr15	72582635	26	3	10.34	2.17257	2	29	0	NA	NA	NA	NA	NA
chr15	74364502	25	26	50.98	2.17257	2	51	1	2	4.30037203445062e-06	0.999995698857469	3.77049633373019e-09	1.0000000000081e-09
chr15	75091083	33	3	8.33	2.17257	2	36	1	4	1e-09	1e-09	1.51759108648196e-06	0.999998484408914
chr15	75557613	77	9	10.47	2.17257	2	86	1	4	1e-09	1e-09	0.000145068813930966	0.999854933186069
chr15	76030058	12	8	40	2.17257	2	20	0	NA	NA	NA	NA	NA
chr15	78208979	75	17	18.48	2.17257	2	92	1	3	1e-09	1.06497631020641e-09	0.942693011490526	0.0573069904444977
chr15	78208980	76	17	18.28	2.17257	2	93	1	3	1e-09	1.04105682478715e-09	0.929018725681124	0.0709812762778188
chr15	79265786	30	3	9.09	2.17257	2	33	1	4	1e-09	1e-09	8.60306491764599e-06	0.999991398935082
chr15	96876959	40	34	45.95	2.17257	2	74	1	2	1.05259209569442e-09	0.999999701803009	3.0014439919186e-07	1.00000001480502e-09
chr15	102292767	27	6	18.18	2.17257	2	33	1	3	1e-09	1.03253615290572e-09	0.921041143971128	0.0789588579963361
chr15	102292770	26	7	21.21	2.17257	2	33	1	3	1e-09	2.04473000439506e-08	0.996735556570379	0.00326442598232075
chr15	102294463	32	4	11.11	2.17257	2	36	1	4	1e-09	1.00000000000004e-09	0.000477925193266696	0.999522076806733
chr15	102516714	266	49	15.56	2.17257	2	315	1	4	1e-09	1.00001965236172e-09	0.313876601048408	0.686123400951572
chr16	67832	122	11	8.27	1.93254	2	133	1	4	1e-09	1e-09	1.31499967172755e-06	0.999998687000328
chr16	2474769	22	2	8.33	1.93254	2	24	0	NA	NA	NA	NA	NA
chr16	3536415	20	2	9.09	1.93254	2	22	0	NA	NA	NA	NA	NA
chr16	4780060	21	2	8.7	1.93254	2	23	0	NA	NA	NA	NA	NA
chr16	4932161	29	3	9.38	1.93254	2	32	1	4	1e-09	1e-09	1.60877534682891e-05	0.999983914246532
chr16	11274449	34	10	22.73	1.93254	2	44	1	3	1e-09	3.3805371552035e-07	0.999260604399661	0.000739060546623869
chr16	15457644	122	9	6.87	1.93254	2	131	1	4	1e-09	1e-09	3.46572076030546e-08	0.999999967342792
chr16	15459194	22	6	21.43	1.93254	2	28	0	NA	NA	NA	NA	NA
chr16	22316519	31	3	8.82	1.93254	2	34	1	4	1e-09	1e-09	4.72118183312414e-06	0.999995280818167
chr16	23555907	34	3	8.11	1.93254	2	37	1	4	1e-09	1e-09	8.93061852285135e-07	0.999999108938148
chr16	27356258	20	2	9.09	1.93254	2	22	0	NA	NA	NA	NA	NA
chr16	28763776	56	4	6.67	1.93254	2	60	1	4	1e-09	1e-09	1.98179256573879e-08	0.999999982182074
chr16	28875863	19	2	9.52	1.93254	2	21	0	NA	NA	NA	NA	NA
chr16	29883842	25	2	7.41	1.93254	2	27	0	NA	NA	NA	NA	NA
chr16	30532868	20	2	9.09	1.93254	2	22	0	NA	NA	NA	NA	NA
chr16	30615778	17	2	10.53	1.93254	2	19	0	NA	NA	NA	NA	NA
chr16	32198317	34	11	24.44	1.93254	2	45	1	3	1e-09	6.76414693238725e-06	0.999840391384579	0.00015284746848865
chr16	33544406	313	33	9.54	1.93254	2	346	1	4	1e-09	1e-09	2.25465950717623e-05	0.999977455404928
chr16	33961617	43	9	17.31	1.93254	2	52	1	3	1e-09	1.00385719518898e-09	0.806966730345853	0.19303327165029
chr16	65038937	24	9	27.27	1.93254	2	33	1	3	1e-09	0.000642891534803529	0.999343518113654	1.35933515428806e-05
chr16	70996050	71	10	12.35	1.93254	2	81	1	4	1e-09	1.00000000002199e-09	0.0040385075157317	0.995961494484268
chr16	88599104	18	2	10	1.56157	NA	20	0	NA	NA	NA	NA	NA
chr16	88738502	24	2	7.69	1.56157	NA	26	0	NA	NA	NA	NA	NA
chr16	88804077	18	2	10	1.56157	NA	20	0	NA	NA	NA	NA	NA
chr16	89663532	22	2	8.33	1.56157	NA	24	0	NA	NA	NA	NA	NA
chr16	90160458	20	4	16.67	1.56157	NA	24	0	NA	NA	NA	NA	NA
chr16	90160465	20	3	13.04	1.56157	NA	23	0	NA	NA	NA	NA	NA
chr17	1374474	42	3	6.67	1.51761	NA	45	1	NA	NA	NA	NA	NA
chr17	4500621	20	2	9.09	1.51761	NA	22	0	NA	NA	NA	NA	NA
chr17	4699524	22	2	8.33	1.51761	NA	24	0	NA	NA	NA	NA	NA
chr17	4837685	22	2	8.33	1.51761	NA	24	0	NA	NA	NA	NA	NA
chr17	5038559	84	6	6.67	1.51761	NA	90	1	NA	NA	NA	NA	NA
chr17	5042503	30	2	6.25	1.51761	NA	32	1	NA	NA	NA	NA	NA
chr17	7100306	19	2	9.52	1.51761	NA	21	0	NA	NA	NA	NA	NA
chr17	7187180	25	2	7.41	1.51761	NA	27	0	NA	NA	NA	NA	NA
chr17	7324396	8	13	61.9	1.51761	NA	21	0	NA	NA	NA	NA	NA
chr17	7366579	20	2	9.09	1.51761	NA	22	0	NA	NA	NA	NA	NA
chr17	7386217	46	4	8	1.51761	NA	50	1	NA	NA	NA	NA	NA
chr17	7604969	22	2	8.33	1.51761	NA	24	0	NA	NA	NA	NA	NA
chr17	7950968	21	3	12.5	1.51761	NA	24	0	NA	NA	NA	NA	NA
chr17	8785216	19	4	17.39	1.51761	NA	23	0	NA	NA	NA	NA	NA
chr17	10427085	17	2	10.53	1.51761	NA	19	0	NA	NA	NA	NA	NA
chr17	12656103	23	2	8	1.51761	NA	25	0	NA	NA	NA	NA	NA
chr17	12920493	14	9	39.13	1.51761	NA	23	0	NA	NA	NA	NA	NA
chr17	15692898	19	2	9.52	1.51761	NA	21	0	NA	NA	NA	NA	NA
chr17	18638213	41	3	6.82	1.51761	NA	44	1	NA	NA	NA	NA	NA
chr17	18684565	19	2	9.52	1.51761	NA	21	0	NA	NA	NA	NA	NA
chr17	19287800	29	2	6.45	1.51761	NA	31	1	NA	NA	NA	NA	NA
chr17	25749758	22	2	8.33	1.51761	NA	24	0	NA	NA	NA	NA	NA
chr17	27085270	24	2	7.69	1.51761	NA	26	0	NA	NA	NA	NA	NA
chr17	35508353	20	17	45.95	1.51761	NA	37	1	NA	NA	NA	NA	NA
chr17	37360918	25	8	24.24	1.51761	NA	33	1	NA	NA	NA	NA	NA
chr17	37880176	25	21	45.65	1.51761	NA	46	1	NA	NA	NA	NA	NA
chr17	39254054	79	6	7.06	1.51761	NA	85	1	NA	NA	NA	NA	NA
chr17	39254061	83	6	6.74	1.51761	NA	89	1	NA	NA	NA	NA	NA
chr17	39254124	64	7	9.86	1.51761	NA	71	1	NA	NA	NA	NA	NA
chr17	39254126	58	10	14.71	1.51761	NA	68	1	NA	NA	NA	NA	NA
chr17	39254127	60	7	10.45	1.51761	NA	67	1	NA	NA	NA	NA	NA
chr17	39340812	46	5	9.8	1.51761	NA	51	1	NA	NA	NA	NA	NA
chr17	39967387	22	2	8.33	1.51761	NA	24	0	NA	NA	NA	NA	NA
chr17	39967409	18	2	10	1.51761	NA	20	0	NA	NA	NA	NA	NA
chr17	40364175	38	30	44.12	1.51761	NA	68	1	NA	NA	NA	NA	NA
chr17	40459399	20	2	9.09	1.51761	NA	22	0	NA	NA	NA	NA	NA
chr17	42397801	18	2	10	1.51761	NA	20	0	NA	NA	NA	NA	NA
chr17	42477480	21	7	25	1.51761	NA	28	0	NA	NA	NA	NA	NA
chr17	43226478	9	4	30.77	1.51761	NA	13	0	NA	NA	NA	NA	NA
chr17	44630632	68	5	6.85	1.51761	NA	73	1	NA	NA	NA	NA	NA
chr17	45214468	157	15	8.72	1.51761	NA	172	1	NA	NA	NA	NA	NA
chr17	45214564	610	75	10.95	1.51761	NA	685	1	NA	NA	NA	NA	NA
chr17	45214606	399	58	12.69	1.51761	NA	457	1	NA	NA	NA	NA	NA
chr17	45214636	348	32	8.42	1.51761	NA	380	1	NA	NA	NA	NA	NA
chr17	45219223	44	14	24.14	1.51761	NA	58	1	NA	NA	NA	NA	NA
chr17	45219226	41	32	43.84	1.51761	NA	73	1	NA	NA	NA	NA	NA
chr17	45221251	40	9	18.37	1.51761	NA	49	1	NA	NA	NA	NA	NA
chr17	45221298	62	299	82.83	1.51761	NA	361	1	NA	NA	NA	NA	NA
chr17	45221317	78	245	75.85	1.51761	NA	323	1	NA	NA	NA	NA	NA
chr17	45229200	51	87	63.04	1.51761	NA	138	1	NA	NA	NA	NA	NA
chr17	45229207	58	97	62.58	1.51761	NA	155	1	NA	NA	NA	NA	NA
chr17	45229209	60	99	62.26	1.51761	NA	159	1	NA	NA	NA	NA	NA
chr17	45229221	65	117	64.29	1.51761	NA	182	1	NA	NA	NA	NA	NA
chr17	45229228	66	116	63.74	1.51761	NA	182	1	NA	NA	NA	NA	NA
chr17	45229234	74	119	61.66	1.51761	NA	193	1	NA	NA	NA	NA	NA
chr17	45229240	74	120	61.86	1.51761	NA	194	1	NA	NA	NA	NA	NA
chr17	45229253	73	86	54.09	1.51761	NA	159	1	NA	NA	NA	NA	NA
chr17	45229254	74	86	53.75	1.51761	NA	160	1	NA	NA	NA	NA	NA
chr17	45229261	67	85	55.92	1.51761	NA	152	1	NA	NA	NA	NA	NA
chr17	45232068	71	16	18.39	1.51761	NA	87	1	NA	NA	NA	NA	NA
chr17	45232074	67	10	12.99	1.51761	NA	77	1	NA	NA	NA	NA	NA
chr17	45232079	67	10	12.99	1.51761	NA	77	1	NA	NA	NA	NA	NA
chr17	45232080	67	10	12.99	1.51761	NA	77	1	NA	NA	NA	NA	NA
chr17	45232093	68	10	12.82	1.51761	NA	78	1	NA	NA	NA	NA	NA
chr17	45232102	75	18	19.35	1.51761	NA	93	1	NA	NA	NA	NA	NA
chr17	45232109	74	19	20.43	1.51761	NA	93	1	NA	NA	NA	NA	NA
chr17	45232113	68	17	20	1.51761	NA	85	1	NA	NA	NA	NA	NA
chr17	45232119	65	19	22.62	1.51761	NA	84	1	NA	NA	NA	NA	NA
chr17	56448279	24	2	7.69	1.97342	2	26	0	NA	NA	NA	NA	NA
chr17	66130487	25	3	10.71	1.97342	2	28	0	NA	NA	NA	NA	NA
chr17	74621843	21	2	8.7	1.97342	2	23	0	NA	NA	NA	NA	NA
chr17	75212489	8	50	86.21	1.97342	2	58	1	1	1.000000001	1e-09	1e-09	1e-09
chr17	75212491	8	52	86.67	1.97342	2	60	1	1	1.000000001	1e-09	1e-09	1e-09
chr17	76170590	21	2	8.7	1.97342	2	23	0	NA	NA	NA	NA	NA
chr17	79163842	26	3	10.34	1.97342	2	29	0	NA	NA	NA	NA	NA
chr18	109093	19	6	24	2.45871	NA	25	0	NA	NA	NA	NA	NA
chr18	109095	18	6	25	2.45871	NA	24	0	NA	NA	NA	NA	NA
chr18	109304	18	8	30.77	2.45871	NA	26	0	NA	NA	NA	NA	NA
chr18	650206	46	19	29.23	2.45871	NA	65	1	NA	NA	NA	NA	NA
chr18	2610693	39	4	9.3	2.45871	NA	43	1	NA	NA	NA	NA	NA
chr18	14218461	198	34	14.66	2.45871	NA	232	1	NA	NA	NA	NA	NA
chr18	15272231	53	6	10.17	2.45871	NA	59	1	NA	NA	NA	NA	NA
chr18	15272294	67	9	11.84	2.45871	NA	76	1	NA	NA	NA	NA	NA
chr18	15272351	72	9	11.11	2.45871	NA	81	1	NA	NA	NA	NA	NA
chr18	15325567	116	15	11.45	2.45871	NA	131	1	NA	NA	NA	NA	NA
chr18	22007966	44	13	22.81	2.45871	NA	57	1	NA	NA	NA	NA	NA
chr18	33848532	75	16	17.58	2.45871	NA	91	1	NA	NA	NA	NA	NA
chr18	47363930	54	4	6.9	2.38518	NA	58	1	NA	NA	NA	NA	NA
chr18	47363931	55	4	6.78	2.38518	NA	59	1	NA	NA	NA	NA	NA
chr19	307399	18	3	14.29	1.26637	NA	21	0	NA	NA	NA	NA	NA
chr19	617587	21	2	8.7	1.26637	NA	23	0	NA	NA	NA	NA	NA
chr19	4294755	19	2	9.52	1.26637	NA	21	0	NA	NA	NA	NA	NA
chr19	6213694	20	2	9.09	1.26637	NA	22	0	NA	NA	NA	NA	NA
chr19	7794279	20	2	9.09	1.26637	NA	22	0	NA	NA	NA	NA	NA
chr19	7943629	19	2	9.52	1.26637	NA	21	0	NA	NA	NA	NA	NA
chr19	8148194	23	2	8	1.26637	NA	25	0	NA	NA	NA	NA	NA
chr19	8997421	33	5	13.16	1.26637	NA	38	1	NA	NA	NA	NA	NA
chr19	8997424	33	5	13.16	1.26637	NA	38	1	NA	NA	NA	NA	NA
chr19	8997454	29	7	19.44	1.26637	NA	36	1	NA	NA	NA	NA	NA
chr19	8997463	36	7	16.28	1.26637	NA	43	1	NA	NA	NA	NA	NA
chr19	8997472	40	8	16.67	1.26637	NA	48	1	NA	NA	NA	NA	NA
chr19	8999422	96	7	6.8	1.26637	NA	103	1	NA	NA	NA	NA	NA
chr19	8999439	96	7	6.8	1.26637	NA	103	1	NA	NA	NA	NA	NA
chr19	8999447	101	7	6.48	1.26637	NA	108	1	NA	NA	NA	NA	NA
chr19	8999448	101	7	6.48	1.26637	NA	108	1	NA	NA	NA	NA	NA
chr19	8999456	108	7	6.09	1.26637	NA	115	1	NA	NA	NA	NA	NA
chr19	9000169	51	4	7.27	1.26637	NA	55	1	NA	NA	NA	NA	NA
chr19	9000170	53	4	7.02	1.26637	NA	57	1	NA	NA	NA	NA	NA
chr19	9000185	52	4	7.14	1.26637	NA	56	1	NA	NA	NA	NA	NA
chr19	9000187	52	4	7.14	1.26637	NA	56	1	NA	NA	NA	NA	NA
chr19	9000194	49	5	9.26	1.26637	NA	54	1	NA	NA	NA	NA	NA
chr19	9006416	32	28	46.67	1.26637	NA	60	1	NA	NA	NA	NA	NA
chr19	9006418	33	26	44.07	1.26637	NA	59	1	NA	NA	NA	NA	NA
chr19	9006422	45	13	22.41	1.26637	NA	58	1	NA	NA	NA	NA	NA
chr19	9006425	45	13	22.41	1.26637	NA	58	1	NA	NA	NA	NA	NA
chr19	9025584	34	10	22.73	1.26637	NA	44	1	NA	NA	NA	NA	NA
chr19	9025604	39	10	20.41	1.26637	NA	49	1	NA	NA	NA	NA	NA
chr19	9586062	32	25	43.86	1.32777	NA	57	1	NA	NA	NA	NA	NA
chr19	10789854	18	2	10	1.32777	NA	20	0	NA	NA	NA	NA	NA
chr19	10802941	23	2	8	1.32777	NA	25	0	NA	NA	NA	NA	NA
chr19	11456815	19	2	9.52	1.32777	NA	21	0	NA	NA	NA	NA	NA
chr19	11474910	20	2	9.09	1.32777	NA	22	0	NA	NA	NA	NA	NA
chr19	11475824	23	3	11.54	1.32777	NA	26	0	NA	NA	NA	NA	NA
chr19	12883528	25	2	7.41	1.32777	NA	27	0	NA	NA	NA	NA	NA
chr19	13184809	20	2	9.09	1.32777	NA	22	0	NA	NA	NA	NA	NA
chr19	13868651	18	3	14.29	1.32777	NA	21	0	NA	NA	NA	NA	NA
chr19	14938192	28	2	6.67	1.32777	NA	30	1	NA	NA	NA	NA	NA
chr19	17108134	22	2	8.33	1.32777	NA	24	0	NA	NA	NA	NA	NA
chr19	18261286	23	2	8	1.32777	NA	25	0	NA	NA	NA	NA	NA
chr19	18876321	18	2	10	1.32777	NA	20	0	NA	NA	NA	NA	NA
chr19	19206920	22	2	8.33	1.32777	NA	24	0	NA	NA	NA	NA	NA
chr19	19307879	19	2	9.52	1.32777	NA	21	0	NA	NA	NA	NA	NA
chr19	19351446	21	2	8.7	1.32777	NA	23	0	NA	NA	NA	NA	NA
chr19	20278202	31	2	6.06	1.32777	NA	33	1	NA	NA	NA	NA	NA
chr19	21304990	26	16	38.1	1.32777	NA	42	1	NA	NA	NA	NA	NA
chr19	24015998	48	14	22.58	1.32777	NA	62	1	NA	NA	NA	NA	NA
chr19	29459743	22	12	35.29	1.32777	NA	34	1	NA	NA	NA	NA	NA
chr19	33490585	52	15	22.39	1.32777	NA	67	1	NA	NA	NA	NA	NA
chr19	36216053	20	2	9.09	1.32777	NA	22	0	NA	NA	NA	NA	NA
chr19	36297954	39	3	7.14	1.32777	NA	42	1	NA	NA	NA	NA	NA
chr19	36297966	39	4	9.3	1.32777	NA	43	1	NA	NA	NA	NA	NA
chr19	36387022	22	2	8.33	1.32777	NA	24	0	NA	NA	NA	NA	NA
chr19	39960767	26	4	13.33	1.32777	NA	30	1	NA	NA	NA	NA	NA
chr19	40738676	25	3	10.71	1.81051	2	28	0	NA	NA	NA	NA	NA
chr19	41220989	22	2	8.33	1.81051	2	24	0	NA	NA	NA	NA	NA
chr19	42806384	19	2	9.52	1.81051	2	21	0	NA	NA	NA	NA	NA
chr19	46417999	28	2	6.67	1.81051	2	30	1	4	1e-09	1e-09	1.98179256573879e-08	0.999999982182074
chr19	47593398	34	3	8.11	1.81051	2	37	1	4	1e-09	1e-09	8.93061852285135e-07	0.999999108938148
chr19	48442823	115	26	18.44	1.81051	2	141	1	3	1e-09	1.05931343066624e-09	0.940182339357609	0.059817662583078
chr19	48442848	125	27	17.76	1.81051	2	152	1	3	1e-09	1.0119391264952e-09	0.877265288753959	0.122734713234102
chr19	48821710	18	2	10	1.81051	2	20	0	NA	NA	NA	NA	NA
chr19	49510524	19	2	9.52	1.81051	2	21	0	NA	NA	NA	NA	NA
chr19	49519317	46	3	6.12	1.81051	2	49	1	4	1e-09	1e-09	4.47113295312867e-09	0.999999997528867
chr19	49547139	67	22	24.72	1.81051	2	89	1	3	1e-09	1.08446727942449e-05	0.999870035135845	0.000119123191360656
chr19	49547143	70	22	23.91	1.81051	2	92	1	3	1e-09	2.72955359501001e-06	0.999750658175336	0.000246615271069181
chr19	49547199	69	6	8	1.81051	2	75	1	4	1e-09	1e-09	6.81618311728492e-07	0.999999320381688
chr19	49705384	20	2	9.09	1.81051	2	22	0	NA	NA	NA	NA	NA
chr19	50083880	30	2	6.25	1.81051	2	32	1	4	1e-09	1e-09	6.24307683266689e-09	0.999999995756923
chr19	52919264	36	55	60.44	1.81051	2	91	1	1	0.999841540296782	0.000158461703217745	1.00000014832097e-09	1e-09
chr19	52920490	32	36	52.94	1.81051	2	68	1	2	0.00033641067369803	0.999663590836188	1.49011358025975e-09	1.00000000000049e-09
chr19	52920525	24	33	57.89	1.81051	2	57	1	1	0.953385151622514	0.0466148503771386	1.00034661307047e-09	1e-09
chr19	55086939	17	34	66.67	1.81051	2	51	1	1	1.00000000091395	1.08605347896219e-09	1e-09	1e-09
chr19	55286665	38	5	11.63	1.81051	2	43	1	4	1e-09	1.00000000000058e-09	0.00120122036004463	0.998798781639955
chr19	55286767	50	7	12.28	1.81051	2	57	1	4	1e-09	1.00000000001559e-09	0.00360057944656665	0.996399422553433
chr19	55865948	21	2	8.7	1.81051	2	23	0	NA	NA	NA	NA	NA
chr19	57175899	21	3	12.5	1.81051	2	24	0	NA	NA	NA	NA	NA
chr2	3464167	37	3	7.5	2.47581	NA	40	1	NA	NA	NA	NA	NA
chr2	26203547	18	2	10	2.47581	NA	20	0	NA	NA	NA	NA	NA
chr2	27427660	43	3	6.52	2.47581	NA	46	1	NA	NA	NA	NA	NA
chr2	29092962	22	2	8.33	2.47581	NA	24	0	NA	NA	NA	NA	NA
chr2	54532238	68	16	19.05	2.05651	2	84	1	3	1e-09	1.23120511518852e-09	0.968933062145052	0.0310669396237425
chr2	70524333	58	17	22.67	2.05651	2	75	1	3	1e-09	3.03224270247872e-07	0.999217240133079	0.000782459642650999
chr2	70524351	56	18	24.32	2.05651	2	74	1	3	1e-09	5.51672539165355e-06	0.999824282257511	0.000170204017097651
chr2	70524359	54	15	21.74	2.05651	2	69	1	3	1e-09	5.47416544666689e-08	0.998073785105914	0.00192616315243115
chr2	70524368	48	13	21.31	2.05651	2	61	1	3	1e-09	2.46033261946606e-08	0.997047211553868	0.00295276684280544
chr2	70524369	45	13	22.41	2.05651	2	58	1	3	1e-09	1.88787398499989e-07	0.998996393004902	0.00100342120769982
chr2	87131091	81	19	19	2.05651	2	100	1	3	1e-09	1.20727345308893e-09	0.967220230617866	0.0327797711748602
chr2	89082422	94	20	17.54	2.05651	2	114	1	3	1e-09	1.0069281882356e-09	0.846329274538781	0.15367072745429
chr2	89082471	53	18	25.35	2.05651	2	71	1	3	1e-09	3.08064153316137e-05	0.999900640683213	6.85559014548127e-05
chr2	89082495	33	11	25	2.05651	2	44	1	3	1e-09	1.73004894618362e-05	0.999889647607037	9.30549035008835e-05
chr2	91969096	90	12	11.76	2.05651	2	102	1	4	1e-09	1.00000000000114e-09	0.00150318440867882	0.998496817591321
chr2	92075583	93	10	9.71	2.05651	2	103	1	4	1e-09	1e-09	3.2084432652164e-05	0.999967917567348
chr2	92075596	102	11	9.73	2.05651	2	113	1	4	1e-09	1e-09	3.34311983816245e-05	0.999966570801619
chr2	95474262	99	26	20.8	2.05651	2	125	1	3	1e-09	9.70625687049109e-09	0.995054871837553	0.00494512145618989
chr2	95539380	20	5	20	2.05651	2	25	0	NA	NA	NA	NA	NA
chr2	96517640	344	32	8.51	2.05651	2	376	1	4	1e-09	1e-09	2.31917999727235e-06	0.999997682820003
chr2	96517760	320	28	8.05	2.05651	2	348	1	4	1e-09	1e-09	7.71015443677489e-07	0.999999230984556
chr2	96521541	627	65	9.39	2.05651	2	692	1	4	1e-09	1e-09	1.64333561110454e-05	0.999983568643889
chr2	96525453	23	7	23.33	2.05651	2	30	1	3	1e-09	9.89456459318072e-07	0.999578475407305	0.00042053813623528
chr2	96616607	22	7	24.14	2.05651	2	29	0	NA	NA	NA	NA	NA
chr2	97827852	142	31	17.92	2.05651	2	173	1	3	1e-09	1.0175834178048e-09	0.896095479927858	0.103904522054558
chr2	97916014	28	3	9.68	2.05651	2	31	1	4	1e-09	1e-09	3.01607750774121e-05	0.999969841224922
chr2	97916016	22	6	21.43	2.05651	2	28	0	NA	NA	NA	NA	NA
chr2	101893156	36	3	7.69	2.05651	2	39	1	4	1e-09	1e-09	3.12358822793894e-07	0.999999689641177
chr2	106717482	22	4	15.38	2.05651	2	26	0	NA	NA	NA	NA	NA
chr2	114218150	71	7	8.97	1.65841	NA	78	1	NA	NA	NA	NA	NA
chr2	114257242	119	8	6.3	1.65841	NA	127	1	NA	NA	NA	NA	NA
chr2	114257266	98	7	6.67	1.65841	NA	105	1	NA	NA	NA	NA	NA
chr2	114341380	138	28	16.87	1.65841	NA	166	1	NA	NA	NA	NA	NA
chr2	114353282	214	19	8.15	1.65841	NA	233	1	NA	NA	NA	NA	NA
chr2	114353296	211	17	7.46	1.65841	NA	228	1	NA	NA	NA	NA	NA
chr2	121708983	21	2	8.7	1.65841	NA	23	0	NA	NA	NA	NA	NA
chr2	121748197	20	2	9.09	1.65841	NA	22	0	NA	NA	NA	NA	NA
chr2	131487858	33	16	32.65	1.65841	NA	49	1	NA	NA	NA	NA	NA
chr2	131521745	21	2	8.7	1.65841	NA	23	0	NA	NA	NA	NA	NA
chr2	132861299	33	9	21.43	1.65841	NA	42	1	NA	NA	NA	NA	NA
chr2	132861306	33	7	17.5	1.65841	NA	40	1	NA	NA	NA	NA	NA
chr2	132914614	145	18	11.04	1.65841	NA	163	1	NA	NA	NA	NA	NA
chr2	162251544	21	3	12.5	1.65841	NA	24	0	NA	NA	NA	NA	NA
chr2	175618279	29	3	9.38	1.65841	NA	32	1	NA	NA	NA	NA	NA
chr2	176829065	24	3	11.11	1.65841	NA	27	0	NA	NA	NA	NA	NA
chr2	178809479	20	2	9.09	1.65841	NA	22	0	NA	NA	NA	NA	NA
chr2	179300971	66	52	44.07	1.65841	NA	118	1	NA	NA	NA	NA	NA
chr2	179300979	66	50	43.1	1.65841	NA	116	1	NA	NA	NA	NA	NA
chr2	201838688	22	25	53.19	1.65841	NA	47	1	NA	NA	NA	NA	NA
chr2	220100481	21	2	8.7	1.65841	NA	23	0	NA	NA	NA	NA	NA
chr2	231590165	23	2	8	1.65841	NA	25	0	NA	NA	NA	NA	NA
chr2	233273377	26	2	7.14	1.65841	NA	28	0	NA	NA	NA	NA	NA
chr2	234891720	30	2	6.25	1.65841	NA	32	1	NA	NA	NA	NA	NA
chr2	241390183	24	2	7.69	1.65841	NA	26	0	NA	NA	NA	NA	NA
chr2	241390245	28	2	6.67	1.65841	NA	30	1	NA	NA	NA	NA	NA
chr2	242542369	24	2	7.69	1.65841	NA	26	0	NA	NA	NA	NA	NA
chr20	2843647	25	4	13.79	1.67981	NA	29	0	NA	NA	NA	NA	NA
chr20	6022450	19	2	9.52	1.67981	NA	21	0	NA	NA	NA	NA	NA
chr20	20516298	13	16	55.17	1.67981	NA	29	0	NA	NA	NA	NA	NA
chr20	22562410	22	22	50	1.67981	NA	44	1	NA	NA	NA	NA	NA
chr20	23061270	28	23	45.1	1.67981	NA	51	1	NA	NA	NA	NA	NA
chr20	25206346	17	12	41.38	1.67981	NA	29	0	NA	NA	NA	NA	NA
chr20	25752826	114	13	10.24	1.67981	NA	127	1	NA	NA	NA	NA	NA
chr20	25753463	73	11	13.1	1.67981	NA	84	1	NA	NA	NA	NA	NA
chr20	25753480	73	14	16.09	1.67981	NA	87	1	NA	NA	NA	NA	NA
chr20	29449611	94	10	9.62	1.67981	NA	104	1	NA	NA	NA	NA	NA
chr20	29623214	444	46	9.39	3.12141	3	490	1	NA	NA	NA	NA	NA
chr20	29623233	439	40	8.35	3.12141	3	479	1	NA	NA	NA	NA	NA
chr20	29632660	769	66	7.9	3.12141	3	835	1	NA	NA	NA	NA	NA
chr20	30064542	26	2	7.14	1.45075	NA	28	0	NA	NA	NA	NA	NA
chr20	30354526	14	13	48.15	1.45075	NA	27	0	NA	NA	NA	NA	NA
chr20	34295099	11	11	50	1.45075	NA	22	0	NA	NA	NA	NA	NA
chr20	44577715	27	2	6.9	1.45075	NA	29	0	NA	NA	NA	NA	NA
chr20	47732464	20	2	9.09	1.45075	NA	22	0	NA	NA	NA	NA	NA
chr20	47858565	31	3	8.82	1.45075	NA	34	1	NA	NA	NA	NA	NA
chr20	48500508	18	2	10	1.45075	NA	20	0	NA	NA	NA	NA	NA
chr20	48525130	19	2	9.52	1.45075	NA	21	0	NA	NA	NA	NA	NA
chr20	60735043	23	2	8	1.45075	NA	25	0	NA	NA	NA	NA	NA
chr20	60735063	20	2	9.09	1.45075	NA	22	0	NA	NA	NA	NA	NA
chr20	61519934	18	2	10	1.45075	NA	20	0	NA	NA	NA	NA	NA
chr20	62904623	17	3	15	1.45075	NA	20	0	NA	NA	NA	NA	NA
chr21	9907276	101	14	12.17	2.17694	2	115	1	4	1e-09	1.00000000000904e-09	0.00300234303104034	0.996997658968959
chr21	9907606	143	16	10.06	2.17694	2	159	1	4	1e-09	1e-09	6.51457462604458e-05	0.99993485625374
chr21	9921548	86	15	14.85	2.17694	2	101	1	4	1e-09	1.00000139992858e-09	0.148734449100946	0.851265552899052
chr21	9921628	38	12	24	2.17694	2	50	1	3	1e-09	3.18851262700921e-06	0.999769580847756	0.000227233639616588
chr21	10164401	139	18	11.46	2.17694	2	157	1	4	1e-09	1.00000000000024e-09	0.000892644742405003	0.999107357257595
chr21	10164497	84	13	13.4	2.17694	2	97	1	4	1e-09	1.00000000306598e-09	0.0208641234963391	0.979135878503661
chr21	10214573	32	7	17.95	2.17694	2	39	1	3	1e-09	1.01889310160514e-09	0.899313419024818	0.100686582956289
chr21	10914758	56	13	18.84	2.17694	2	69	1	3	1e-09	1.14574249037626e-09	0.96107252997046	0.0389274718837978
chr21	11038957	215	34	13.65	2.17694	2	249	1	4	1e-09	1.0000000093522e-09	0.0301377618330841	0.969862240166916
chr21	11039091	557	52	8.54	2.17694	2	609	1	4	1e-09	1e-09	2.48697965617473e-06	0.999997515020344
chr21	11047582	239	31	11.48	2.17694	2	270	1	4	1e-09	1.00000000000026e-09	0.000924577155646547	0.999075424844354
chr21	11049592	44	15	25.42	2.17694	2	59	1	3	1e-09	3.45436995326e-05	0.999900940560461	6.45187400063583e-05
chr21	11058229	110	23	17.29	2.17694	2	133	1	3	1e-09	1.00366243149105e-09	0.803180683320654	0.196819318675683
chr21	15219052	99	8	7.48	2.17694	2	107	1	4	1e-09	1e-09	1.81147795798928e-07	0.999999820852204
chr21	15219098	113	13	10.32	2.17694	2	126	1	4	1e-09	1e-09	0.000108615162807884	0.999891386837192
chr21	15320027	77	31	28.7	2.17694	2	108	1	3	1e-09	0.00542133956173552	0.994574363991512	4.29944675209998e-06
chr21	15320028	77	31	28.7	2.17694	2	108	1	3	1e-09	0.00542133956173552	0.994574363991512	4.29944675209998e-06
chr21	33372551	52	20	27.78	2.17694	2	72	1	3	1e-09	0.00139266577468439	0.998598360369722	8.97685559358666e-06
chr21	33809835	36	12	25	2.17694	2	48	1	3	1e-09	1.73004894618362e-05	0.999889647607037	9.30549035008835e-05
chr21	39753583	71	30	29.7	2.17694	2	101	1	3	1e-09	0.022419407908495	0.977578648392728	1.94669877686883e-06
chr21	45716335	35	3	7.89	2.17694	2	38	1	4	1e-09	1e-09	5.18432377603158e-07	0.999999483567622
chr22	16449536	92	13	12.38	1.91853	2	105	1	4	1e-09	1.00000000002547e-09	0.00424128190619417	0.995758720093806
chr22	18840956	44	10	18.52	1.91853	2	54	1	3	1e-09	1.07115845547033e-09	0.945099937153325	0.0549000647755161
chr22	18842026	118	31	20.81	1.91853	2	149	1	3	1e-09	9.88026332082043e-09	0.995105077557119	0.00489491556261732
chr22	19246247	35	3	7.89	1.91853	2	38	1	4	1e-09	1e-09	5.18432377603158e-07	0.999999483567622
chr22	19246262	32	4	11.11	1.91853	2	36	1	4	1e-09	1.00000000000004e-09	0.000477925193266696	0.999522076806733
chr22	19246267	33	4	10.81	1.91853	2	37	1	4	1e-09	1.00000000000001e-09	0.00027559039580677	0.999724411604193
chr22	19246268	33	4	10.81	1.91853	2	37	1	4	1e-09	1.00000000000001e-09	0.00027559039580677	0.999724411604193
chr22	19484937	37	12	24.49	1.91853	2	49	1	3	1e-09	7.36175504900962e-06	0.999846473686369	0.000146167558582263
chr22	20460191	20	2	9.09	1.91853	2	22	0	NA	NA	NA	NA	NA
chr22	21649205	92	6	6.12	1.98	2	98	1	4	1e-09	1e-09	4.47113295312867e-09	0.999999997528867
chr22	21834038	15	12	44.44	1.98	2	27	0	NA	NA	NA	NA	NA
chr22	24122577	22	2	8.33	1.98	2	24	0	NA	NA	NA	NA	NA
chr22	25010828	36	13	26.53	1.98	2	49	1	3	1e-09	0.000204284118891315	0.999770636643903	2.50822372056075e-05
chr22	25042908	65	8	10.96	1.98	2	73	1	4	1e-09	1.00000000000002e-09	0.000363569219228143	0.999636432780772
chr22	25424727	25	2	7.41	1.98	2	27	0	NA	NA	NA	NA	NA
chr22	25586619	26	3	10.34	1.98	2	29	0	NA	NA	NA	NA	NA
chr22	31658157	36	3	7.69	1.98	2	39	1	4	1e-09	1e-09	3.12358822793894e-07	0.999999689641177
chr22	39918014	26	21	44.68	1.98	2	47	1	2	1.00288279565045e-09	0.999998962368062	1.03962905450304e-06	1.00000010732417e-09
chr22	46712410	32	4	11.11	1.98	2	36	1	4	1e-09	1.00000000000004e-09	0.000477925193266696	0.999522076806733
chr22	50942438	31	2	6.06	2.03581	2	33	1	4	1e-09	1e-09	3.8612496816103e-09	0.99999999813875
chr22	51117766	35	10	22.22	2.03581	2	45	1	3	1e-09	1.33186279595455e-07	0.998794611269383	0.00120525854433769
chr22	51117787	36	11	23.4	2.03581	2	47	1	3	1e-09	1.11973124220744e-06	0.999604808259604	0.000394075009154326
chr22	51117800	32	8	20	2.03581	2	40	1	3	1e-09	2.73056843276235e-09	0.988680125944668	0.0113198743247639
chr22	51117802	31	8	20.51	2.03581	2	39	1	3	1e-09	5.88380516111269e-09	0.993341167792087	0.00665882932410764
chr22	51117811	32	7	17.95	2.03581	2	39	1	3	1e-09	1.01889310160514e-09	0.899313419024818	0.100686582956289
chr22	51117826	24	7	22.58	2.03581	2	31	1	3	1e-09	2.57477799888852e-07	0.999147161623597	0.00085258389860325
chr3	24160032	76	22	22.45	2.31996	NA	98	1	NA	NA	NA	NA	NA
chr3	47047841	30	3	9.09	2.31996	NA	33	1	NA	NA	NA	NA	NA
chr3	49094782	22	3	12	2.31996	NA	25	0	NA	NA	NA	NA	NA
chr3	49200419	19	2	9.52	2.31996	NA	21	0	NA	NA	NA	NA	NA
chr3	49354779	31	2	6.06	2.31996	NA	33	1	NA	NA	NA	NA	NA
chr3	49698559	30	2	6.25	2.31996	NA	32	1	NA	NA	NA	NA	NA
chr3	49698593	31	2	6.06	2.31996	NA	33	1	NA	NA	NA	NA	NA
chr3	49932905	31	2	6.06	2.31996	NA	33	1	NA	NA	NA	NA	NA
chr3	50327552	18	2	10	2.31996	NA	20	0	NA	NA	NA	NA	NA
chr3	50412154	21	2	8.7	2.31996	NA	23	0	NA	NA	NA	NA	NA
chr3	51812691	27	3	10	2.31996	NA	30	1	NA	NA	NA	NA	NA
chr3	51971756	29	2	6.45	2.31996	NA	31	1	NA	NA	NA	NA	NA
chr3	52256499	21	2	8.7	2.31996	NA	23	0	NA	NA	NA	NA	NA
chr3	52558575	28	2	6.67	2.31996	NA	30	1	NA	NA	NA	NA	NA
chr3	69110954	30	17	36.17	2.31996	NA	47	1	NA	NA	NA	NA	NA
chr3	75786352	302	29	8.76	2.31996	NA	331	1	NA	NA	NA	NA	NA
chr3	75787174	577	73	11.23	2.31996	NA	650	1	NA	NA	NA	NA	NA
chr3	75787218	384	50	11.52	2.31996	NA	434	1	NA	NA	NA	NA	NA
chr3	75787264	249	29	10.43	2.31996	NA	278	1	NA	NA	NA	NA	NA
chr3	75787276	251	31	10.99	2.31996	NA	282	1	NA	NA	NA	NA	NA
chr3	75790824	153	16	9.47	2.31996	NA	169	1	NA	NA	NA	NA	NA
chr3	93699168	22	4	15.38	2.31996	NA	26	0	NA	NA	NA	NA	NA
chr3	101133141	75	12	13.79	2.31996	NA	87	1	NA	NA	NA	NA	NA
chr3	101133189	99	20	16.81	2.31996	NA	119	1	NA	NA	NA	NA	NA
chr3	101133195	97	23	19.17	2.31996	NA	120	1	NA	NA	NA	NA	NA
chr3	101133199	98	22	18.33	2.31996	NA	120	1	NA	NA	NA	NA	NA
chr3	101133219	107	21	16.41	2.31996	NA	128	1	NA	NA	NA	NA	NA
chr3	101133220	107	21	16.41	2.31996	NA	128	1	NA	NA	NA	NA	NA
chr3	101133225	113	21	15.67	2.31996	NA	134	1	NA	NA	NA	NA	NA
chr3	101133227	114	21	15.56	2.31996	NA	135	1	NA	NA	NA	NA	NA
chr3	101133237	118	24	16.9	2.31996	NA	142	1	NA	NA	NA	NA	NA
chr3	101133239	119	25	17.36	2.31996	NA	144	1	NA	NA	NA	NA	NA
chr3	101133247	115	24	17.27	2.31996	NA	139	1	NA	NA	NA	NA	NA
chr3	101133250	115	23	16.67	2.31996	NA	138	1	NA	NA	NA	NA	NA
chr3	101133420	65	16	19.75	2.31996	NA	81	1	NA	NA	NA	NA	NA
chr3	101133421	64	16	20	2.31996	NA	80	1	NA	NA	NA	NA	NA
chr3	101133931	74	23	23.71	2.31996	NA	97	1	NA	NA	NA	NA	NA
chr3	101133985	48	18	27.27	2.31996	NA	66	1	NA	NA	NA	NA	NA
chr3	101133987	48	18	27.27	2.31996	NA	66	1	NA	NA	NA	NA	NA
chr3	101134687	47	9	16.07	2.31996	NA	56	1	NA	NA	NA	NA	NA
chr3	101134702	46	9	16.36	2.31996	NA	55	1	NA	NA	NA	NA	NA
chr3	101134705	45	9	16.67	2.31996	NA	54	1	NA	NA	NA	NA	NA
chr3	101134724	39	9	18.75	2.31996	NA	48	1	NA	NA	NA	NA	NA
chr3	138723123	46	34	42.5	2.31996	NA	80	1	NA	NA	NA	NA	NA
chr3	172350665	63	26	29.21	2.31996	NA	89	1	NA	NA	NA	NA	NA
chr3	194408408	27	2	6.9	2.31996	NA	29	0	NA	NA	NA	NA	NA
chr3	195505836	93	16	14.68	2.31996	NA	109	1	NA	NA	NA	NA	NA
chr3	195510793	142	19	11.8	0.755341	1	161	1	NA	NA	NA	NA	NA
chr3	195513413	151	12	7.36	0.755341	1	163	1	NA	NA	NA	NA	NA
chr3	196557130	55	22	28.57	1.39561	NA	77	1	NA	NA	NA	NA	NA
chr4	1987972	19	2	9.52	1.97424	2	21	0	NA	NA	NA	NA	NA
chr4	2073873	16	7	30.43	1.97424	2	23	0	NA	NA	NA	NA	NA
chr4	13485857	18	3	14.29	1.97424	2	21	0	NA	NA	NA	NA	NA
chr4	39974717	95	29	23.39	1.97424	2	124	1	3	1e-09	1.10014232571334e-06	0.999601155825029	0.000397747032645713
chr4	42424935	64	19	22.89	1.97424	2	83	1	3	1e-09	4.51233783173849e-07	0.999364426258053	0.000635125508163898
chr4	49239233	50	12	19.35	1.97424	2	62	1	3	1e-09	1.44205630038208e-09	0.977467575896442	0.0225324256615016
chr4	49504178	57	4	6.56	1.97424	2	61	1	4	1e-09	1e-09	1.45693159076646e-08	0.999999987430684
chr4	72413382	69	23	25	1.97424	2	92	1	3	1e-09	1.73004894618362e-05	0.999889647607037	9.30549035008835e-05
chr4	76555534	19	2	9.52	1.97424	2	21	0	NA	NA	NA	NA	NA
chr4	76781617	26	2	7.14	1.97424	2	28	0	NA	NA	NA	NA	NA
chr4	81308543	36	3	7.69	1.97424	2	39	1	4	1e-09	1e-09	3.12358822793894e-07	0.999999689641177
chr4	87691112	13	13	50	1.97424	2	26	0	NA	NA	NA	NA	NA
chr4	88052379	39	3	7.14	1.97424	2	42	1	4	1e-09	1e-09	7.29345233947572e-08	0.999999929065477
chr4	94693316	18	27	60	1.97424	2	45	1	0	NA	NA	NA	NA
chr4	103651382	27	2	6.9	1.97424	2	29	0	NA	NA	NA	NA	NA
chr4	103651403	21	2	8.7	1.97424	2	23	0	NA	NA	NA	NA	NA
chr4	108985520	23	16	41.03	1.97424	2	39	1	2	1.0000005800027e-09	0.99995605779704	4.39442029188304e-05	1.00004016134875e-09
chr4	119555489	79	7	8.14	1.97424	2	86	1	4	1e-09	1e-09	9.60783162189049e-07	0.999999041216838
chr4	119555497	75	8	9.64	1.97424	2	83	1	4	1e-09	1e-09	2.77662351901114e-05	0.99997223576481
chr4	119555498	76	8	9.52	1.97424	2	84	1	4	1e-09	1e-09	2.16215039329719e-05	0.999978380496067
chr4	119555528	79	7	8.14	1.97424	2	86	1	4	1e-09	1e-09	9.60783162189049e-07	0.999999041216838
chr4	159092606	18	2	10	1.97424	2	20	0	NA	NA	NA	NA	NA
chr4	175899102	115	17	12.88	1.6989	NA	132	1	NA	NA	NA	NA	NA
chr4	190874256	248	45	15.36	1.6989	NA	293	1	NA	NA	NA	NA	NA
chr5	10227711	21	7	25	1.88531	2	28	0	NA	NA	NA	NA	NA
chr5	31521335	37	15	28.85	1.88531	2	52	1	3	1e-09	0.00673587430368421	0.993260311337415	3.81735890033219e-06
chr5	33561330	18	2	10	1.88531	2	20	0	NA	NA	NA	NA	NA
chr5	38476347	76	24	24	1.88531	2	100	1	3	1e-09	3.18851262700921e-06	0.999769580847756	0.000227233639616588
chr5	39284708	33	23	41.07	1.88531	2	56	1	2	1.00000063771328e-09	0.999957886719122	4.21152808398404e-05	1.00003755939239e-09
chr5	79950284	19	2	9.52	1.88531	2	21	0	NA	NA	NA	NA	NA
chr5	85588845	19	8	29.63	1.88531	2	27	0	NA	NA	NA	NA	NA
chr5	132553070	21	8	27.59	1.88531	2	29	0	NA	NA	NA	NA	NA
chr5	137548647	18	2	10	1.88531	2	20	0	NA	NA	NA	NA	NA
chr5	140011745	17	3	15	1.88531	2	20	0	NA	NA	NA	NA	NA
chr5	140504189	48	31	39.24	1.88531	2	79	1	2	1.00000000796785e-09	0.999694506085616	0.000305495913536709	1.00084729458126e-09
chr5	140725706	28	2	6.67	1.88531	2	30	1	4	1e-09	1e-09	1.98179256573879e-08	0.999999982182074
chr5	149516649	25	2	7.41	1.88531	2	27	0	NA	NA	NA	NA	NA
chr5	149600146	16	15	48.39	1.88531	2	31	1	2	1.40968884160878e-08	0.999999958428295	3.04748167624141e-08	1.00000000036411e-09
chr5	150656870	35	3	7.89	1.88531	2	38	1	4	1e-09	1e-09	5.18432377603158e-07	0.999999483567622
chr5	154278866	22	2	8.33	1.88531	2	24	0	NA	NA	NA	NA	NA
chr5	159776337	23	2	8	1.88531	2	25	0	NA	NA	NA	NA	NA
chr5	175717627	66	10	13.16	1.88531	2	76	1	4	1e-09	1.00000000102838e-09	0.0145289022657571	0.985471099734243
chr5	180230739	12	16	57.14	1.88531	2	28	0	NA	NA	NA	NA	NA
chr5	180753511	25	2	7.41	1.88531	2	27	0	NA	NA	NA	NA	NA
chr6	2948484	17	5	22.73	2.79704	3	22	0	NA	NA	NA	NA	NA
chr6	13307884	99	15	13.16	2.79704	3	114	1	NA	NA	NA	NA	NA
chr6	17606184	97	16	14.16	2.79704	3	113	1	NA	NA	NA	NA	NA
chr6	17608711	91	24	20.87	2.79704	3	115	1	NA	NA	NA	NA	NA
chr6	17608713	90	24	21.05	2.79704	3	114	1	NA	NA	NA	NA	NA
chr6	17608716	91	24	20.87	2.79704	3	115	1	NA	NA	NA	NA	NA
chr6	17608735	98	29	22.83	2.79704	3	127	1	NA	NA	NA	NA	NA
chr6	17608738	100	29	22.48	2.79704	3	129	1	NA	NA	NA	NA	NA
chr6	17608755	106	37	25.87	2.79704	3	143	1	NA	NA	NA	NA	NA
chr6	17608801	126	40	24.1	2.79704	3	166	1	NA	NA	NA	NA	NA
chr6	24836114	47	3	6	2.79704	3	50	1	NA	NA	NA	NA	NA
chr6	25926083	118	11	8.53	2.79704	3	129	1	NA	NA	NA	NA	NA
chr6	26410297	147	110	42.8	2.79704	3	257	1	NA	NA	NA	NA	NA
chr6	29454693	98	14	12.5	2.79704	3	112	1	NA	NA	NA	NA	NA
chr6	29977000	200	22	9.91	2.79704	3	222	1	NA	NA	NA	NA	NA
chr6	30458907	73	5	6.41	2.79704	3	78	1	NA	NA	NA	NA	NA
chr6	30891122	23	4	14.81	2.79704	3	27	0	NA	NA	NA	NA	NA
chr6	31323116	65	7	9.72	2.79704	3	72	1	NA	NA	NA	NA	NA
chr6	31323233	113	15	11.72	2.79704	3	128	1	NA	NA	NA	NA	NA
chr6	31583205	22	24	52.17	2.79704	3	46	1	NA	NA	NA	NA	NA
chr6	32546622	84	26	23.64	2.79704	3	110	1	NA	NA	NA	NA	NA
chr6	32546623	81	27	25	2.79704	3	108	1	NA	NA	NA	NA	NA
chr6	32546624	84	27	24.32	2.79704	3	111	1	NA	NA	NA	NA	NA
chr6	32546629	89	26	22.61	2.79704	3	115	1	NA	NA	NA	NA	NA
chr6	32548550	148	22	12.94	2.79704	3	170	1	NA	NA	NA	NA	NA
chr6	32557549	141	30	17.54	2.79704	3	171	1	NA	NA	NA	NA	NA
chr6	32712996	135	21	13.46	2.79704	3	156	1	NA	NA	NA	NA	NA
chr6	32713044	148	27	15.43	2.79704	3	175	1	NA	NA	NA	NA	NA
chr6	32713048	148	27	15.43	2.79704	3	175	1	NA	NA	NA	NA	NA
chr6	32713061	146	25	14.62	2.79704	3	171	1	NA	NA	NA	NA	NA
chr6	32713863	43	8	15.69	2.79704	3	51	1	NA	NA	NA	NA	NA
chr6	32796199	80	14	14.89	2.79704	3	94	1	NA	NA	NA	NA	NA
chr6	32845519	111	68	37.99	2.79704	3	179	1	NA	NA	NA	NA	NA
chr6	35703048	84	22	20.75	2.79704	3	106	1	NA	NA	NA	NA	NA
chr6	35782626	18	10	35.71	2.79704	3	28	0	NA	NA	NA	NA	NA
chr6	36260895	49	8	14.04	2.79704	3	57	1	NA	NA	NA	NA	NA
chr6	37606075	47	18	27.69	2.79704	3	65	1	NA	NA	NA	NA	NA
chr6	38137049	66	11	14.29	2.79704	3	77	1	NA	NA	NA	NA	NA
chr6	79577620	21	4	16	2.79704	3	25	0	NA	NA	NA	NA	NA
chr6	87993570	48	5	9.43	2.79704	3	53	1	NA	NA	NA	NA	NA
chr6	129470158	29	46	61.33	2.79704	3	75	1	NA	NA	NA	NA	NA
chr6	136593095	25	11	30.56	2.79704	3	36	1	NA	NA	NA	NA	NA
chr6	136960704	63	27	30	2.79704	3	90	1	NA	NA	NA	NA	NA
chr6	138754771	37	4	9.76	2.79704	3	41	1	NA	NA	NA	NA	NA
chr6	142491514	60	25	29.41	2.79704	3	85	1	NA	NA	NA	NA	NA
chr6	144104287	52	19	26.76	2.79704	3	71	1	NA	NA	NA	NA	NA
chr6	150141531	11	8	42.11	2.79704	3	19	0	NA	NA	NA	NA	NA
chr6	150210684	56	19	25.33	2.79704	3	75	1	NA	NA	NA	NA	NA
chr6	154744110	43	19	30.65	2.79704	3	62	1	NA	NA	NA	NA	NA
chr6	159187804	25	2	7.41	2.79704	3	27	0	NA	NA	NA	NA	NA
chr6	160999611	32	15	31.91	2.79704	3	47	1	NA	NA	NA	NA	NA
chr6	161015077	25	22	46.81	2.79704	3	47	1	NA	NA	NA	NA	NA
chr7	926185	24	3	11.11	2.1933	2	27	0	NA	NA	NA	NA	NA
chr7	4805931	18	2	10	2.1933	2	20	0	NA	NA	NA	NA	NA
chr7	5416467	23	2	8	2.1933	2	25	0	NA	NA	NA	NA	NA
chr7	23157623	31	9	22.5	2.1933	2	40	1	3	1e-09	2.22544966915057e-07	0.999079385482868	0.000920394972164555
chr7	26231313	43	13	23.21	2.1933	2	56	1	3	1e-09	7.99778849652974e-07	0.999528921693859	0.0004702815272916
chr7	44039053	20	3	13.04	1.05307	1	23	0	NA	NA	NA	NA	NA
chr7	45010298	26	2	7.14	2.06165	2	28	0	NA	NA	NA	NA	NA
chr7	47925435	20	2	9.09	2.06165	2	22	0	NA	NA	NA	NA	NA
chr7	56871818	133	13	8.9	2.06165	2	146	1	4	1e-09	1e-09	5.64998577358273e-06	0.999994352014226
chr7	62708609	71	14	16.47	2.06165	2	85	1	3	1e-09	1.00037682864235e-09	0.597462924843815	0.402537077155809
chr7	65551541	20	2	9.09	2.06165	2	22	0	NA	NA	NA	NA	NA
chr7	66288969	29	2	6.45	2.06165	2	31	1	4	1e-09	1e-09	1.07324724139535e-08	0.999999991267527
chr7	73472046	19	2	9.52	2.06165	2	21	0	NA	NA	NA	NA	NA
chr7	73483321	18	2	10	2.06165	2	20	0	NA	NA	NA	NA	NA
chr7	76255222	46	24	34.29	2.06165	2	70	1	2	1.00000000000003e-09	0.909065833672987	0.0909341618186843	7.50832898804853e-09
chr7	99063742	17	3	15	2.06165	2	20	0	NA	NA	NA	NA	NA
chr7	100802348	18	9	33.33	2.06165	2	27	0	NA	NA	NA	NA	NA
chr7	105260710	68	24	26.09	2.06165	2	92	1	3	1e-09	0.000101848533829492	0.999861818969831	3.63354963392342e-05
chr7	127964644	43	4	8.51	2.06165	2	47	1	4	1e-09	1e-09	2.31917999727235e-06	0.999997682820003
chr7	128490370	20	3	13.04	2.06165	2	23	0	NA	NA	NA	NA	NA
chr7	128588919	18	3	14.29	2.06165	2	21	0	NA	NA	NA	NA	NA
chr7	142459952	57	11	16.18	2.06165	2	68	1	3	1e-09	1.00015514484251e-09	0.506587441817928	0.493412560181917
chr7	142460005	23	10	30.3	2.06165	2	33	1	3	1e-09	0.0504888953736101	0.949509908367068	1.19925932210244e-06
chr7	142460503	72	9	11.11	2.06165	2	81	1	4	1e-09	1.00000000000004e-09	0.000477925193266696	0.999522076806733
chr7	142460744	54	13	19.4	2.06165	2	67	1	3	1e-09	1.49189789651304e-09	0.978638363246256	0.0213616382618457
chr7	142481251	155	20	11.43	2.06165	2	175	1	4	1e-09	1.0000000000002e-09	0.000846708915015676	0.999153293084984
chr7	142481269	176	13	6.88	2.06165	2	189	1	4	1e-09	1e-09	3.56350928899703e-08	0.999999966364907
chr7	142481278	176	15	7.85	2.06165	2	191	1	4	1e-09	1e-09	4.68915794523231e-07	0.999999533084205
chr7	142481287	173	15	7.98	2.06165	2	188	1	4	1e-09	1e-09	6.48702194067276e-07	0.999999353297806
chr7	142481291	172	15	8.02	2.06165	2	187	1	4	1e-09	1e-09	7.16122377925077e-07	0.999999285877622
chr7	142481292	172	15	8.02	2.06165	2	187	1	4	1e-09	1e-09	7.16122377925077e-07	0.999999285877622
chr7	142481299	164	15	8.38	2.06165	2	179	1	4	1e-09	1e-09	1.70879599961867e-06	0.999998293204
chr7	150845891	13	8	38.1	2.06165	2	21	0	NA	NA	NA	NA	NA
chr7	151926945	162	12	6.9	2.06165	2	174	1	4	1e-09	1e-09	3.76725121768705e-08	0.999999964327488
chr7	151932949	61	5	7.58	2.06165	2	66	1	4	1e-09	1e-09	2.35194094500318e-07	0.999999766805906
chr8	182794	30	14	31.82	1.5997	NA	44	1	NA	NA	NA	NA	NA
chr8	1791614	20	2	9.09	1.5997	NA	22	0	NA	NA	NA	NA	NA
chr8	7877676	240	16	6.25	1.5997	NA	256	1	NA	NA	NA	NA	NA
chr8	11189184	75	6	7.41	1.5997	NA	81	1	NA	NA	NA	NA	NA
chr8	11616496	28	2	6.67	1.5997	NA	30	1	NA	NA	NA	NA	NA
chr8	12486761	117	10	7.87	2.66919	NA	127	1	NA	NA	NA	NA	NA
chr8	12486819	18	4	18.18	2.66919	NA	22	0	NA	NA	NA	NA	NA
chr8	33369672	18	3	14.29	2.66919	NA	21	0	NA	NA	NA	NA	NA
chr8	52731210	132	35	20.96	2.66919	NA	167	1	NA	NA	NA	NA	NA
chr8	52732917	104	12	10.34	2.66919	NA	116	1	NA	NA	NA	NA	NA
chr8	62212594	27	19	41.3	2.66919	NA	46	1	NA	NA	NA	NA	NA
chr8	67342085	33	8	19.51	2.66919	NA	41	1	NA	NA	NA	NA	NA
chr8	71506875	31	9	22.5	2.66919	NA	40	1	NA	NA	NA	NA	NA
chr8	101715468	211	36	14.57	2.66919	NA	247	1	NA	NA	NA	NA	NA
chr8	101715470	204	36	15	2.66919	NA	240	1	NA	NA	NA	NA	NA
chr8	101730043	144	10	6.49	2.66919	NA	154	1	NA	NA	NA	NA	NA
chr8	101730064	147	11	6.96	2.66919	NA	158	1	NA	NA	NA	NA	NA
chr8	101730073	141	11	7.24	2.66919	NA	152	1	NA	NA	NA	NA	NA
chr8	104781074	64	18	21.95	2.66919	NA	82	1	NA	NA	NA	NA	NA
chr8	117875438	31	136	81.44	2.66919	NA	167	1	NA	NA	NA	NA	NA
chr8	120103375	133	38	22.22	2.66919	NA	171	1	NA	NA	NA	NA	NA
chr8	121061897	36	3	7.69	2.66919	NA	39	1	NA	NA	NA	NA	NA
chr8	127569368	25	26	50.98	2.66919	NA	51	1	NA	NA	NA	NA	NA
chr8	143693480	46	16	25.81	2.66919	NA	62	1	NA	NA	NA	NA	NA
chr8	143851215	17	9	34.62	2.66919	NA	26	0	NA	NA	NA	NA	NA
chr8	144342173	276	22	7.38	2.66919	NA	298	1	NA	NA	NA	NA	NA
chr8	144342202	275	34	11	2.66919	NA	309	1	NA	NA	NA	NA	NA
chr8	145095793	32	3	8.57	2.66919	NA	35	1	NA	NA	NA	NA	NA
chr9	14810	48	7	12.73	1.87138	2	55	1	4	1e-09	1.00000000013772e-09	0.00744485876922741	0.992555143230773
chr9	15831	22	2	8.33	1.87138	2	24	0	NA	NA	NA	NA	NA
chr9	17107	18	4	18.18	1.87138	2	22	0	NA	NA	NA	NA	NA
chr9	2643180	19	3	13.64	1.87138	2	22	0	NA	NA	NA	NA	NA
chr9	4299603	23	2	8	1.87138	2	25	0	NA	NA	NA	NA	NA
chr9	9090966	69	5	6.76	1.87138	2	74	1	4	1e-09	1e-09	2.54958102940714e-08	0.99999997650419
chr9	33797828	66	12	15.38	1.87138	2	78	1	4	1e-09	1.00001032985493e-09	0.264593335693364	0.735406666306625
chr9	33797869	75	10	11.76	1.87138	2	85	1	4	1e-09	1.00000000000114e-09	0.00150318440867882	0.998496817591321
chr9	33800242	14	7	33.33	1.87138	2	21	0	NA	NA	NA	NA	NA
chr9	33803197	30	9	23.08	1.87138	2	39	1	3	1e-09	6.34389520382669e-07	0.999468248618281	0.00053111999219879
chr9	33803224	29	11	27.5	1.87138	2	40	1	3	1e-09	0.000912598860232349	0.99907613841075	1.12657290171518e-05
chr9	33803255	19	9	32.14	1.87138	2	28	0	NA	NA	NA	NA	NA
chr9	35685297	31	2	6.06	1.87138	2	33	1	4	1e-09	1e-09	3.8612496816103e-09	0.99999999813875
chr9	36351245	38	3	7.32	1.87138	2	41	1	4	1e-09	1e-09	1.1855220274091e-07	0.999999883447797
chr9	41954395	108	14	11.48	1.87138	2	122	1	4	1e-09	1.00000000000026e-09	0.000924577155646547	0.999075424844354
chr9	43629290	17	28	62.22	1.87138	2	45	1	1	0.999997233259249	2.76874075109997e-06	1.00000000062685e-09	1e-09
chr9	44076938	160	18	10.11	1.87138	2	178	1	4	1e-09	1e-09	7.19445316585874e-05	0.999928057468341
chr9	44076967	173	14	7.49	1.87138	2	187	1	4	1e-09	1e-09	1.85964906561246e-07	0.999999816035093
chr9	44076969	168	17	9.19	1.87138	2	185	1	4	1e-09	1e-09	1.0698194747092e-05	0.999989303805253
chr9	44127838	16	5	23.81	1.87138	2	21	0	NA	NA	NA	NA	NA
chr9	66499653	37	5	11.9	1.87138	2	42	1	4	1e-09	1.00000000000233e-09	0.00190869989312847	0.998091302106872
chr9	66499694	91	14	13.33	1.87138	2	105	1	4	1e-09	1.00000000223435e-09	0.0187904396034391	0.981209562396561
chr9	66499897	46	11	19.3	1.87138	2	57	1	3	1e-09	1.39713380253561e-09	0.976231305280823	0.0237686963220433
chr9	66500901	200	43	17.7	1.87138	2	243	1	3	1e-09	1.0103070247271e-09	0.869435216902346	0.130564785087347
chr9	66664940	78	15	16.13	1.87138	2	93	1	4	1e-09	1.00013247227303e-09	0.490552551186114	0.509447450813754
chr9	67293518	95	14	12.84	1.87138	2	109	1	4	1e-09	1.00000000023186e-09	0.0088548668280315	0.991145135171968
chr9	67293607	68	10	12.82	1.87138	2	78	1	4	1e-09	1.00000000021098e-09	0.00858102589146761	0.991418976108533
chr9	67938686	234	24	9.3	1.87138	2	258	1	4	1e-09	1e-09	1.35615826309002e-05	0.999986440417369
chr9	69391206	77	7	8.33	1.87138	2	84	1	4	1e-09	1e-09	1.51759108648196e-06	0.999998484408914
chr9	69423550	156	10	6.02	1.87138	2	166	1	4	1e-09	1e-09	3.51283183940311e-09	0.999999998487168
chr9	69423615	201	14	6.51	1.87138	2	215	1	4	1e-09	1e-09	1.26746449089838e-08	0.999999989325355
chr9	69423670	55	4	6.78	1.87138	2	59	1	4	1e-09	1e-09	2.69621517032769e-08	0.999999975037848
chr9	69423700	38	13	25.49	1.87138	2	51	1	3	1e-09	3.87229580930811e-05	0.999900552454343	6.07275875637249e-05
chr9	69423703	37	13	26	1.87138	2	50	1	3	1e-09	8.82138686349581e-05	0.999872567720336	3.92214110292585e-05
chr9	69652930	80	20	20	1.87138	2	100	1	3	1e-09	2.73056843276235e-09	0.988680125944668	0.0113198743247639
chr9	71437496	25	18	41.86	1.87138	2	43	1	2	1.00000411923798e-09	0.999981684419652	1.83175803337942e-05	1.00001010346863e-09
chr9	73225606	22	10	31.25	1.87138	2	32	1	3	1e-09	0.163388139723439	0.836611341937375	5.2133918613276e-07
chr9	101540527	40	3	6.98	1.87138	2	43	1	4	1e-09	1e-09	4.70202141698506e-08	0.999999954979786
chr9	116137892	12	24	66.67	1.87138	2	36	1	1	1.00000000091395	1.08605347896219e-09	1e-09	1e-09
chr9	130912645	13	19	59.38	1.87138	2	32	1	0	NA	NA	NA	NA
chr9	131013337	31	2	6.06	1.87138	2	33	1	4	1e-09	1e-09	3.8612496816103e-09	0.99999999813875
chr9	131018395	25	17	40.48	1.87138	2	42	1	2	1.00000015675589e-09	0.999920879776515	7.91222233831728e-05	1.00010138294702e-09
chr9	131118034	18	2	10	1.87138	2	20	0	NA	NA	NA	NA	NA
chr9	131770390	18	2	10	1.87138	2	20	0	NA	NA	NA	NA	NA
chr9	134053807	13	26	66.67	1.87138	2	39	1	1	1.00000000091395	1.08605347896219e-09	1e-09	1e-09
chr9	136379815	35	3	7.89	1.87138	2	38	1	4	1e-09	1e-09	5.18432377603158e-07	0.999999483567622
chrX	213492	73	6	7.59	1.08546	1	79	1	NA	NA	NA	NA	NA
chrX	322236	22	2	8.33	1.08546	1	24	0	NA	NA	NA	NA	NA
chrX	1505543	20	2	9.09	1.07162	1	22	0	NA	NA	NA	NA	NA
chrX	1584262	28	2	6.67	1.07162	1	30	1	NA	NA	NA	NA	NA
chrX	1720271	20	2	9.09	1.07162	1	22	0	NA	NA	NA	NA	NA
chrX	25022208	60	20	25	1.95477	2	80	1	3	1e-09	1.73004894618362e-05	0.999889647607037	9.30549035008835e-05
chrX	27765539	87	7	7.45	1.95477	2	94	1	4	1e-09	1e-09	1.67402251108268e-07	0.999999834597749
chrX	27766042	83	29	25.89	1.95477	2	112	1	3	1e-09	7.39559344252265e-05	0.999882972854657	4.30742109174999e-05
chrX	30327138	26	3	10.34	1.95477	2	29	0	NA	NA	NA	NA	NA
chrX	30671724	32	3	8.57	1.95477	2	35	1	4	1e-09	1e-09	2.66630128290766e-06	0.999997335698717
chrX	41307095	19	4	17.39	1.95477	2	23	0	NA	NA	NA	NA	NA
chrX	41378261	18	7	28	1.95477	2	25	0	NA	NA	NA	NA	NA
chrX	47428525	21	2	8.7	1.95477	2	23	0	NA	NA	NA	NA	NA
chrX	47428570	19	2	9.52	1.95477	2	21	0	NA	NA	NA	NA	NA
chrX	48369903	20	6	23.08	1.95477	2	26	0	NA	NA	NA	NA	NA
chrX	48372754	19	2	9.52	1.95477	2	21	0	NA	NA	NA	NA	NA
chrX	49961598	77	29	27.36	1.95477	2	106	1	3	1e-09	0.00073759426642858	0.999249780328337	1.2628405234013e-05
chrX	68749723	16	9	36	1.95477	2	25	0	NA	NA	NA	NA	NA
chrX	71792565	33	13	28.26	1.95477	2	46	1	3	1e-09	0.00284649757136683	0.997147401920485	6.10350814789363e-06
chrX	74494181	30	2	6.25	1.95477	2	32	1	4	1e-09	1e-09	6.24307683266689e-09	0.999999995756923
chrX	77258657	31	17	35.42	1.95477	2	48	1	2	1.00000000000059e-09	0.975539802004138	0.0244601991841971	1.8116654587165e-09
chrX	86887355	25	10	28.57	1.95477	2	35	1	3	1e-09	0.0044867426863682	0.995508493195364	4.76711826728723e-06
chrX	101381959	46	7	13.21	1.95477	2	53	1	4	1e-09	1.00000000129346e-09	0.01567740904836	0.98432259295164
chrX	102006744	61	27	30.68	1.95477	2	88	1	3	1e-09	0.082457642080413	0.91754148915838	8.71761207299304e-07
chrX	102863627	62	4	6.06	1.95477	2	66	1	4	1e-09	1e-09	3.8612496816103e-09	0.99999999813875
chrX	107084069	42	3	6.67	1.95477	2	45	1	4	1e-09	1e-09	1.98179256573879e-08	0.999999982182074
chrX	118603641	14	7	33.33	1.95477	2	21	0	NA	NA	NA	NA	NA
chrX	118603894	31	8	20.51	1.95477	2	39	1	3	1e-09	5.88380516111269e-09	0.993341167792087	0.00665882932410764
chrX	118604367	18	5	21.74	1.95477	2	23	0	NA	NA	NA	NA	NA
chrX	118604399	26	5	16.13	1.95477	2	31	1	4	1e-09	1.00013247227303e-09	0.490552551186114	0.509447450813754
chrX	118604400	25	5	16.67	1.95477	2	30	1	3	1e-09	1.00067615724289e-09	0.656038010048079	0.343961991951244
chrX	118604409	27	5	15.62	1.95477	2	32	1	4	1e-09	1.00002424792177e-09	0.331244705437513	0.668755296562463
chrX	118604412	24	5	17.24	1.95477	2	29	0	NA	NA	NA	NA	NA
chrX	118604416	24	5	17.24	1.95477	2	29	0	NA	NA	NA	NA	NA
chrX	118604428	23	5	17.86	1.95477	2	28	0	NA	NA	NA	NA	NA
chrX	118827124	20	2	9.09	1.95477	2	22	0	NA	NA	NA	NA	NA
chrX	131760173	30	6	16.67	1.95477	2	36	1	3	1e-09	1.00067615724289e-09	0.656038010048079	0.343961991951244
chrX	139866314	48	39	44.83	1.95477	2	87	1	2	1.00406763365733e-09	0.99999910567847	8.96317462143069e-07	1.00000008476529e-09
chrX	140993884	353	43	10.86	1.95477	2	396	1	4	1e-09	1.00000000000001e-09	0.000302375408394478	0.999697626591605
chrX	140994018	229	19	7.66	1.95477	2	248	1	4	1e-09	1e-09	2.89202820007558e-07	0.99999971279718
chrX	140994096	220	17	7.17	1.95477	2	237	1	4	1e-09	1e-09	7.91345919172647e-08	0.999999922865408
chrX	152961716	23	2	8	1.95477	2	25	0	NA	NA	NA	NA	NA
chrX	153009364	28	12	30	1.95477	2	40	1	3	1e-09	0.0338051562126027	0.966193315853185	1.53093421248194e-06
chrX	153582744	19	2	9.52	1.95477	2	21	0	NA	NA	NA	NA	NA
chrX	155233462	28	2	6.67	1.95477	2	30	1	4	1e-09	1e-09	1.98179256573879e-08	0.999999982182074
