chr	st	BC33T.ref	BC33T.var	BC33T.vaf	BC33T.cn	BC33T.cleancn	BC33T.depth	adequateDepth	cluster	cluster.prob.1	cluster.prob.2
chr1	13621	105	16	13.22	1.80325	2	121	1	1	0.959514253128317	0.0404857488716832
chr1	11710143	23	2	8	1.80325	2	25	0	NA	NA	NA
chr1	12726380	39	3	7.14	1.80325	2	42	1	2	0.168405082760916	0.831594919239084
chr1	12853872	23	10	30.3	1.80325	2	33	1	1	1.00000000099957	1.00042513684366e-09
chr1	13219438	209	18	7.93	1.80325	2	227	1	2	0.226592938907156	0.773407063092844
chr1	14104986	18	2	10	1.80325	2	20	0	NA	NA	NA
chr1	16268929	24	2	7.69	1.80325	2	26	0	NA	NA	NA
chr1	16862821	30	11	26.83	1.80325	2	41	1	1	1.00000000080224	1.1977563811209e-09
chr1	16902857	140	11	7.28	1.80325	2	151	1	2	0.17663797339609	0.82336202860391
chr1	16902988	122	22	15.28	1.80325	2	144	1	1	0.995857953829333	0.00414204817066673
chr1	16903803	54	8	12.9	1.80325	2	62	1	1	0.944287213813026	0.0557127881869739
chr1	16903972	24	6	20	1.80325	2	30	1	1	0.99999137293758	8.62906242019126e-06
chr1	16914196	162	26	13.83	1.80325	2	188	1	1	0.97862137395341	0.0213786280465895
chr1	16946512	34	9	20.93	1.80325	2	43	1	1	0.999997743242042	2.25875795809156e-06
chr1	16973423	53	17	24.29	1.80325	2	70	1	1	0.999999987879853	1.41201467786599e-08
chr1	19566940	24	2	7.69	1.80325	2	26	0	NA	NA	NA
chr1	22154533	34	2	5.56	1.80325	2	36	1	2	0.123312994188507	0.876687007811493
chr1	24121421	38	2	5	1.80325	2	40	1	2	0.126572029658274	0.873427972341726
chr1	27057831	29	2	6.45	1.80325	2	31	1	2	0.138724981764856	0.861275020235144
chr1	32149289	34	2	5.56	1.80325	2	36	1	2	0.123312994188507	0.876687007811493
chr1	33116282	23	3	11.54	1.80325	2	26	0	NA	NA	NA
chr1	45800199	30	2	6.25	1.80325	2	32	1	2	0.133146563277818	0.866853438722182
chr1	48625233	69	13	15.85	1.80325	2	82	1	1	0.997909102988644	0.00209089901135592
chr1	53932961	42	2	4.55	1.80325	2	44	1	2	0.138555539288781	0.861444462711219
chr1	66258284	20	2	9.09	1.80325	2	22	0	NA	NA	NA
chr1	67560796	28	2	6.67	1.80325	2	30	1	2	0.146357739863589	0.853642262136411
chr1	68627700	110	24	17.91	1.80325	2	134	1	1	0.999847744099587	0.000152257900412447
chr1	68627881	66	11	14.29	1.80325	2	77	1	1	0.987081383026922	0.0129186189730781
chr1	68627892	68	11	13.92	1.80325	2	79	1	1	0.980600874234792	0.019399127765208
chr1	68627894	62	17	21.52	1.80325	2	79	1	1	0.999999055009975	9.46990025058312e-07
chr1	68628119	41	9	18	1.80325	2	50	1	1	0.999864878006568	0.000135123993432064
chr1	68628282	71	11	13.41	1.80325	2	82	1	1	0.96668483086758	0.0333151711324203
chr1	68628863	195	24	10.96	1.80325	2	219	1	1	0.723641158110517	0.276358843889483
chr1	90398905	39	5	11.36	1.80325	2	44	1	1	0.789638657271241	0.210361344728759
chr1	110172995	21	2	8.7	1.80325	2	23	0	NA	NA	NA
chr1	110293387	19	2	9.52	1.80325	2	21	0	NA	NA	NA
chr1	116202275	24	3	11.11	1.80325	2	27	0	NA	NA	NA
chr1	120283020	19	2	9.52	1.80325	2	21	0	NA	NA	NA
chr1	120611960	32	3	8.57	1.80325	2	35	1	2	0.297856117218132	0.702143884781869
chr1	142721959	63	10	13.7	1.80325	2	73	1	1	0.975431352106378	0.0245686498936215
chr1	142806187	352	39	9.97	1.80325	2	391	1	1	0.533604856020857	0.466395145979143
chr1	142806196	320	39	10.86	1.80325	2	359	1	1	0.705735867462985	0.294264134537015
chr1	142808283	266	16	5.67	1.80325	2	282	1	2	0.123907570834058	0.876092431165942
chr1	142808397	186	12	6.06	1.80325	2	198	1	2	0.128997029385613	0.871002972614386
chr1	142815884	729	62	7.84	1.80325	2	791	1	2	0.218424159696072	0.781575842303929
chr1	142816262	495	42	7.82	1.80325	2	537	1	2	0.216666905921959	0.783333096078041
chr1	142816297	642	47	6.82	1.80325	2	689	1	2	0.152509334246951	0.847490667753049
chr1	142816330	705	43	5.75	1.80325	2	748	1	2	0.124575245359469	0.875424756640531
chr1	142816346	742	49	6.19	1.80325	2	792	1	2	0.13171679990827	0.86828320209173
chr1	142822352	178	20	10.1	1.80325	2	198	1	1	0.559188079076674	0.440811922923326
chr1	142822360	185	20	9.76	1.80325	2	205	1	2	0.49289156098207	0.50710844101793
chr1	142822389	154	28	15.38	1.80325	2	182	1	1	0.996320846844095	0.00367915515590492
chr1	142822395	179	17	8.67	1.80325	2	196	1	2	0.311188710825215	0.688811291174784
chr1	142823309	70	6	7.89	1.80325	2	76	1	2	0.222909229678566	0.777090772321434
chr1	142826847	271	19	6.55	1.80325	2	290	1	2	0.14199505433683	0.85800494766317
chr1	142828344	74	14	15.91	1.80325	2	88	1	1	0.998056443001406	0.00194355899859429
chr1	142847088	111	7	5.93	1.80325	2	118	1	2	0.126789404604457	0.873210597395543
chr1	143209844	477	23	4.6	1.80325	2	500	1	2	0.136706612800325	0.863293389199675
chr1	143219723	52	19	26.76	1.80325	2	71	1	1	1.00000000077725	1.2227534597166e-09
chr1	143219732	63	12	16	1.80325	2	75	1	1	0.998258888901345	0.00174111309865509
chr1	143222977	81	19	19	1.80325	2	100	1	1	0.999965058706708	3.49432932916458e-05
chr1	143228703	116	13	10.08	1.80325	2	129	1	1	0.555241311743026	0.444758690256974
chr1	143358148	33	14	29.79	1.80325	2	47	1	1	1.00000000099892	1.00108026060223e-09
chr1	143380533	41	9	18	1.80325	2	50	1	1	0.999864878006568	0.000135123993432064
chr1	144615102	64	16	20	1.80325	2	80	1	1	0.99999137293758	8.62906242019126e-06
chr1	144615104	61	18	22.78	1.80325	2	79	1	1	0.999999860476009	1.4152399061501e-07
chr1	144619516	64	5	7.25	1.80325	2	69	1	2	0.174804667942608	0.825195334057392
chr1	144619544	65	5	7.14	1.80325	2	70	1	2	0.168405082760916	0.831594919239084
chr1	144619545	65	5	7.14	1.80325	2	70	1	2	0.168405082760916	0.831594919239084
chr1	145293014	346	15	4.16	1.80325	2	361	1	2	0.158784149746861	0.841215852253139
chr1	145302581	38	5	11.63	1.80325	2	43	1	1	0.828290874366025	0.171709127633975
chr1	145302601	39	4	9.3	1.80325	2	43	1	2	0.408828546053636	0.591171455946364
chr1	145302621	41	4	8.89	1.80325	2	45	1	2	0.342655244465362	0.657344757534638
chr1	148873408	99	7	6.6	2.32656	NA	106	1	NA	NA	NA
chr1	148902223	33	8	19.51	2.32656	NA	41	1	NA	NA	NA
chr1	151110284	18	2	10	2.32656	NA	20	0	NA	NA	NA
chr1	152284597	387	24	5.84	2.32656	NA	411	1	NA	NA	NA
chr1	154233555	25	2	7.41	2.32656	NA	27	0	NA	NA	NA
chr1	155184518	51	3	5.56	2.32656	NA	54	1	NA	NA	NA
chr1	156215296	24	2	7.69	2.32656	NA	26	0	NA	NA	NA
chr1	158151334	25	2	7.41	2.32656	NA	27	0	NA	NA	NA
chr1	162750157	26	3	10.34	2.32656	NA	29	0	NA	NA	NA
chr1	178483054	18	4	18.18	2.32656	NA	22	0	NA	NA	NA
chr1	196797357	60	5	7.69	2.32656	NA	65	1	NA	NA	NA
chr1	201178984	331	16	4.61	2.32656	NA	347	1	NA	NA	NA
chr1	202849014	62	16	20.51	2.32656	NA	78	1	NA	NA	NA
chr1	203830772	20	2	9.09	2.32656	NA	22	0	NA	NA	NA
chr1	228158376	66	7	9.59	2.50794	NA	73	1	NA	NA	NA
chr1	228158504	123	6	4.65	2.50794	NA	129	1	NA	NA	NA
chr10	5842727	20	3	13.04	1.71036	NA	23	0	NA	NA	NA
chr10	14961714	23	2	8	1.71036	NA	25	0	NA	NA	NA
chr10	15050032	115	22	16.06	1.71036	NA	137	1	NA	NA	NA
chr10	15050076	165	25	13.16	1.71036	NA	190	1	NA	NA	NA
chr10	38939433	164	16	8.89	1.71036	NA	180	1	NA	NA	NA
chr10	49239470	71	19	21.11	1.71036	NA	90	1	NA	NA	NA
chr10	64573540	22	2	8.33	1.71036	NA	24	0	NA	NA	NA
chr10	71002944	35	3	7.89	1.71036	NA	38	1	NA	NA	NA
chr10	71700823	23	2	8	1.71036	NA	25	0	NA	NA	NA
chr10	75495001	18	2	10	1.71036	NA	20	0	NA	NA	NA
chr10	75556892	32	2	5.88	1.71036	NA	34	1	NA	NA	NA
chr10	99344416	19	2	9.52	1.71036	NA	21	0	NA	NA	NA
chr10	100184185	22	2	8.33	1.71036	NA	24	0	NA	NA	NA
chr10	103348037	27	2	6.9	1.71036	NA	29	0	NA	NA	NA
chr10	104142052	26	2	7.14	1.71036	NA	28	0	NA	NA	NA
chr10	105428420	22	2	8.33	1.71036	NA	24	0	NA	NA	NA
chr10	123903222	25	2	7.41	1.71036	NA	27	0	NA	NA	NA
chr10	124800778	25	2	7.41	1.71036	NA	27	0	NA	NA	NA
chr10	126677242	556	48	7.95	1.71036	NA	604	1	NA	NA	NA
chr10	126677330	462	20	4.15	1.71036	NA	482	1	NA	NA	NA
chr10	132904630	32	2	5.88	1.71036	NA	34	1	NA	NA	NA
chr10	135439196	37	19	33.93	1.71036	NA	56	1	NA	NA	NA
chr11	1016645	298	28	8.59	2.0494	2	326	1	2	0.300473992790875	0.699526009209125
chr11	1016678	412	55	11.78	2.0494	2	467	1	1	0.847547545896342	0.152452456103658
chr11	1016707	394	38	8.8	2.0494	2	432	1	2	0.329429441950749	0.670570560049251
chr11	1016719	354	42	10.61	2.0494	2	396	1	1	0.6590763604401	0.3409236415599
chr11	1016720	368	26	6.6	2.0494	2	394	1	2	0.143753861699586	0.856246140300414
chr11	1016754	511	41	7.43	2.0494	2	552	1	2	0.186391260478917	0.813608741521083
chr11	1016756	494	44	8.18	2.0494	2	538	1	2	0.251607129237016	0.748392872762984
chr11	1016777	531	44	7.65	2.0494	2	575	1	2	0.202556824547728	0.797443177452272
chr11	1016887	449	49	9.84	2.0494	2	498	1	1	0.508282182556045	0.491717819443955
chr11	1016906	393	36	8.39	2.0494	2	429	1	2	0.275384484640503	0.724615517359497
chr11	1016912	383	29	7.04	2.0494	2	412	1	2	0.163013937816188	0.836986064183811
chr11	1016961	368	32	8	2.0494	2	400	1	2	0.233247345382344	0.766752656617656
chr11	1017024	368	21	5.4	2.0494	2	389	1	2	0.123135417675081	0.876864584324919
chr11	1017059	377	22	5.51	2.0494	2	399	1	2	0.123168696434211	0.876831305565789
chr11	1017111	289	23	7.37	2.0494	2	312	1	2	0.182370797841422	0.817629204158578
chr11	1017116	330	17	4.9	2.0494	2	347	1	2	0.12840310760211	0.871596894397889
chr11	1017200	475	43	8.3	2.0494	2	518	1	2	0.264876798245018	0.735123203754982
chr11	1017280	302	37	10.91	2.0494	2	339	1	1	0.714749981667757	0.285250020332243
chr11	1017716	231	15	6.1	2.0494	2	246	1	2	0.129779103255374	0.870220898744626
chr11	1017721	258	35	11.95	2.0494	2	293	1	1	0.867442451881842	0.132557550118158
chr11	1017755	309	18	5.5	2.0494	2	327	1	2	0.123149424409809	0.876850577590191
chr11	1017757	320	16	4.76	2.0494	2	336	1	2	0.131718998380291	0.868281003619709
chr11	1017806	332	26	7.26	2.0494	2	358	1	2	0.175411516792364	0.824588485207636
chr11	1017822	365	22	5.68	2.0494	2	387	1	2	0.123980275737249	0.876019726262751
chr11	1017869	465	50	9.71	2.0494	2	515	1	2	0.483364474674497	0.516635527325503
chr11	1017870	517	32	5.83	2.0494	2	549	1	2	0.125438235422382	0.874561766577618
chr11	1018136	147	10	6.37	2.0494	2	157	1	2	0.13634185534631	0.86365814665369
chr11	1018289	178	22	11	2.0494	2	200	1	1	0.73066114353764	0.26933885846236
chr11	1018321	194	18	8.49	2.0494	2	212	1	2	0.28762728612274	0.71237271587726
chr11	2673270	20	2	9.09	2.0494	2	22	0	NA	NA	NA
chr11	3063351	22	2	8.33	2.0494	2	24	0	NA	NA	NA
chr11	3829344	29	2	6.45	2.0494	2	31	1	2	0.138724981764856	0.861275020235144
chr11	4107763	30	2	6.25	2.0494	2	32	1	2	0.133146563277818	0.866853438722182
chr11	4620145	58	3	4.92	2.0494	2	61	1	2	0.128002499043677	0.871997502956323
chr11	17418594	27	2	6.9	2.0494	2	29	0	NA	NA	NA
chr11	34168365	31	13	29.55	2.0494	2	44	1	1	1.00000000099833	1.00166943625145e-09
chr11	34168366	29	13	30.95	2.0494	2	42	1	1	1.00000000099987	1.00012760104872e-09
chr11	34168367	29	13	30.95	2.0494	2	42	1	1	1.00000000099987	1.00012760104872e-09
chr11	61976298	23	2	8	1.84472	2	25	0	NA	NA	NA
chr11	62476539	26	2	7.14	1.84472	2	28	0	NA	NA	NA
chr11	63231134	25	3	10.71	1.84472	2	28	0	NA	NA	NA
chr11	63680448	28	2	6.67	1.84472	2	30	1	2	0.146357739863589	0.853642262136411
chr11	64673005	21	2	8.7	1.84472	2	23	0	NA	NA	NA
chr11	64955858	23	2	8	1.84472	2	25	0	NA	NA	NA
chr11	65564474	32	2	5.88	1.84472	2	34	1	2	0.12607607927128	0.87392392272872
chr11	65820445	19	2	9.52	1.84472	2	21	0	NA	NA	NA
chr11	65978557	23	3	11.54	1.84472	2	26	0	NA	NA	NA
chr11	66191719	61	3	4.69	1.84472	2	64	1	2	0.133734242185787	0.866265759814213
chr11	67057807	37	2	5.13	1.84472	2	39	1	2	0.124804267773289	0.875195734226711
chr11	67289517	24	2	7.69	1.84472	2	26	0	NA	NA	NA
chr11	67490698	149	7	4.49	1.84472	2	156	1	2	0.140972773364745	0.859027228635255
chr11	67490699	149	7	4.49	1.84472	2	156	1	2	0.140972773364745	0.859027228635255
chr11	89804890	32	4	11.11	1.84472	2	36	1	1	0.749513118763938	0.250486883236062
chr11	92714943	36	3	7.69	1.84472	2	39	1	2	0.205745999326676	0.794254002673324
chr11	117283467	32	3	8.57	1.84472	2	35	1	2	0.297856117218132	0.702143884781869
chr11	118509618	20	2	9.09	1.84472	2	22	0	NA	NA	NA
chr11	121458846	22	2	8.33	1.84472	2	24	0	NA	NA	NA
chr11	129812479	30	3	9.09	1.84472	2	33	1	2	0.373757420786867	0.626242581213133
chr11	130068180	17	2	10.53	1.84472	2	19	0	NA	NA	NA
chr12	6637863	23	2	8	2.08652	2	25	0	NA	NA	NA
chr12	10586921	34	10	22.73	2.08652	2	44	1	1	0.999999849239465	1.52760535279123e-07
chr12	11214273	214	21	8.94	2.08652	2	235	1	2	0.350211730337942	0.649788271662058
chr12	11214299	217	25	10.33	2.08652	2	242	1	1	0.60461216767381	0.395387834326189
chr12	11214324	207	18	8	2.08652	2	225	1	2	0.233247345382344	0.766752656617656
chr12	11214326	210	17	7.49	2.08652	2	227	1	2	0.190574846472442	0.809425155527558
chr12	11214330	211	17	7.46	2.08652	2	228	1	2	0.188462432490798	0.811537569509202
chr12	11214351	213	11	4.91	2.08652	2	224	1	2	0.128200606466306	0.871799395533694
chr12	11243936	71	6	7.79	2.08652	2	77	1	2	0.21407000741256	0.78592999458744
chr12	11243947	73	6	7.59	2.08652	2	79	1	2	0.197920059462281	0.802079942537719
chr12	11243960	95	6	5.94	2.08652	2	101	1	2	0.126941117945247	0.873058884054753
chr12	11244001	96	9	8.57	2.08652	2	105	1	2	0.297856117218132	0.702143884781869
chr12	11244008	101	7	6.48	2.08652	2	108	1	2	0.139671721078665	0.860328280921335
chr12	11244009	102	8	7.27	2.08652	2	110	1	2	0.176022613190546	0.823977388809454
chr12	11244015	109	7	6.03	2.08652	2	116	1	2	0.128442277906969	0.871557724093031
chr12	11244017	109	7	6.03	2.08652	2	116	1	2	0.128442277906969	0.871557724093031
chr12	14946898	42	4	8.7	2.08652	2	46	1	2	0.315307081862907	0.684692920137093
chr12	42477325	43	8	15.69	2.08652	2	51	1	1	0.997461850035493	0.00253815196450645
chr12	42478132	34	11	24.44	2.08652	2	45	1	1	0.999999990685403	1.13145971911238e-08
chr12	42478139	39	11	22	2.08652	2	50	1	1	0.99999953989257	4.6210742974142e-07
chr12	42478157	49	14	22.22	2.08652	2	63	1	1	0.999999670355987	3.31644013191589e-07
chr12	42479504	62	10	13.89	2.08652	2	72	1	1	0.979960725119429	0.020039276880571
chr12	42479512	65	13	16.67	2.08652	2	78	1	1	0.999243067177356	0.00075693482264413
chr12	42479533	65	12	15.58	2.08652	2	77	1	1	0.997102555693611	0.00289744630638865
chr12	42479540	58	12	17.14	2.08652	2	70	1	1	0.999584029417562	0.00041597258243825
chr12	42479542	56	12	17.65	2.08652	2	68	1	1	0.999785517574098	0.000214484425901866
chr12	42479554	51	12	19.05	2.08652	2	63	1	1	0.999967383650931	3.26183490686587e-05
chr12	42479559	47	11	18.97	2.08652	2	58	1	1	0.999963586948	3.641505199949e-05
chr12	42479560	47	11	18.97	2.08652	2	58	1	1	0.999963586948	3.641505199949e-05
chr12	49170366	18	2	10	2.08652	2	20	0	NA	NA	NA
chr12	49988906	83	10	10.75	2.08652	2	93	1	1	0.685506869383078	0.314493132616922
chr12	52885350	26	5	16.13	2.08652	2	31	1	1	0.998515867571098	0.00148413442890142
chr12	53703436	27	2	6.9	2.08652	2	29	0	NA	NA	NA
chr12	57963759	19	2	9.52	2.08652	2	21	0	NA	NA	NA
chr12	58216938	74	13	14.94	2.08652	2	87	1	1	0.993832046865374	0.00616795513462622
chr12	58217385	41	7	14.58	2.08652	2	48	1	1	0.990676280088401	0.00932372191159878
chr12	111317746	37	2	5.13	1.98247	2	39	1	2	0.124804267773289	0.875195734226711
chr12	123893372	23	13	36.11	1.98247	2	36	1	1	1.000000001	1.0000000049292e-09
chr12	123893377	22	14	38.89	1.98247	2	36	1	1	1.000000001	1.00000000001296e-09
chr12	123983291	27	2	6.9	1.98247	2	29	0	NA	NA	NA
chr12	131649643	67	7	9.46	1.98247	2	74	1	2	0.437057693139091	0.562942308860909
chr13	19412438	64	5	7.25	1.77485	2	69	1	2	0.174804667942608	0.825195334057392
chr13	19412439	64	5	7.25	1.77485	2	69	1	2	0.174804667942608	0.825195334057392
chr13	19412440	68	5	6.85	1.77485	2	73	1	2	0.153835815517736	0.846164186482264
chr13	19419995	62	19	23.46	1.77485	2	81	1	1	0.999999952137443	4.98625571676206e-08
chr13	19422896	86	10	10.42	1.77485	2	96	1	1	0.62228522874047	0.377714773259529
chr13	25526974	21	6	22.22	1.77485	2	27	0	NA	NA	NA
chr13	28963413	41	12	22.64	1.77485	2	53	1	1	0.999999826746646	1.75253353995578e-07
chr13	33678647	39	6	13.33	1.77485	2	45	1	1	0.963818271445204	0.0361817305547963
chr13	37422660	41	3	6.82	1.77485	2	44	1	2	0.152509334246951	0.847490667753049
chr13	41706391	20	2	9.09	1.77485	2	22	0	NA	NA	NA
chr13	58208922	52	9	14.75	1.77485	2	61	1	1	0.992320474497259	0.00767952750274123
chr13	103282562	43	4	8.51	1.77485	2	47	1	2	0.290148151740182	0.709851850259818
chr13	110437703	17	3	15	1.77485	2	20	0	NA	NA	NA
chr14	19573311	35	2	5.41	1.68646	NA	37	1	NA	NA	NA
chr14	20007839	41	10	19.61	1.68646	NA	51	1	NA	NA	NA
chr14	20020143	89	27	23.28	1.68646	NA	116	1	NA	NA	NA
chr14	24607656	43	3	6.52	1.68646	NA	46	1	NA	NA	NA
chr14	24792208	19	2	9.52	1.68646	NA	21	0	NA	NA	NA
chr14	24886376	26	2	7.14	1.68646	NA	28	0	NA	NA	NA
chr14	35591192	22	2	8.33	1.68646	NA	24	0	NA	NA	NA
chr14	74989520	18	2	10	1.68646	NA	20	0	NA	NA	NA
chr14	75408733	20	2	9.09	1.68646	NA	22	0	NA	NA	NA
chr14	80669331	22	2	8.33	1.68646	NA	24	0	NA	NA	NA
chr14	90864769	27	2	6.9	1.68646	NA	29	0	NA	NA	NA
chr14	90864807	24	2	7.69	1.68646	NA	26	0	NA	NA	NA
chr14	103440497	21	2	8.7	1.68646	NA	23	0	NA	NA	NA
chr14	103805449	17	4	19.05	1.68646	NA	21	0	NA	NA	NA
chr14	104200790	22	3	12	1.68646	NA	25	0	NA	NA	NA
chr15	20444794	77	15	16.3	2.1022	2	92	1	1	0.998797289278643	0.00120271272135675
chr15	21071096	25	4	13.79	2.1022	2	29	0	NA	NA	NA
chr15	23282589	74	7	8.64	2.1022	2	81	1	2	0.307125072480674	0.692874929519326
chr15	23299928	56	11	16.42	2.1022	2	67	1	1	0.998964165376329	0.00103583662367123
chr15	23501277	34	10	22.73	2.1022	2	44	1	1	0.999999849239465	1.52760535279123e-07
chr15	30653821	41	5	10.87	2.1022	2	46	1	1	0.707548196542171	0.292451805457829
chr15	32688214	28	13	31.71	2.1022	2	41	1	1	1.00000000099997	1.00003058068601e-09
chr15	34671726	126	24	16	2.1022	2	150	1	1	0.998258888901345	0.00174111309865509
chr15	34672050	135	32	19.16	2.1022	2	167	1	1	0.99997197979582	2.80222041799015e-05
chr15	34818124	175	9	4.89	2.1022	2	184	1	2	0.128610035465225	0.871389966534775
chr15	34818439	97	6	5.83	2.1022	2	103	1	2	0.125438235422382	0.874561766577618
chr15	34819015	149	16	9.7	2.1022	2	165	1	2	0.48146838336224	0.51853161863776
chr15	34819313	175	21	10.71	2.1022	2	196	1	1	0.678027176970537	0.321972825029463
chr15	39545740	87	21	19.44	2.1022	2	108	1	1	0.999981012108588	1.89898914121977e-05
chr15	48719998	24	7	22.58	2.1022	2	31	1	1	0.999999809963942	1.92036057612294e-07
chr15	50366373	39	7	15.22	2.1022	2	46	1	1	0.995554045981264	0.00444595601873577
chr15	55735308	53	3	5.36	2.1022	2	56	1	2	0.12322239768233	0.87677760431767
chr15	73659899	18	2	10	2.1022	2	20	0	NA	NA	NA
chr15	73852147	49	3	5.77	2.1022	2	52	1	2	0.1247727558425	0.8752272461575
chr15	74364478	105	18	14.63	2.1022	2	123	1	1	0.991191530988985	0.00880847101101441
chr15	75561447	63	15	19.23	2.1022	2	78	1	1	0.999974568702712	2.54332972883596e-05
chr15	76030074	60	18	23.08	2.07959	2	78	1	1	0.999999912618158	8.93818416654405e-08
chr15	76030075	63	19	23.17	2.07959	2	82	1	1	0.999999924151678	7.78483219353452e-08
chr15	76030078	64	19	22.89	2.07959	2	83	1	1	0.999999882397246	1.19602753490889e-07
chr15	76030115	92	22	19.3	2.07959	2	114	1	1	0.999976923586019	2.3078413980915e-05
chr15	76030135	100	22	18.03	2.07959	2	122	1	1	0.999870160925003	0.000129841074997198
chr15	78208812	133	6	4.32	2.07959	2	139	1	2	0.149114601935405	0.850885400064594
chr15	82808191	161	15	8.52	2.07959	2	176	1	2	0.291417659485847	0.708582342514153
chr15	82808254	214	21	8.94	2.07959	2	235	1	2	0.350211730337942	0.649788271662058
chr16	162600	17	2	10.53	1.78621	2	19	0	NA	NA	NA
chr16	3071960	32	3	8.57	1.78621	2	35	1	2	0.297856117218132	0.702143884781869
chr16	10996029	18	2	10	1.78621	2	20	0	NA	NA	NA
chr16	20440999	40	7	14.89	1.78621	2	47	1	1	0.993464261139254	0.00653574086074601
chr16	23476863	36	13	26.53	1.78621	2	49	1	1	1.00000000067108	1.32891620199771e-09
chr16	28596218	31	3	8.82	1.78621	2	34	1	2	0.332326478584102	0.667673523415897
chr16	29851553	18	2	10	1.78621	2	20	0	NA	NA	NA
chr16	30721284	40	2	4.76	1.78621	2	42	1	2	0.131718998380291	0.868281003619709
chr16	32095610	64	3	4.48	1.78621	2	67	1	2	0.141397542962904	0.858602459037096
chr16	33717921	18	8	30.77	1.78621	2	26	0	NA	NA	NA
chr16	33717930	23	10	30.3	1.78621	2	33	1	1	1.00000000099957	1.00042513684366e-09
chr16	33961684	17	8	32	1.78621	2	25	0	NA	NA	NA
chr16	57748755	32	14	30.43	1.78621	2	46	1	1	1.00000000099967	1.00033463956476e-09
chr16	57748759	35	15	30	1.78621	2	50	1	1	1.00000000099926	1.00073672560614e-09
chr16	57748767	38	15	28.3	1.78621	2	53	1	1	1.00000000098447	1.01553111425658e-09
chr16	57748768	38	15	28.3	1.78621	2	53	1	1	1.00000000098447	1.01553111425658e-09
chr16	57758652	19	4	17.39	1.78621	2	23	0	NA	NA	NA
chr16	57803862	19	2	9.52	1.78621	2	21	0	NA	NA	NA
chr16	58076305	19	2	9.52	1.78621	2	21	0	NA	NA	NA
chr16	67423794	35	2	5.41	1.78621	2	37	1	2	0.123122030215547	0.876877971784453
chr16	67965110	20	2	9.09	1.78621	2	22	0	NA	NA	NA
chr16	67984544	22	2	8.33	1.78621	2	24	0	NA	NA	NA
chr16	69985248	105	16	13.22	1.78621	2	121	1	1	0.959514253128317	0.0404857488716832
chr16	74444493	83	4	4.6	1.57167	NA	87	1	NA	NA	NA
chr16	83986965	29	2	6.45	1.57167	NA	31	1	NA	NA	NA
chr16	84228634	24	2	7.69	1.57167	NA	26	0	NA	NA	NA
chr16	85812776	32	3	8.57	1.57167	NA	35	1	NA	NA	NA
chr16	88714414	19	2	9.52	1.57167	NA	21	0	NA	NA	NA
chr17	417146	25	4	13.79	1.92266	2	29	0	NA	NA	NA
chr17	648037	18	3	14.29	1.92266	2	21	0	NA	NA	NA
chr17	1963744	53	3	5.36	1.92266	2	56	1	2	0.12322239768233	0.87677760431767
chr17	3789048	22	2	8.33	1.92266	2	24	0	NA	NA	NA
chr17	5036138	77	8	9.41	1.92266	2	85	1	2	0.428106084035601	0.571893917964399
chr17	7230467	22	2	8.33	1.92266	2	24	0	NA	NA	NA
chr17	7577473	18	3	14.29	1.92266	2	21	0	NA	NA	NA
chr17	7578275	15	10	40	1.92266	2	25	0	NA	NA	NA
chr17	8046883	28	2	6.67	1.92266	2	30	1	2	0.146357739863589	0.853642262136411
chr17	16120606	41	2	4.65	1.92266	2	43	1	2	0.135000572395244	0.864999429604756
chr17	17697450	23	2	8	1.92266	2	25	0	NA	NA	NA
chr17	18292454	36	8	18.18	1.92266	2	44	1	1	0.999893703458537	0.000106298541462701
chr17	18580793	36	2	5.26	1.92266	2	38	1	2	0.123678760564225	0.876321241435775
chr17	20768447	124	24	16.22	1.92266	2	148	1	1	0.998671939512779	0.00132806248722076
chr17	20768458	122	24	16.44	1.92266	2	146	1	1	0.99898971121565	0.00101029078435018
chr17	21208335	28	2	6.67	1.92266	2	30	1	2	0.146357739863589	0.853642262136411
chr17	21218309	45	2	4.26	1.92266	2	47	1	2	0.152493214835117	0.847506787164882
chr17	25748075	30	2	6.25	1.92266	2	32	1	2	0.133146563277818	0.866853438722182
chr17	26708243	21	2	8.7	1.92266	2	23	0	NA	NA	NA
chr17	36203213	28	7	20	1.92266	2	35	1	1	0.99999137293758	8.62906242019126e-06
chr17	36203214	30	6	16.67	1.92266	2	36	1	1	0.999243067177356	0.00075693482264413
chr17	39346622	139	6	4.14	1.92266	2	145	1	2	0.160148242510528	0.839851759489472
chr17	40485649	24	2	7.69	1.92266	2	26	0	NA	NA	NA
chr17	41610601	36	2	5.26	1.92266	2	38	1	2	0.123678760564225	0.876321241435775
chr17	45214690	224	28	11.11	1.92266	2	252	1	1	0.749513118763938	0.250486883236062
chr17	46026621	38	5	11.63	1.92266	2	43	1	1	0.828290874366025	0.171709127633975
chr17	48191469	27	2	6.9	1.92266	2	29	0	NA	NA	NA
chr17	55950149	34	2	5.56	1.92266	2	36	1	2	0.123312994188507	0.876687007811493
chr17	56236013	62	12	16.22	1.92266	2	74	1	1	0.998671939512779	0.00132806248722076
chr17	79993806	22	2	8.33	1.92266	2	24	0	NA	NA	NA
chr18	5292169	45	4	8.16	1.77621	2	49	1	2	0.249476593477619	0.75052340852238
chr18	9122591	62	10	13.89	1.77621	2	72	1	1	0.979960725119429	0.020039276880571
chr18	9122611	63	9	12.5	1.77621	2	72	1	1	0.918440758310331	0.0815592436896694
chr18	13621037	33	2	5.71	1.77621	2	35	1	2	0.124216865244519	0.875783136755481
chr18	14183569	35	9	20.45	1.77621	2	44	1	1	0.999995469569078	4.53243092200239e-06
chr18	14183574	36	8	18.18	1.77621	2	44	1	1	0.999893703458537	0.000106298541462701
chr18	14183814	115	30	20.69	1.77621	2	145	1	1	0.999996798428772	3.20357122776713e-06
chr18	14183818	125	22	14.97	1.77621	2	147	1	1	0.994043184150722	0.00595681784927846
chr18	14183823	134	9	6.29	1.77621	2	143	1	2	0.134161624257311	0.865838377742689
chr18	14183848	123	8	6.11	1.77621	2	131	1	2	0.129982209770878	0.870017792229121
chr18	14183876	113	6	5.04	1.77621	2	119	1	2	0.12595663122378	0.87404337077622
chr18	14211168	46	6	11.54	1.77621	2	52	1	1	0.815970911893265	0.184029090106735
chr18	14214170	63	5	7.35	1.77621	2	68	1	2	0.181066259420282	0.818933742579718
chr18	14218132	96	17	15.04	1.77621	2	113	1	1	0.99450942516205	0.00549057683794996
chr18	14513570	26	8	23.53	1.77621	2	34	1	1	0.999999957219156	4.47808439751167e-08
chr18	15271452	79	4	4.82	1.77621	2	83	1	2	0.130185370902025	0.869814631097975
chr18	15316627	90	10	10	1.77621	2	100	1	1	0.539491022265312	0.460508979734688
chr18	15316645	114	10	8.06	1.77621	2	124	1	2	0.239165203862311	0.760834798137689
chr18	15316656	120	10	7.69	1.77621	2	130	1	2	0.205745999326676	0.794254002673324
chr18	15316666	122	10	7.58	1.77621	2	132	1	2	0.197164191991335	0.802835810008665
chr18	15316669	123	10	7.52	1.77621	2	133	1	2	0.192728966668423	0.807271035331578
chr18	15316755	102	10	8.93	1.77621	2	112	1	2	0.348688594938418	0.651311407061582
chr18	15316782	93	13	12.26	1.77621	2	106	1	1	0.898590005008307	0.101409996991693
chr18	21396389	31	2	6.06	1.77621	2	33	1	2	0.128997029385613	0.871002972614386
chr18	21407353	35	2	5.41	1.77621	2	37	1	2	0.123122030215547	0.876877971784453
chr18	47349692	72	13	15.29	1.77621	2	85	1	1	0.995906635776304	0.00409336622369548
chr18	48500799	22	2	8.33	1.77621	2	24	0	NA	NA	NA
chr18	74962895	38	2	5	1.77621	2	40	1	2	0.126572029658274	0.873427972341726
chr19	501725	17	11	39.29	1.7022	NA	28	0	NA	NA	NA
chr19	1207105	42	2	4.55	1.7022	NA	44	1	NA	NA	NA
chr19	1472011	25	2	7.41	1.7022	NA	27	0	NA	NA	NA
chr19	3852128	31	5	13.89	1.7022	NA	36	1	NA	NA	NA
chr19	4216860	23	2	8	1.7022	NA	25	0	NA	NA	NA
chr19	4652583	46	2	4.17	1.7022	NA	48	1	NA	NA	NA
chr19	5559956	19	2	9.52	1.7022	NA	21	0	NA	NA	NA
chr19	7671290	27	2	6.9	1.7022	NA	29	0	NA	NA	NA
chr19	9027626	30	11	26.83	1.7022	NA	41	1	NA	NA	NA
chr19	9027656	35	10	22.22	1.7022	NA	45	1	NA	NA	NA
chr19	9027657	27	10	27.03	1.7022	NA	37	1	NA	NA	NA
chr19	10362694	22	2	8.33	1.7022	NA	24	0	NA	NA	NA
chr19	11513003	29	2	6.45	1.7022	NA	31	1	NA	NA	NA
chr19	12907667	24	2	7.69	1.7022	NA	26	0	NA	NA	NA
chr19	12939640	23	2	8	1.7022	NA	25	0	NA	NA	NA
chr19	14260386	26	3	10.34	1.7022	NA	29	0	NA	NA	NA
chr19	14877799	22	4	15.38	1.7022	NA	26	0	NA	NA	NA
chr19	16875988	26	2	7.14	1.7022	NA	28	0	NA	NA	NA
chr19	17476304	22	2	8.33	1.7022	NA	24	0	NA	NA	NA
chr19	18899139	18	2	10	1.7022	NA	20	0	NA	NA	NA
chr19	18989129	18	2	10	1.7022	NA	20	0	NA	NA	NA
chr19	19390163	20	2	9.09	1.7022	NA	22	0	NA	NA	NA
chr19	22155715	268	30	10.07	1.7022	NA	298	1	NA	NA	NA
chr19	22155725	259	30	10.38	1.7022	NA	289	1	NA	NA	NA
chr19	22155783	270	15	5.26	1.7022	NA	285	1	NA	NA	NA
chr19	35512970	26	3	10.34	1.7022	NA	29	0	NA	NA	NA
chr19	36243971	23	2	8	1.7022	NA	25	0	NA	NA	NA
chr19	38897708	19	2	9.52	1.7022	NA	21	0	NA	NA	NA
chr19	39361874	32	3	8.57	1.7022	NA	35	1	NA	NA	NA
chr19	39998632	23	2	8	1.7022	NA	25	0	NA	NA	NA
chr19	41008478	18	2	10	1.7022	NA	20	0	NA	NA	NA
chr19	41084131	35	3	7.89	1.7022	NA	38	1	NA	NA	NA
chr19	41092809	26	2	7.14	1.7022	NA	28	0	NA	NA	NA
chr19	42407862	29	2	6.45	1.7022	NA	31	1	NA	NA	NA
chr19	42861100	24	2	7.69	1.7022	NA	26	0	NA	NA	NA
chr19	47858464	22	2	8.33	1.7022	NA	24	0	NA	NA	NA
chr19	48613788	12	26	68.42	1.7022	NA	38	1	NA	NA	NA
chr19	49183460	20	2	9.09	1.7022	NA	22	0	NA	NA	NA
chr19	49254374	27	2	6.9	1.7022	NA	29	0	NA	NA	NA
chr19	49254382	26	2	7.14	1.7022	NA	28	0	NA	NA	NA
chr19	49539399	31	2	6.06	1.7022	NA	33	1	NA	NA	NA
chr19	50194050	69	3	4.17	1.7022	NA	72	1	NA	NA	NA
chr19	50311958	20	2	9.09	1.7022	NA	22	0	NA	NA	NA
chr19	50367376	28	2	6.67	1.7022	NA	30	1	NA	NA	NA
chr19	50795498	31	2	6.06	1.7022	NA	33	1	NA	NA	NA
chr19	51630405	37	2	5.13	1.7022	NA	39	1	NA	NA	NA
chr19	54135304	21	2	8.7	1.7022	NA	23	0	NA	NA	NA
chr19	54734114	40	2	4.76	1.7022	NA	42	1	NA	NA	NA
chr19	55606959	20	2	9.09	1.7022	NA	22	0	NA	NA	NA
chr19	55994413	32	2	5.88	1.7022	NA	34	1	NA	NA	NA
chr2	3665303	36	2	5.26	1.93013	2	38	1	2	0.123678760564225	0.876321241435775
chr2	24239843	27	2	6.9	1.93013	2	29	0	NA	NA	NA
chr2	27323722	18	2	10	1.93013	2	20	0	NA	NA	NA
chr2	27479263	36	2	5.26	1.93013	2	38	1	2	0.123678760564225	0.876321241435775
chr2	27480847	23	2	8	1.93013	2	25	0	NA	NA	NA
chr2	27592278	35	3	7.89	1.93013	2	38	1	2	0.222909229678566	0.777090772321434
chr2	46608746	29	3	9.38	1.93013	2	32	1	2	0.422790603058478	0.577209398941522
chr2	54159965	27	3	10	1.93013	2	30	1	1	0.539491022265312	0.460508979734688
chr2	73160977	24	2	7.69	1.93013	2	26	0	NA	NA	NA
chr2	73461381	20	2	9.09	1.93013	2	22	0	NA	NA	NA
chr2	74902471	24	2	7.69	1.93013	2	26	0	NA	NA	NA
chr2	89104333	136	18	11.69	1.93013	2	154	1	1	0.836185554975936	0.163814447024064
chr2	89105045	87	8	8.42	1.93013	2	95	1	2	0.278994259829556	0.721005742170444
chr2	90414166	33	3	8.33	1.93013	2	36	1	2	0.268325995310637	0.731674006689363
chr2	90414167	32	3	8.57	1.93013	2	35	1	2	0.297856117218132	0.702143884781869
chr2	90414189	42	4	8.7	1.93013	2	46	1	2	0.315307081862907	0.684692920137093
chr2	90414218	36	8	18.18	1.93013	2	44	1	1	0.999893703458537	0.000106298541462701
chr2	90414227	43	8	15.69	1.93013	2	51	1	1	0.997461850035493	0.00253815196450645
chr2	90414247	41	2	4.65	1.93013	2	43	1	2	0.135000572395244	0.864999429604756
chr2	91927343	32	5	13.51	1.93013	2	37	1	1	0.969978246308787	0.0300217556912134
chr2	91968965	24	8	25	1.93013	2	32	1	1	0.999999996832157	5.16784318655325e-09
chr2	95425105	81	9	10	1.93013	2	90	1	1	0.539491022265312	0.460508979734688
chr2	95474269	74	16	17.78	1.93013	2	90	1	1	0.999819214731707	0.000180787268293069
chr2	95474274	73	19	20.65	1.93013	2	92	1	1	0.999996607115074	3.39488492585489e-06
chr2	95474319	79	9	10.23	1.93013	2	88	1	1	0.584878102888697	0.415121899111303
chr2	95474322	75	15	16.67	1.93013	2	90	1	1	0.999243067177356	0.00075693482264413
chr2	95474325	75	15	16.67	1.93013	2	90	1	1	0.999243067177356	0.00075693482264413
chr2	95509811	58	5	7.94	1.93013	2	63	1	2	0.22752728732275	0.77247271467725
chr2	95511854	83	11	11.7	1.93013	2	94	1	1	0.837476457950944	0.162523544049056
chr2	95511925	98	8	7.55	1.93013	2	106	1	2	0.194925259278863	0.805074742721137
chr2	95512022	73	16	17.98	1.93013	2	89	1	1	0.999861240538094	0.000138761461905786
chr2	95512033	69	18	20.69	1.93013	2	87	1	1	0.999996798428772	3.20357122776713e-06
chr2	95515066	55	8	12.7	1.93013	2	63	1	1	0.932411821048911	0.0675881809510888
chr2	95515110	70	7	9.09	1.93013	2	77	1	2	0.373757420786867	0.626242581213133
chr2	96521428	810	62	7.11	1.93013	2	872	1	2	0.166745825694442	0.833254176305558
chr2	96583823	41	17	29.31	1.93013	2	58	1	1	1.00000000099743	1.00257408483906e-09
chr2	96604785	77	15	16.3	1.93013	2	92	1	1	0.998797289278643	0.00120271272135675
chr2	96604799	59	10	14.49	1.93013	2	69	1	1	0.989676383288288	0.0103236187117123
chr2	96604917	46	15	24.59	1.93013	2	61	1	1	0.999999992898343	9.10165672186487e-09
chr2	96610525	36	7	16.28	1.93013	2	43	1	1	0.998767066353095	0.00123293564690489
chr2	96610540	32	6	15.79	1.93013	2	38	1	1	0.997751060510836	0.00224894148916423
chr2	96610544	28	6	17.65	1.93013	2	34	1	1	0.999785517574098	0.000214484425901866
chr2	96610546	27	5	15.62	1.93013	2	32	1	1	0.997238513600597	0.00276148839940329
chr2	96610552	26	6	18.75	1.93013	2	32	1	1	0.999950784428809	4.92175711908455e-05
chr2	96918635	41	3	6.82	1.93013	2	44	1	2	0.152509334246951	0.847490667753049
chr2	97812323	41	4	8.89	1.93013	2	45	1	2	0.342655244465362	0.657344757534638
chr2	97812327	37	4	9.76	1.93013	2	41	1	2	0.49289156098207	0.50710844101793
chr2	97827954	47	9	16.07	1.93013	2	56	1	1	0.998402159475077	0.00159784252492241
chr2	101183054	46	2	4.17	1.93013	2	48	1	2	0.158115798297348	0.841884203702652
chr2	114256978	25	8	24.24	1.93013	2	33	1	1	0.99999998678718	1.52128202192656e-08
chr2	114352638	22	4	15.38	1.93013	2	26	0	NA	NA	NA
chr2	114352916	53	5	8.62	1.93013	2	58	1	2	0.304446395259709	0.695553606740292
chr2	128394236	24	2	7.69	1.93013	2	26	0	NA	NA	NA
chr2	132258528	23	2	8	1.93013	2	25	0	NA	NA	NA
chr2	132861264	85	9	9.57	1.93013	2	94	1	2	0.457134235709356	0.542865766290644
chr2	132861270	76	18	19.15	1.93013	2	94	1	1	0.999971589556654	2.84124433461791e-05
chr2	132912316	75	13	14.77	1.93013	2	88	1	1	0.992494763933767	0.00750523806623335
chr2	132912327	69	12	14.81	1.93013	2	81	1	1	0.992832157433648	0.00716784456635189
chr2	133015144	133	22	14.19	1.93013	2	155	1	1	0.985565246242201	0.0144347557577991
chr2	133015160	191	15	7.28	1.93013	2	206	1	2	0.17663797339609	0.82336202860391
chr2	133015178	332	15	4.32	1.93013	2	347	1	2	0.149114601935405	0.850885400064594
chr2	133015191	362	42	10.4	1.93013	2	404	1	1	0.618367974677735	0.381632027322265
chr2	133015230	438	23	4.99	1.93013	2	461	1	2	0.126736111445934	0.873263890554066
chr2	133015245	373	17	4.36	1.93013	2	390	1	2	0.147015362847181	0.852984639152819
chr2	133015268	66	14	17.5	1.93013	2	80	1	1	0.999739031010945	0.000260970989055558
chr2	133015285	347	17	4.67	1.93013	2	364	1	2	0.134356694460076	0.865643307539924
chr2	133015299	366	22	5.67	1.93013	2	388	1	2	0.123907570834058	0.876092431165942
chr2	133015300	353	45	11.31	1.93013	2	398	1	1	0.781934090381285	0.218065911618715
chr2	133015309	376	31	7.62	1.93013	2	407	1	2	0.200216574813888	0.799783427186112
chr2	135619640	58	4	6.45	1.93013	2	62	1	2	0.138724981764856	0.861275020235144
chr2	162251513	13	4	23.53	1.93013	2	17	0	NA	NA	NA
chr2	204055432	23	2	8	1.93013	2	25	0	NA	NA	NA
chr2	204055840	233	13	5.28	1.93013	2	246	1	2	0.123559702009215	0.876440299990785
chr2	207653479	19	6	24	1.83948	2	25	0	NA	NA	NA
chr2	210673521	9	26	74.29	1.83948	2	35	1	1	1.000000001	1e-09
chr2	217526764	19	2	9.52	1.83948	2	21	0	NA	NA	NA
chr2	219553597	33	2	5.71	1.83948	2	35	1	2	0.124216865244519	0.875783136755481
chr2	220074078	23	2	8	1.83948	2	25	0	NA	NA	NA
chr2	220193938	42	2	4.55	1.83948	2	44	1	2	0.138555539288781	0.861444462711219
chr2	220193948	45	2	4.26	1.83948	2	47	1	2	0.152493214835117	0.847506787164882
chr2	222428685	43	3	6.52	1.83948	2	46	1	2	0.140979629240472	0.859020372759528
chr2	228582720	27	2	6.9	1.83948	2	29	0	NA	NA	NA
chr2	232321441	27	3	10	1.83948	2	30	1	1	0.539491022265312	0.460508979734688
chr2	233346602	21	2	8.7	1.83948	2	23	0	NA	NA	NA
chr2	239007248	27	4	12.9	1.83948	2	31	1	1	0.944287213813026	0.0557127881869739
chr2	239007260	27	4	12.9	1.83948	2	31	1	1	0.944287213813026	0.0557127881869739
chr20	25753732	149	8	5.1	2.11272	2	157	1	2	0.125153401100613	0.874846600899387
chr20	25753798	87	8	8.42	2.11272	2	95	1	2	0.278994259829556	0.721005742170444
chr20	25753801	88	8	8.33	2.11272	2	96	1	2	0.268325995310637	0.731674006689363
chr20	25755850	46	7	13.21	2.11272	2	53	1	1	0.959101101481773	0.0408989005182268
chr20	26063442	51	17	25	2.11272	2	68	1	1	0.999999996832157	5.16784318655325e-09
chr20	26063469	46	17	26.98	2.11272	2	63	1	1	1.00000000084686	1.15313531779462e-09
chr20	26063490	51	16	23.88	2.11272	2	67	1	1	0.999999975792556	2.62074440838555e-08
chr20	26063498	49	9	15.52	2.11272	2	58	1	1	0.996886524956996	0.00311347704300438
chr20	26084377	36	13	26.53	2.11272	2	49	1	1	1.00000000067108	1.32891620199771e-09
chr20	26189097	46	6	11.54	2.11272	2	52	1	1	0.815970911893265	0.184029090106735
chr20	29623100	109	10	8.4	2.11272	2	119	1	2	0.276581758442749	0.72341824355725
chr20	29623210	256	18	6.57	2.11272	2	274	1	2	0.142688565432037	0.857311436567963
chr20	29623224	221	18	7.53	2.11272	2	239	1	2	0.193456355311735	0.806543646688265
chr20	29624102	141	14	9.03	2.11272	2	155	1	2	0.364183419902009	0.635816582097991
chr20	29624164	105	8	7.08	2.11272	2	113	1	2	0.165122674830196	0.834877327169804
chr20	29624182	104	13	11.11	2.11272	2	117	1	1	0.749513118763938	0.250486883236062
chr20	29624191	102	11	9.73	2.11272	2	113	1	2	0.487166156817919	0.512833845182082
chr20	29626055	130	23	15.03	2.11272	2	153	1	1	0.994445013793927	0.00555498820607323
chr20	29626087	85	16	15.84	2.11272	2	101	1	1	0.997883525140573	0.00211647685942756
chr20	29632551	129	9	6.52	2.11272	2	138	1	2	0.140979629240472	0.859020372759528
chr20	29632664	535	32	5.64	2.11272	2	567	1	2	0.12370800728553	0.87629199471447
chr20	29632751	422	40	8.66	2.11272	2	462	1	2	0.309828081984524	0.690171920015476
chr20	29632784	295	16	5.14	2.11272	2	311	1	2	0.124695509100208	0.875304492899793
chr20	29632831	99	11	10	2.11272	2	110	1	1	0.539491022265312	0.460508979734688
chr20	29633844	105	10	8.7	2.11272	2	115	1	2	0.315307081862907	0.684692920137093
chr20	30070232	35	2	5.41	2.11272	2	37	1	2	0.123122030215547	0.876877971784453
chr20	30137191	17	3	15	2.11272	2	20	0	NA	NA	NA
chr20	32217565	32	4	11.11	2.11272	2	36	1	1	0.749513118763938	0.250486883236062
chr20	46318896	62	3	4.62	2.11272	2	65	1	2	0.136007424949194	0.863992577050806
chr21	9892257	73	22	23.16	1.85806	2	95	1	1	0.999999922947086	7.90529140809349e-08
chr21	9908275	160	31	16.23	1.85806	2	191	1	1	0.998688270883021	0.00131173111697935
chr21	9908294	158	26	14.13	1.85806	2	184	1	1	0.984577292295793	0.0154227097042069
chr21	9908297	159	24	13.11	1.85806	2	183	1	1	0.954758009398367	0.0452419926016332
chr21	9908298	158	24	13.19	1.85806	2	182	1	1	0.958263479222877	0.0417365227771235
chr21	9908306	169	23	11.98	1.85806	2	192	1	1	0.870742636717389	0.129257365282611
chr21	9908318	177	8	4.32	1.85806	2	185	1	2	0.149114601935405	0.850885400064594
chr21	9908323	165	8	4.62	1.85806	2	173	1	2	0.136007424949194	0.863992577050806
chr21	9909124	61	8	11.59	1.85806	2	69	1	1	0.822885914539836	0.177114087460164
chr21	9910596	75	5	6.25	1.85806	2	80	1	2	0.133146563277818	0.866853438722182
chr21	9921587	72	10	12.2	1.85806	2	82	1	1	0.893062262345687	0.106937739654313
chr21	9926769	53	15	22.06	1.85806	2	68	1	1	0.999999579792526	4.22207473976065e-07
chr21	11020778	119	9	7.03	1.85806	2	128	1	2	0.162496559243039	0.837503442756961
chr21	11058146	132	10	7.04	1.85806	2	142	1	2	0.163013937816188	0.836986064183811
chr21	15219244	89	11	11	1.85806	2	100	1	1	0.73066114353764	0.26933885846236
chr21	15219253	86	10	10.42	1.85806	2	96	1	1	0.62228522874047	0.377714773259529
chr21	15219258	98	10	9.26	1.85806	2	108	1	2	0.401967761919373	0.598032240080627
chr21	15219261	96	10	9.43	1.85806	2	106	1	2	0.431673060476025	0.568326941523975
chr21	15219265	98	10	9.26	1.85806	2	108	1	2	0.401967761919373	0.598032240080627
chr21	15219267	102	9	8.11	1.85806	2	111	1	2	0.24425019573929	0.75574980626071
chr21	15219271	102	10	8.93	1.85806	2	112	1	2	0.348688594938418	0.651311407061582
chr21	43531168	22	2	8.33	1.85806	2	24	0	NA	NA	NA
chr21	45648738	44	3	6.38	1.85806	2	47	1	2	0.13662857778812	0.86337142421188
chr21	46839983	18	2	10	1.85806	2	20	0	NA	NA	NA
chr21	47633642	27	2	6.9	1.85806	2	29	0	NA	NA	NA
chr22	18894228	21	2	8.7	1.87436	2	23	0	NA	NA	NA
chr22	19950256	43	2	4.44	1.87436	2	45	1	2	0.143161529239903	0.856838472760097
chr22	21381518	37	2	5.13	1.87436	2	39	1	2	0.124804267773289	0.875195734226711
chr22	21575980	30	8	21.05	1.87436	2	38	1	1	0.999998107077018	1.89492298154917e-06
chr22	24655280	83	8	8.79	1.87436	2	91	1	2	0.32798996898749	0.67201003301251
chr22	24655322	104	9	7.96	1.87436	2	113	1	2	0.229412201965405	0.770587800034595
chr22	29085060	34	10	22.73	1.87436	2	44	1	1	0.999999849239465	1.52760535279123e-07
chr22	30782043	57	4	6.56	1.87436	2	61	1	2	0.14234014759618	0.85765985440382
chr22	31685643	22	2	8.33	1.87436	2	24	0	NA	NA	NA
chr22	38119407	45	2	4.26	1.87436	2	47	1	2	0.152493214835117	0.847506787164882
chr22	38504287	19	2	9.52	1.87436	2	21	0	NA	NA	NA
chr22	42546182	43	2	4.44	1.87436	2	45	1	2	0.143161529239903	0.856838472760097
chr22	43614451	19	2	9.52	1.87436	2	21	0	NA	NA	NA
chr3	48495627	14	4	22.22	2.01238	2	18	0	NA	NA	NA
chr3	48622040	23	2	8	2.01238	2	25	0	NA	NA	NA
chr3	48956037	22	2	8.33	2.01238	2	24	0	NA	NA	NA
chr3	50222865	21	2	8.7	2.01238	2	23	0	NA	NA	NA
chr3	50401310	27	2	6.9	2.01238	2	29	0	NA	NA	NA
chr3	52232692	22	2	8.33	2.01238	2	24	0	NA	NA	NA
chr3	75713903	71	12	14.46	2.01238	2	83	1	1	0.989321203032168	0.0106787989678318
chr3	75713955	76	6	7.32	2.01238	2	82	1	2	0.179142379538557	0.820857622461443
chr3	75713958	71	11	13.41	2.01238	2	82	1	1	0.96668483086758	0.0333151711324203
chr3	75713963	71	7	8.97	2.01238	2	78	1	2	0.354816443445922	0.645183558554078
chr3	75787174	422	69	14.05	2.01238	2	491	1	1	0.983161668556876	0.0168383334431239
chr3	118931569	43	3	6.52	2.01238	2	46	1	2	0.140979629240472	0.859020372759528
chr3	127395431	40	3	6.98	2.01238	2	43	1	2	0.159967774767461	0.840032227232539
chr3	129239084	23	2	8	2.01238	2	25	0	NA	NA	NA
chr3	138037079	53	3	5.36	2.19588	2	56	1	2	0.12322239768233	0.87677760431767
chr3	172240094	33	11	25	2.1688	2	44	1	1	0.999999996832157	5.16784318655325e-09
chr3	172240095	30	11	26.83	2.1688	2	41	1	1	1.00000000080224	1.1977563811209e-09
chr3	178952085	40	9	18.37	2.1688	2	49	1	1	0.999917625999251	8.23760007491492e-05
chr3	190128364	19	3	13.64	2.0568	2	22	0	NA	NA	NA
chr3	191861031	37	3	7.5	2.0568	2	40	1	2	0.191288229527549	0.808711772472451
chr3	195451245	35	2	5.41	2.0568	2	37	1	2	0.123122030215547	0.876877971784453
chr3	195495919	21	2	8.7	2.0568	2	23	0	NA	NA	NA
chr3	195506245	134	10	6.94	2.0568	2	144	1	2	0.158013625273755	0.841986376726245
chr3	195506267	125	9	6.72	2.0568	2	134	1	2	0.148320514123798	0.851679487876202
chr3	195506271	128	11	7.91	2.0568	2	139	1	2	0.224740379757607	0.775259622242393
chr3	195507604	224	17	7.05	2.0568	2	241	1	2	0.163535223994362	0.836464778005638
chr3	195510121	217	10	4.41	2.0568	2	227	1	2	0.144554560663229	0.855445441336771
chr3	195510134	208	12	5.45	2.0568	2	220	1	2	0.123101534594862	0.876898467405138
chr3	195510710	201	24	10.67	2.0568	2	225	1	1	0.67048788047739	0.32951212152261
chr3	195511446	225	15	6.25	2.0568	2	240	1	2	0.133146563277818	0.866853438722182
chr4	59350	248	26	9.49	2.14801	2	274	1	2	0.44248230941893	0.55751769258107
chr4	55991628	20	2	9.09	2.14801	2	22	0	NA	NA	NA
chr4	81978567	81	7	7.95	2.14801	2	88	1	2	0.228467036363326	0.771532965636674
chr4	156135718	44	9	16.98	2.20366	2	53	1	1	0.999489340893914	0.000510661106086479
chr4	176987289	24	2	7.69	2.20366	2	26	0	NA	NA	NA
chr4	190805505	346	37	9.66	2.20366	2	383	1	2	0.473917003489485	0.526082998510515
chr4	190876378	26	10	27.78	2.20366	2	36	1	1	1.00000000096143	1.03857297037938e-09
chr4	190878508	164	12	6.82	2.20366	2	176	1	2	0.152509334246951	0.847490667753049
chr5	256472	77	13	14.44	2.07714	2	90	1	1	0.989078056424018	0.0109219455759821
chr5	437895	18	2	10	2.07714	2	20	0	NA	NA	NA
chr5	840704	29	9	23.68	2.07714	2	38	1	1	0.999999966422321	3.55776790570045e-08
chr5	840712	27	9	25	2.07714	2	36	1	1	0.999999996832157	5.16784318655325e-09
chr5	6378641	20	2	9.09	2.07714	2	22	0	NA	NA	NA
chr5	43509335	70	3	4.11	2.1486	2	73	1	2	0.162264464194991	0.837735537805009
chr5	80770180	29	2	6.45	0.931547	1	31	1	NA	NA	NA
chr5	89821097	10	13	56.52	2.25902	NA	23	0	NA	NA	NA
chr5	93812720	28	2	6.67	2.25902	NA	30	1	NA	NA	NA
chr5	137802880	21	2	8.7	2.07283	2	23	0	NA	NA	NA
chr5	139750706	43	4	8.51	2.07283	2	47	1	2	0.290148151740182	0.709851850259818
chr5	140797328	26	2	7.14	2.07283	2	28	0	NA	NA	NA
chr5	141046067	18	2	10	2.07283	2	20	0	NA	NA	NA
chr5	149676700	37	4	9.76	2.07283	2	41	1	2	0.49289156098207	0.50710844101793
chr5	167891898	18	3	14.29	2.07283	2	21	0	NA	NA	NA
chr5	168134967	23	2	8	2.07283	2	25	0	NA	NA	NA
chr5	176692668	30	2	6.25	2.07283	2	32	1	2	0.133146563277818	0.866853438722182
chr5	177483029	117	11	8.59	2.07283	2	128	1	2	0.300473992790875	0.699526009209125
chr5	177483035	114	10	8.06	2.07283	2	124	1	2	0.239165203862311	0.760834798137689
chr5	177483055	103	10	8.85	2.07283	2	113	1	2	0.3367171509039	0.6632828510961
chr5	177483076	90	9	9.09	2.07283	2	99	1	2	0.373757420786867	0.626242581213133
chr5	177483087	85	9	9.57	2.07283	2	94	1	2	0.457134235709356	0.542865766290644
chr5	178986965	44	2	4.35	2.07283	2	46	1	2	0.147529055815702	0.852470946184298
chr5	179661023	41	6	12.77	2.07283	2	47	1	1	0.936794593139188	0.0632054088608116
chr5	179745874	20	2	9.09	2.07283	2	22	0	NA	NA	NA
chr6	26378525	49	13	20.97	1.95898	2	62	1	1	0.999997871542896	2.13045710376653e-06
chr6	26378539	47	8	14.55	1.95898	2	55	1	1	0.99035360342455	0.00964639857545033
chr6	27798969	62	3	4.62	1.95898	2	65	1	2	0.136007424949194	0.863992577050806
chr6	29716415	24	2	7.69	1.95898	2	26	0	NA	NA	NA
chr6	30558042	50	3	5.66	1.95898	2	53	1	2	0.123837953963193	0.876162048036807
chr6	31324932	46	2	4.17	1.95898	2	48	1	2	0.158115798297348	0.841884203702652
chr6	31626578	21	5	19.23	1.95898	2	26	0	NA	NA	NA
chr6	31730437	22	2	8.33	1.95898	2	24	0	NA	NA	NA
chr6	31854701	22	2	8.33	1.95898	2	24	0	NA	NA	NA
chr6	32497884	43	8	15.69	1.95898	2	51	1	1	0.997461850035493	0.00253815196450645
chr6	32497890	58	7	10.77	1.95898	2	65	1	1	0.689223086483886	0.310776915516114
chr6	32497891	57	7	10.94	1.95898	2	64	1	1	0.720099870214172	0.279900131785828
chr6	32497904	59	10	14.49	1.95898	2	69	1	1	0.989676383288288	0.0103236187117123
chr6	32520844	24	3	11.11	1.95898	2	27	0	NA	NA	NA
chr6	32521014	35	12	25.53	1.95898	2	47	1	1	0.999999999252368	2.74763201043857e-09
chr6	32611302	17	7	29.17	1.95898	2	24	0	NA	NA	NA
chr6	33134971	41	2	4.65	1.95898	2	43	1	2	0.135000572395244	0.864999429604756
chr6	33768810	26	2	7.14	1.95898	2	28	0	NA	NA	NA
chr6	34214805	23	2	8	1.95898	2	25	0	NA	NA	NA
chr6	40414632	12	10	45.45	1.95898	2	22	0	NA	NA	NA
chr6	42984962	30	2	6.25	1.95898	2	32	1	2	0.133146563277818	0.866853438722182
chr6	43400219	21	2	8.7	1.95898	2	23	0	NA	NA	NA
chr6	54074940	61	20	24.69	1.95898	2	81	1	1	0.999999994106537	7.89346279547117e-09
chr6	54074945	64	8	11.11	1.95898	2	72	1	1	0.749513118763938	0.250486883236062
chr6	138660104	55	3	5.17	1.92893	2	58	1	2	0.124391782020886	0.875608219979114
chr6	159026453	14	2	12.5	1.92893	2	16	0	NA	NA	NA
chr6	160953685	34	5	12.82	1.92893	2	39	1	1	0.939773517897568	0.0602264841024319
chr6	161054859	495	42	7.82	1.92893	2	537	1	2	0.216666905921959	0.783333096078041
chr6	167791530	12	9	42.86	1.92893	2	21	0	NA	NA	NA
chr7	44080367	29	2	6.45	1.87384	2	31	1	2	0.138724981764856	0.861275020235144
chr7	56899373	28	8	22.22	1.87384	2	36	1	1	0.999999670355987	3.31644013191589e-07
chr7	56899383	27	8	22.86	1.87384	2	35	1	1	0.999999876776398	1.25223602501432e-07
chr7	56899399	33	8	19.51	1.87384	2	41	1	1	0.999982781875062	1.72201249384199e-05
chr7	56899454	26	6	18.75	1.87384	2	32	1	1	0.999950784428809	4.92175711908455e-05
chr7	57888114	43	9	17.31	1.87384	2	52	1	1	0.999665955427141	0.000334046572858442
chr7	63204646	59	12	16.9	1.87384	2	71	1	1	0.999434477393106	0.000565524606893964
chr7	63205160	17	5	22.73	1.87384	2	22	0	NA	NA	NA
chr7	63205161	17	5	22.73	1.87384	2	22	0	NA	NA	NA
chr7	63205164	18	5	21.74	1.87384	2	23	0	NA	NA	NA
chr7	63205166	18	5	21.74	1.87384	2	23	0	NA	NA	NA
chr7	63212674	65	10	13.33	1.87384	2	75	1	1	0.963818271445204	0.0361817305547963
chr7	63212680	72	4	5.26	1.87384	2	76	1	2	0.123678760564225	0.876321241435775
chr7	63213593	117	6	4.88	1.87384	2	123	1	2	0.128821423626603	0.871178578373397
chr7	63219020	118	8	6.35	1.87384	2	126	1	2	0.135777912166306	0.864222089833694
chr7	63219149	319	15	4.49	1.87384	2	334	1	2	0.140972773364745	0.859027228635255
chr7	63219765	120	7	5.51	1.87384	2	127	1	2	0.123168696434211	0.876831305565789
chr7	63220652	63	14	18.18	1.87384	2	77	1	1	0.999893703458537	0.000106298541462701
chr7	63220662	69	11	13.75	1.87384	2	80	1	1	0.976706843434404	0.0232931585655959
chr7	63220844	63	12	16	1.87384	2	75	1	1	0.998258888901345	0.00174111309865509
chr7	63222440	72	10	12.2	1.87384	2	82	1	1	0.893062262345687	0.106937739654313
chr7	66745001	43	10	18.87	1.87384	2	53	1	1	0.999958231066951	4.17709330483981e-05
chr7	72712311	27	2	6.9	1.87384	2	29	0	NA	NA	NA
chr7	73646489	20	2	9.09	1.87384	2	22	0	NA	NA	NA
chr7	73969838	19	2	9.52	1.87384	2	21	0	NA	NA	NA
chr7	76140353	21	2	8.7	1.87384	2	23	0	NA	NA	NA
chr7	76680539	79	10	11.24	1.87384	2	89	1	1	0.770872748015443	0.229127253984557
chr7	81340738	36	4	10	1.87384	2	40	1	1	0.539491022265312	0.460508979734688
chr7	98800762	21	2	8.7	1.87384	2	23	0	NA	NA	NA
chr7	100643832	552	48	8	1.87384	2	600	1	2	0.233247345382344	0.766752656617656
chr7	100781135	21	2	8.7	1.87384	2	23	0	NA	NA	NA
chr7	102782232	89	7	7.29	1.87384	2	96	1	2	0.177257613727854	0.822742388272147
chr7	102782263	85	8	8.6	1.87384	2	93	1	2	0.301792046648465	0.698207955351535
chr7	128292479	82	4	4.65	1.87384	2	86	1	2	0.135000572395244	0.864999429604756
chr7	128292569	64	27	29.67	1.87384	2	91	1	1	1.00000000099866	1.00134329932065e-09
chr7	128293103	96	10	9.43	1.87384	2	106	1	2	0.431673060476025	0.568326941523975
chr7	128521682	19	2	9.52	1.87384	2	21	0	NA	NA	NA
chr7	134127348	98	10	9.26	1.87384	2	108	1	2	0.401967761919373	0.598032240080627
chr7	137294462	18	3	14.29	1.87384	2	21	0	NA	NA	NA
chr7	143047776	30	2	6.25	1.87384	2	32	1	2	0.133146563277818	0.866853438722182
chr7	149500437	17	3	15	1.87384	2	20	0	NA	NA	NA
chr7	150846152	32	2	5.88	1.87384	2	34	1	2	0.12607607927128	0.87392392272872
chr7	151478363	19	2	9.52	1.87384	2	21	0	NA	NA	NA
chr7	151932824	21	8	27.59	1.87384	2	29	0	NA	NA	NA
chr7	151944981	132	13	8.97	1.87384	2	145	1	2	0.354816443445922	0.645183558554078
chr7	151945101	268	15	5.3	1.87384	2	283	1	2	0.123454663459656	0.876545338540344
chr7	158449306	21	2	8.7	1.01924	1	23	0	NA	NA	NA
chr8	9760467	25	7	21.88	2.41932	NA	32	1	NA	NA	NA
chr8	12036227	95	11	10.38	2.41932	NA	106	1	NA	NA	NA
chr8	12042945	37	2	5.13	2.41932	NA	39	1	NA	NA	NA
chr8	12406596	21	4	16	2.41932	NA	25	0	NA	NA	NA
chr8	12406632	27	6	18.18	2.41932	NA	33	1	NA	NA	NA
chr8	42812156	21	6	22.22	2.41932	NA	27	0	NA	NA	NA
chr8	52731140	108	16	12.9	2.41932	NA	124	1	NA	NA	NA
chr8	52731210	121	40	24.84	2.41932	NA	161	1	NA	NA	NA
chr8	52731235	144	13	8.28	2.41932	NA	157	1	NA	NA	NA
chr8	52731344	174	9	4.92	2.41932	NA	183	1	NA	NA	NA
chr8	52731369	147	7	4.55	2.41932	NA	154	1	NA	NA	NA
chr8	52731974	108	8	6.9	2.41932	NA	116	1	NA	NA	NA
chr8	52732027	84	5	5.62	2.41932	NA	89	1	NA	NA	NA
chr8	52732040	65	26	28.57	2.41932	NA	91	1	NA	NA	NA
chr9	16415904	42	3	6.67	1.69466	NA	45	1	NA	NA	NA
chr9	32631824	50	19	27.54	1.7074	NA	69	1	NA	NA	NA
chr9	34252760	44	3	6.38	1.7074	NA	47	1	NA	NA	NA
chr9	35075074	29	2	6.45	1.7074	NA	31	1	NA	NA	NA
chr9	35608473	22	2	8.33	1.7074	NA	24	0	NA	NA	NA
chr9	38541499	105	6	5.41	1.7074	NA	111	1	NA	NA	NA
chr9	44069977	82	7	7.87	1.7074	NA	89	1	NA	NA	NA
chr9	44080216	56	4	6.67	1.7074	NA	60	1	NA	NA	NA
chr9	44080253	34	4	10.53	1.7074	NA	38	1	NA	NA	NA
chr9	44090561	32	8	20	1.7074	NA	40	1	NA	NA	NA
chr9	44090581	39	8	17.02	1.7074	NA	47	1	NA	NA	NA
chr9	44110557	61	4	6.15	1.7074	NA	65	1	NA	NA	NA
chr9	44110559	59	4	6.35	1.7074	NA	63	1	NA	NA	NA
chr9	44110572	56	3	5.08	1.7074	NA	59	1	NA	NA	NA
chr9	44153976	20	3	13.04	1.7074	NA	23	0	NA	NA	NA
chr9	45424509	33	5	13.16	1.7074	NA	38	1	NA	NA	NA
chr9	45424513	33	8	19.51	1.7074	NA	41	1	NA	NA	NA
chr9	45727954	35	39	52.7	1.7074	NA	74	1	NA	NA	NA
chr9	45728403	98	14	12.5	1.7074	NA	112	1	NA	NA	NA
chr9	66499716	164	7	4.09	1.7074	NA	171	1	NA	NA	NA
chr9	66499897	96	10	9.43	1.7074	NA	106	1	NA	NA	NA
chr9	66499904	75	17	18.48	1.7074	NA	92	1	NA	NA	NA
chr9	66500772	58	7	10.77	1.7074	NA	65	1	NA	NA	NA
chr9	66513157	260	26	9.09	1.7074	NA	286	1	NA	NA	NA
chr9	66513728	144	14	8.86	1.7074	NA	158	1	NA	NA	NA
chr9	66513785	245	24	8.92	1.7074	NA	269	1	NA	NA	NA
chr9	66513855	408	54	11.69	1.7074	NA	462	1	NA	NA	NA
chr9	67335073	100	25	20	1.7074	NA	125	1	NA	NA	NA
chr9	67957940	68	4	5.56	1.7074	NA	72	1	NA	NA	NA
chr9	67958009	77	9	10.47	1.7074	NA	86	1	NA	NA	NA
chr9	68427793	187	9	4.59	1.7074	NA	196	1	NA	NA	NA
chr9	68427854	259	35	11.9	1.7074	NA	294	1	NA	NA	NA
chr9	68427863	238	35	12.82	1.7074	NA	273	1	NA	NA	NA
chr9	68427905	134	17	11.26	1.7074	NA	151	1	NA	NA	NA
chr9	68429250	60	8	11.76	1.7074	NA	68	1	NA	NA	NA
chr9	68429289	47	6	11.32	2	2	53	1	1	0.783488243646135	0.216511758353865
chr9	68429321	26	5	16.13	3.05993	3	31	1	NA	NA	NA
chr9	68433612	151	35	18.82	3.05993	3	186	1	NA	NA	NA
chr9	68433626	138	18	11.54	3.05993	3	156	1	NA	NA	NA
chr9	68433657	122	13	9.63	3.05993	3	135	1	NA	NA	NA
chr9	68437607	36	14	28	3.05993	3	50	1	NA	NA	NA
chr9	68437608	36	14	28	3.05993	3	50	1	NA	NA	NA
chr9	68437629	41	8	16.33	3.05993	3	49	1	NA	NA	NA
chr9	68437631	37	12	24.49	3.05993	3	49	1	NA	NA	NA
chr9	68437641	34	6	15	3.05993	3	40	1	NA	NA	NA
chr9	69082096	48	10	17.24	1.5066	NA	58	1	NA	NA	NA
chr9	69083157	163	23	12.37	1.5066	NA	186	1	NA	NA	NA
chr9	69083162	166	13	7.26	1.5066	NA	179	1	NA	NA	NA
chr9	69390986	103	15	12.71	1.5066	NA	118	1	NA	NA	NA
chr9	69390991	102	16	13.56	1.5066	NA	118	1	NA	NA	NA
chr9	69391206	96	9	8.57	1.5066	NA	105	1	NA	NA	NA
chr9	69391207	100	5	4.76	1.5066	NA	105	1	NA	NA	NA
chr9	69423615	98	28	22.22	1.5066	NA	126	1	NA	NA	NA
chr9	69423637	70	18	20.45	1.5066	NA	88	1	NA	NA	NA
chr9	69423650	45	15	25	1.5066	NA	60	1	NA	NA	NA
chr9	69423658	36	7	16.28	1.5066	NA	43	1	NA	NA	NA
chr9	69423664	31	6	16.22	1.5066	NA	37	1	NA	NA	NA
chr9	69423670	27	7	20.59	1.5066	NA	34	1	NA	NA	NA
chr9	69424638	134	8	5.63	1.5066	NA	142	1	NA	NA	NA
chr9	69663262	18	11	37.93	1.5066	NA	29	0	NA	NA	NA
chr9	70919276	66	16	19.51	1.76443	2	82	1	1	0.999982781875062	1.72201249384199e-05
chr9	70919325	102	19	15.7	1.76443	2	121	1	1	0.997492304592039	0.0025076974079608
chr9	70919413	63	13	17.11	1.76443	2	76	1	1	0.999567678863436	0.000432323136564048
chr9	91092199	55	3	5.17	1.76443	2	58	1	2	0.124391782020886	0.875608219979114
chr9	95087766	21	2	8.7	1.76443	2	23	0	NA	NA	NA
chr9	98231322	22	2	8.33	1.76443	2	24	0	NA	NA	NA
chr9	117797442	23	2	8	1.61619	NA	25	0	NA	NA	NA
chr9	124073009	22	3	12	1.61619	NA	25	0	NA	NA	NA
chr9	127618625	25	2	7.41	1.61619	NA	27	0	NA	NA	NA
chr9	130454718	34	2	5.56	1.61619	NA	36	1	NA	NA	NA
chr9	131115454	30	2	6.25	1.61619	NA	32	1	NA	NA	NA
chr9	131571197	31	2	6.06	1.61619	NA	33	1	NA	NA	NA
chr9	131704115	30	2	6.25	1.61619	NA	32	1	NA	NA	NA
chr9	131768604	31	2	6.06	1.61619	NA	33	1	NA	NA	NA
chr9	131833425	19	2	9.52	1.61619	NA	21	0	NA	NA	NA
chr9	134399775	19	2	9.52	1.61619	NA	21	0	NA	NA	NA
chr9	136671242	19	2	9.52	1.61619	NA	21	0	NA	NA	NA
chr9	138457744	19	2	9.52	1.61619	NA	21	0	NA	NA	NA
chr9	139743773	30	2	6.25	1.61619	NA	32	1	NA	NA	NA
chr9	139944405	19	2	9.52	1.61619	NA	21	0	NA	NA	NA
chr9	140194715	41	2	4.65	1.61619	NA	43	1	NA	NA	NA
chr9	140773537	19	2	9.52	1.61619	NA	21	0	NA	NA	NA
chrX	6451688	83	10	10.75	2.06451	2	93	1	1	0.685506869383078	0.314493132616922
chrX	6451872	118	17	12.59	2.06451	2	135	1	1	0.925001955053698	0.0749980469463022
chrX	8434161	78	4	4.88	2.06451	2	82	1	2	0.128821423626603	0.871178578373397
chrX	19002107	23	2	8	2.06451	2	25	0	NA	NA	NA
chrX	48339971	21	2	8.7	2.06451	2	23	0	NA	NA	NA
chrX	48675019	20	3	13.04	2.06451	2	23	0	NA	NA	NA
chrX	54556792	20	2	9.09	2.06451	2	22	0	NA	NA	NA
chrX	54777399	22	2	8.33	2.06451	2	24	0	NA	NA	NA
chrX	54777425	28	2	6.67	2.06451	2	30	1	2	0.146357739863589	0.853642262136411
chrX	64732582	50	3	5.66	2.06451	2	53	1	2	0.123837953963193	0.876162048036807
chrX	67331813	61	3	4.69	2.06451	2	64	1	2	0.133734242185787	0.866265759814213
chrX	70349532	38	3	7.32	2.06451	2	41	1	2	0.179142379538557	0.820857622461443
chrX	73803042	237	53	18.28	2.06451	2	290	1	1	0.999907031871571	9.29701284289729e-05
chrX	73803044	227	51	18.35	2.06451	2	278	1	1	0.999915378431803	8.46235681964391e-05
chrX	91034394	42	2	4.55	2.06451	2	44	1	2	0.138555539288781	0.861444462711219
chrX	100505383	17	3	15	2.06451	2	20	0	NA	NA	NA
chrX	153008343	19	3	13.64	2.07498	2	22	0	NA	NA	NA
chrX	153008347	23	3	11.54	2.07498	2	26	0	NA	NA	NA
chrX	153049212	32	2	5.88	2.07498	2	34	1	2	0.12607607927128	0.87392392272872
chrX	153170603	22	2	8.33	2.07498	2	24	0	NA	NA	NA
