chr	st	BC38T.ref	BC38T.var	BC38T.vaf	BC38T.cn	BC38T.cleancn	BC38T.depth	adequateDepth	cluster	cluster.prob.1	cluster.prob.2
chr1	16631	58	9	13.43	1.81655	2	67	1	1	0.807447642370934	0.192552359629066
chr1	136813	196	17	7.98	1.81655	2	213	1	2	0.181179588389475	0.818820413610526
chr1	789043	45	9	16.67	1.81655	2	54	1	1	0.981662687392821	0.018337314607179
chr1	789050	35	12	25.53	1.81655	2	47	1	1	0.999997385566601	2.61643339888676e-06
chr1	1398246	19	3	13.64	1.81655	2	22	0	NA	NA	NA
chr1	1426107	19	2	9.52	1.81655	2	21	0	NA	NA	NA
chr1	3406061	36	4	10	1.81655	2	40	1	2	0.337326872100279	0.662673129899721
chr1	9787399	16	3	15.79	1.81655	2	19	0	NA	NA	NA
chr1	13183966	82	11	11.83	1.81655	2	93	1	1	0.589229095839773	0.410770906160227
chr1	13184063	70	17	19.54	1.81655	2	87	1	1	0.998611878989367	0.00138812301063341
chr1	13184205	150	22	12.79	1.81655	2	172	1	1	0.728656128027688	0.271343873972312
chr1	13184207	147	22	13.02	1.81655	2	169	1	1	0.758697101531522	0.241302900468478
chr1	13184211	150	21	12.28	1.81655	2	171	1	1	0.656610722320523	0.343389279679477
chr1	13184213	149	23	13.37	1.81655	2	172	1	1	0.800725958425641	0.19927404357436
chr1	16889014	475	207	30.35	1.81655	2	682	1	1	0.999999993135632	8.86436759125208e-09
chr1	16891786	227	14	5.81	1.81655	2	241	1	2	0.134592009637377	0.865407992362624
chr1	16891905	389	23	5.58	1.81655	2	412	1	2	0.135734468066587	0.864265533933413
chr1	16907818	373	41	9.9	1.81655	2	414	1	2	0.326301734879883	0.673698267120118
chr1	16969145	49	14	22.22	1.81655	2	63	1	1	0.999904094621572	9.59073784283434e-05
chr1	16975202	331	37	10.05	1.81655	2	368	1	2	0.34297333060534	0.65702667139466
chr1	17081710	460	66	12.55	1.81655	2	526	1	1	0.695557486654966	0.304442515345034
chr1	17081763	418	36	7.93	1.81655	2	454	1	2	0.178901306448026	0.821098695551974
chr1	17085030	271	28	9.36	1.81655	2	299	1	2	0.272991075186963	0.727008926813037
chr1	17087640	108	17	13.6	1.81655	2	125	1	1	0.825690229572476	0.174309772427524
chr1	17200137	60	10	14.29	1.81655	2	70	1	1	0.887390076382683	0.112609925617317
chr1	17564988	15	4	21.05	1.81655	2	19	0	NA	NA	NA
chr1	24999082	110	6	5.17	1.81655	2	116	1	2	0.141338463908828	0.858661538091172
chr1	24999085	107	6	5.31	1.81655	2	113	1	2	0.138863835513874	0.861136166486127
chr1	34015810	32	3	8.57	1.97014	2	35	1	2	0.213238590731837	0.786761411268163
chr1	40366461	59	8	11.94	1.97014	2	67	1	1	0.605862385172135	0.394137616827865
chr1	42046608	44	5	10.2	1.97014	2	49	1	2	0.360441401970789	0.63955860002921
chr1	42875660	35	3	7.89	1.97014	2	38	1	2	0.177125141796171	0.822874860203829
chr1	54605466	28	3	9.68	1.97014	2	31	1	2	0.303314095743451	0.696685906256549
chr1	57411609	55	5	8.33	1.97014	2	60	1	2	0.199005747398012	0.800994254601989
chr1	68627189	246	16	6.11	1.97014	2	262	1	2	0.134985260620942	0.865014741379058
chr1	68627236	220	21	8.71	1.97014	2	241	1	2	0.222343995883961	0.777656006116039
chr1	68627259	200	23	10.31	1.97014	2	223	1	2	0.373745961390974	0.626254040609026
chr1	89655780	46	3	6.12	1.97014	2	49	1	2	0.135033039276935	0.864966962723065
chr1	111857084	34	6	15	1.97014	2	40	1	1	0.931559692637458	0.0684403093625418
chr1	113058964	31	3	8.82	1.97014	2	34	1	2	0.229929842237612	0.770070159762388
chr1	121116733	78	17	17.89	1.97014	2	95	1	1	0.993625436900948	0.00637456509905237
chr1	142697792	33	9	21.43	1.97014	2	42	1	1	0.999784117549935	0.000215884450064936
chr1	142721994	169	27	13.78	1.97014	2	196	1	1	0.843693868539166	0.156306133460833
chr1	142721996	184	29	13.62	1.97014	2	213	1	1	0.827757593498185	0.172242408501815
chr1	142722066	267	39	12.75	1.97014	2	306	1	1	0.723255702032448	0.276744299967552
chr1	142723495	265	32	10.77	1.97014	2	297	1	2	0.433603870358816	0.566396131641184
chr1	142803398	103	30	22.56	1.97014	2	133	1	1	0.999932757850986	6.7244149014162e-05
chr1	142803401	108	29	21.17	1.97014	2	137	1	1	0.99971922845869	0.000280773541309986
chr1	142805648	322	18	5.29	1.97014	2	340	1	2	0.139179653520364	0.860820348479636
chr1	142806056	780	51	6.14	1.97014	2	831	1	2	0.135135125424911	0.864864876575089
chr1	142806264	116	8	6.45	1.97014	2	124	1	2	0.137809184339236	0.862190817660764
chr1	142806806	637	70	9.9	1.97014	2	707	1	2	0.326301734879883	0.673698267120118
chr1	142806817	672	55	7.57	1.97014	2	727	1	2	0.164351874382395	0.835648127617605
chr1	142810346	86	15	14.85	1.97014	2	101	1	1	0.923690014471775	0.0763099875282253
chr1	142810747	190	15	7.32	1.97014	2	205	1	2	0.156064148674642	0.843935853325358
chr1	142810749	192	15	7.25	1.97014	2	207	1	2	0.15399707019834	0.84600293180166
chr1	142810754	209	15	6.7	1.97014	2	224	1	2	0.141429072914288	0.858570929085712
chr1	142810759	225	15	6.25	1.97014	2	240	1	2	0.13585079499996	0.86414920700004
chr1	142810769	253	15	5.6	1.97014	2	268	1	2	0.135582070007528	0.864417931992472
chr1	142810775	260	15	5.45	1.97014	2	275	1	2	0.136985435797851	0.863014566202149
chr1	142811648	538	34	5.94	1.97014	2	572	1	2	0.134511197498516	0.865488804501483
chr1	142811696	564	41	6.78	1.97014	2	605	1	2	0.142861086490655	0.857138915509345
chr1	142811718	519	47	8.3	1.97014	2	566	1	2	0.197344761503505	0.802655240496495
chr1	142812449	691	50	6.75	1.97014	2	741	1	2	0.142308503122855	0.857691498877145
chr1	142813004	656	62	8.64	1.97014	2	718	1	2	0.217715460965429	0.78228454103457
chr1	142813018	685	50	6.8	1.97014	2	735	1	2	0.143239878203754	0.856760123796246
chr1	142813024	681	64	8.59	1.97014	2	745	1	2	0.214502367985171	0.785497634014829
chr1	142813079	726	68	8.56	1.97014	2	794	1	2	0.212611271001026	0.787388730998974
chr1	142815637	311	43	12.15	1.97014	2	354	1	1	0.637373526874596	0.362626475125404
chr1	142815752	691	66	8.72	1.97014	2	757	1	2	0.223017742512148	0.776982259487852
chr1	142815767	595	62	9.44	1.97014	2	657	1	2	0.280228273347094	0.719771728652906
chr1	142815780	613	48	7.26	1.97014	2	661	1	2	0.154285716383162	0.845714285616837
chr1	142816328	816	40	4.67	1.97014	2	857	1	2	0.156016370681627	0.843983631318373
chr1	142816330	832	45	5.13	1.97014	2	877	1	2	0.142162605355184	0.857837396644816
chr1	142816345	851	85	9.08	1.97014	2	936	1	2	0.249427288595184	0.750572713404816
chr1	142816346	893	48	5.1	1.97014	2	941	1	2	0.142816501697228	0.857183500302772
chr1	142816557	165	10	5.71	1.97014	2	175	1	2	0.134927099556664	0.865072902443336
chr1	142816868	307	18	5.54	1.97014	2	325	1	2	0.136070832778633	0.863929169221367
chr1	142816904	212	11	4.93	1.97014	2	223	1	2	0.147135735324222	0.852864266675778
chr1	142816918	215	17	7.33	1.97014	2	232	1	2	0.156368352415368	0.843631649584632
chr1	142816960	122	16	11.59	1.97014	2	138	1	1	0.55289601803929	0.44710398396071
chr1	142819680	87	6	6.45	1.97014	2	93	1	2	0.137809184339236	0.862190817660764
chr1	142819711	23	7	23.33	1.97014	2	30	1	1	0.999970293722011	2.97082779886692e-05
chr1	142821576	359	52	12.65	1.97014	2	411	1	1	0.709545829871901	0.290454172128099
chr1	142822929	71	16	18.39	1.97014	2	87	1	1	0.995940370852811	0.00405963114718922
chr1	142827860	459	51	10	1.97014	2	510	1	2	0.337326872100279	0.662673129899721
chr1	142828838	244	29	10.62	1.97014	2	273	1	2	0.413378138436427	0.586621863563572
chr1	142828890	171	22	11.4	1.97014	2	193	1	1	0.524332367530859	0.475667634469141
chr1	142846959	44	3	6.38	1.97014	2	47	1	2	0.137028269830624	0.862971732169376
chr1	142846984	42	15	26.32	1.97014	2	57	1	1	0.999998944650256	1.05734974362238e-06
chr1	142847088	179	13	6.77	1.97014	2	192	1	2	0.142674812633447	0.857325189366553
chr1	142847107	143	24	14.37	1.97014	2	167	1	1	0.893290970535772	0.106709031464228
chr1	142847150	122	15	10.95	1.97014	2	137	1	2	0.458672202103258	0.541327799896742
chr1	142847163	125	17	11.97	1.97014	2	142	1	1	0.610387737724802	0.389612264275198
chr1	142847180	116	20	14.71	1.97014	2	136	1	1	0.915672947976707	0.0843270540232934
chr1	142847188	115	10	8	1.97014	2	125	1	2	0.182109142800535	0.817890859199465
chr1	143167415	141	10	6.62	1.97014	2	151	1	2	0.140129795087544	0.859870206912455
chr1	143184307	58	13	18.31	1.97014	2	71	1	1	0.995633589260444	0.00436641273955603
chr1	143225680	79	7	8.14	1.97014	2	86	1	2	0.188913312172218	0.811086689827782
chr1	144619746	67	6	8.22	1.97014	2	73	1	2	0.193039974224116	0.806960027775884
chr1	144823303	47	10	17.54	1.97014	2	57	1	1	0.99130996184039	0.00869004015960982
chr1	144823317	46	10	17.86	1.97014	2	56	1	1	0.993452564520135	0.00654743747986531
chr1	145076041	158	23	12.71	1.97014	2	181	1	1	0.71780678189347	0.28219322010653
chr1	145354283	63	8	11.27	1.97014	2	71	1	1	0.505012770159383	0.494987231840616
chr1	145369356	139	7	4.79	1.97014	2	146	1	2	0.151546829710822	0.848453172289178
chr1	145370377	238	35	12.82	1.97014	2	273	1	1	0.732673735625979	0.267326266374021
chr1	146013697	15	7	31.82	1.97014	2	22	0	NA	NA	NA
chr1	146250890	117	6	4.88	1.97014	2	123	1	2	0.148617437861765	0.851382564138235
chr1	148004386	276	21	7.07	1.97014	2	297	1	2	0.149175028130512	0.850824973869488
chr1	148251597	209	14	6.28	1.97014	2	223	1	2	0.136090844222083	0.863909157777917
chr1	148346505	62	17	21.52	1.97014	2	79	1	1	0.999802986784149	0.000197015215850567
chr1	148853765	116	8	6.45	1.97014	2	124	1	2	0.137809184339236	0.862190817660764
chr1	148853936	252	18	6.67	1.97014	2	270	1	2	0.140926304501545	0.859073697498455
chr1	148853938	248	18	6.77	1.97014	2	266	1	2	0.142674812633447	0.857325189366553
chr1	148889643	375	36	8.76	1.97014	2	411	1	2	0.225744337407834	0.774255664592166
chr1	148889678	295	29	8.95	1.97014	2	324	1	2	0.239398671336437	0.760601330663563
chr1	152186708	509	30	5.57	1.97014	2	539	1	2	0.135814594133059	0.864185407866941
chr1	152284478	254	33	11.5	1.97014	2	287	1	1	0.539327972613726	0.460672029386274
chr1	152284497	259	23	8.16	1.97014	2	282	1	2	0.189928482581103	0.810071519418897
chr1	152749027	45	5	10	1.97014	2	50	1	2	0.337326872100279	0.662673129899721
chr1	155148447	17	3	15	1.97014	2	20	0	NA	NA	NA
chr1	155403659	204	30	12.82	1.97014	2	234	1	1	0.732673735625979	0.267326266374021
chr1	156616945	23	4	14.81	1.97014	2	27	0	NA	NA	NA
chr1	156639467	77	4	4.94	1.97014	2	81	1	2	0.146851395831883	0.853148606168117
chr1	182025982	33	2	5.71	1.97014	2	35	1	2	0.134927099556664	0.865072902443336
chr1	185951568	29	8	21.62	1.97014	2	37	1	1	0.999822077137746	0.000177924862253693
chr1	186276370	79	4	4.82	1.97014	2	83	1	2	0.150531768015477	0.849468233984523
chr1	186276663	36	3	7.69	1.97014	2	39	1	2	0.168848631639872	0.831151370360128
chr1	193028919	38	3	7.32	1.97014	2	41	1	2	0.156064148674642	0.843935853325358
chr1	197108271	245	22	8.24	1.97014	2	267	1	2	0.194099325423153	0.805900676576847
chr1	201178844	247	19	7.14	0.987053	1	266	1	NA	NA	NA
chr1	201178849	254	17	6.27	0.987053	1	271	1	NA	NA	NA
chr1	201179598	29	3	9.38	0.987053	1	32	1	NA	NA	NA
chr1	203770688	97	21	17.8	2.72452	NA	118	1	NA	NA	NA
chr1	214655758	146	33	18.44	2.15771	2	179	1	1	0.996121544956499	0.00387845704350137
chr1	249106067	19	2	9.52	1.95721	2	21	0	NA	NA	NA
chr10	1209430	130	29	18.24	2.0018	2	159	1	1	0.995347133565387	0.00465286843461317
chr10	1228367	124	8	6.06	2.0018	2	132	1	2	0.134779201474456	0.865220800525545
chr10	38475346	38	8	17.39	2.0018	2	46	1	1	0.990091556213643	0.0099084457863574
chr10	38475348	38	8	17.39	2.0018	2	46	1	1	0.990091556213643	0.0099084457863574
chr10	38475353	42	8	16	2.0018	2	50	1	1	0.968243011715802	0.0317569902841983
chr10	38475356	44	8	15.38	2.0018	2	52	1	1	0.948458339049071	0.0515416629509291
chr10	38475358	46	8	14.81	2.0018	2	54	1	1	0.921467258245888	0.0785327437541115
chr10	42831163	140	15	9.68	2.0018	2	155	1	2	0.303314095743451	0.696685906256549
chr10	42832147	149	30	16.76	2.0018	2	179	1	1	0.982997645164556	0.0170023568354438
chr10	42832186	152	24	13.64	2.0018	2	176	1	1	0.829808254158916	0.170191747841084
chr10	42832196	151	14	8.48	2.0018	2	165	1	2	0.207701383593962	0.792298618406038
chr10	42947074	96	13	11.93	2.0018	2	109	1	1	0.604352663372173	0.395647338627827
chr10	49218706	99	25	20.16	2.0018	2	124	1	1	0.999236382021432	0.000763619978567606
chr10	63850849	20	5	20	1.72369	NA	25	0	NA	NA	NA
chr10	72584722	16	4	20	1.72369	NA	20	0	NA	NA	NA
chr10	94679718	61	6	8.96	1.72369	NA	67	1	NA	NA	NA
chr10	98126493	41	8	16.33	1.72369	NA	49	1	NA	NA	NA
chr10	102267300	55	5	8.33	1.72369	NA	60	1	NA	NA	NA
chr10	105215241	24	3	11.11	1.72369	NA	27	0	NA	NA	NA
chr10	126677331	771	37	4.58	1.72369	NA	808	1	NA	NA	NA
chr10	126677400	628	63	9.12	1.72369	NA	691	1	NA	NA	NA
chr10	126678078	286	20	6.54	1.72369	NA	306	1	NA	NA	NA
chr10	126678128	176	35	16.59	1.72369	NA	211	1	NA	NA	NA
chr10	126678210	102	13	11.3	1.72369	NA	115	1	NA	NA	NA
chr10	127585240	64	15	18.99	1.72369	NA	79	1	NA	NA	NA
chr10	127585260	16	25	60.98	1.72369	NA	41	1	NA	NA	NA
chr10	127585273	34	16	32	1.72369	NA	50	1	NA	NA	NA
chr11	1016835	1084	56	4.91	1.73881	NA	1141	1	NA	NA	NA
chr11	1016944	708	45	5.98	1.73881	NA	753	1	NA	NA	NA
chr11	1016945	735	45	5.77	1.73881	NA	780	1	NA	NA	NA
chr11	1017024	673	36	5.08	1.73881	NA	709	1	NA	NA	NA
chr11	1017135	619	53	7.89	1.73881	NA	672	1	NA	NA	NA
chr11	1017822	672	39	5.49	1.73881	NA	710	1	NA	NA	NA
chr11	1017841	796	54	6.35	1.73881	NA	850	1	NA	NA	NA
chr11	1017869	767	66	7.92	1.73881	NA	833	1	NA	NA	NA
chr11	1017870	821	67	7.55	1.73881	NA	887	1	NA	NA	NA
chr11	1017921	622	72	10.37	1.73881	NA	694	1	NA	NA	NA
chr11	1619202	53	10	15.87	1.73881	NA	63	1	NA	NA	NA
chr11	3039102	50	20	28.57	1.73881	NA	70	1	NA	NA	NA
chr11	8117037	20	3	13.04	1.73881	NA	23	0	NA	NA	NA
chr11	10653484	54	7	11.48	1.73881	NA	61	1	NA	NA	NA
chr11	48387526	25	9	26.47	1.73881	NA	34	1	NA	NA	NA
chr11	48387535	31	9	22.5	1.73881	NA	40	1	NA	NA	NA
chr11	48387540	36	9	20	1.73881	NA	45	1	NA	NA	NA
chr11	55650871	54	6	10	1.73881	NA	60	1	NA	NA	NA
chr11	63998339	18	2	10	1.73881	NA	20	0	NA	NA	NA
chr11	65272708	61	8	11.59	1.73881	NA	69	1	NA	NA	NA
chr11	65987391	41	5	10.87	1.73881	NA	46	1	NA	NA	NA
chr11	66105166	22	2	8.33	1.73881	NA	24	0	NA	NA	NA
chr11	67402543	62	4	6.06	1.73881	NA	66	1	NA	NA	NA
chr11	71249152	76	12	13.64	1.73881	NA	88	1	NA	NA	NA
chr11	71249158	81	8	8.99	1.73881	NA	89	1	NA	NA	NA
chr11	75155588	24	3	11.11	1.73881	NA	27	0	NA	NA	NA
chr11	82894048	86	9	9.47	1.73881	NA	95	1	NA	NA	NA
chr11	94707220	77	11	12.5	1.73881	NA	88	1	NA	NA	NA
chr11	111228171	27	3	10	1.76516	2	30	1	2	0.337326872100279	0.662673129899721
chr11	118502026	30	3	9.09	1.76516	2	33	1	2	0.250222309515735	0.749777692484265
chr11	124293925	79	13	14.13	1.76516	2	92	1	1	0.874827598658922	0.125172403341077
chr12	91051	73	18	19.78	1.6922	NA	91	1	NA	NA	NA
chr12	6879630	26	3	10.34	1.6922	NA	29	0	NA	NA	NA
chr12	11230303	121	22	15.38	1.72883	NA	143	1	NA	NA	NA
chr12	11230307	121	24	16.55	1.72883	NA	145	1	NA	NA	NA
chr12	11420778	34	4	10.53	1.72883	NA	38	1	NA	NA	NA
chr12	11420815	18	8	30.77	1.72883	NA	26	0	NA	NA	NA
chr12	11421116	21	2	8.7	1.72883	NA	23	0	NA	NA	NA
chr12	48534644	57	3	5	1.72883	NA	60	1	NA	NA	NA
chr12	50197753	35	3	7.89	1.72883	NA	38	1	NA	NA	NA
chr12	50745924	141	9	6	1.72883	NA	150	1	NA	NA	NA
chr12	50746022	108	8	6.9	1.72883	NA	116	1	NA	NA	NA
chr12	56551669	32	3	8.57	1.72883	NA	35	1	NA	NA	NA
chr12	56645771	26	3	10.34	1.72883	NA	29	0	NA	NA	NA
chr12	57996737	77	4	4.94	1.72883	NA	81	1	NA	NA	NA
chr12	58128247	47	5	9.62	1.72883	NA	52	1	NA	NA	NA
chr12	58217327	107	13	10.83	1.72883	NA	120	1	NA	NA	NA
chr12	64020321	43	11	20.37	1.72883	NA	54	1	NA	NA	NA
chr12	69784574	103	15	12.71	1.72883	NA	118	1	NA	NA	NA
chr12	94243822	21	4	16	1.72883	NA	25	0	NA	NA	NA
chr12	104182803	22	4	15.38	1.72883	NA	26	0	NA	NA	NA
chr12	118198860	18	3	14.29	1.72883	NA	21	0	NA	NA	NA
chr12	125626904	50	3	5.66	1.72883	NA	53	1	NA	NA	NA
chr12	133240927	22	2	8.33	1.72883	NA	24	0	NA	NA	NA
chr13	19043147	131	12	8.39	1.80813	2	143	1	2	0.202405256427957	0.797594745572043
chr13	19043171	134	8	5.63	1.80813	2	142	1	2	0.135372924140396	0.864627077859604
chr13	19393386	76	8	9.52	1.80813	2	84	1	2	0.287693591879197	0.712306410120802
chr13	19431213	50	12	19.35	1.80813	2	62	1	1	0.998337223266901	0.00166277873309869
chr13	19442240	143	10	6.54	1.80813	2	153	1	2	0.138963083705726	0.861036918294274
chr13	19442277	131	12	8.39	1.80813	2	143	1	2	0.202405256427957	0.797594745572043
chr13	19442283	138	8	5.48	1.80813	2	146	1	2	0.136655877272729	0.863344124727271
chr13	20006620	29	8	21.62	1.80813	2	37	1	1	0.999822077137746	0.000177924862253693
chr13	25016870	70	17	19.54	1.80813	2	87	1	1	0.998611878989367	0.00138812301063341
chr13	25671688	133	22	14.19	1.80813	2	155	1	1	0.879658848519407	0.120341153480593
chr13	25671699	129	15	10.42	1.80813	2	144	1	2	0.387456714266094	0.612543287733906
chr13	25671700	129	14	9.79	1.80813	2	143	1	2	0.314589385853888	0.685410616146112
chr13	25671834	92	5	5.15	1.80813	2	97	1	2	0.141743795600899	0.858256206399101
chr13	25672135	163	24	12.83	1.80813	2	187	1	1	0.734006587860836	0.265993414139164
chr13	58208111	41	3	6.82	1.80813	2	44	1	2	0.143627003775425	0.856372998224575
chr13	80126773	74	9	10.84	1.80813	2	83	1	2	0.443254766725925	0.556745235274075
chr14	21623933	48	3	5.88	1.64673	NA	51	1	NA	NA	NA
chr14	21679118	149	26	14.86	1.64673	NA	175	1	NA	NA	NA
chr14	21679132	160	28	14.89	1.64673	NA	188	1	NA	NA	NA
chr14	21679219	166	24	12.63	1.64673	NA	190	1	NA	NA	NA
chr14	21679222	165	24	12.7	1.64673	NA	189	1	NA	NA	NA
chr14	21991170	64	4	5.88	1.64673	NA	68	1	NA	NA	NA
chr14	23518776	16	4	20	1.64673	NA	20	0	NA	NA	NA
chr14	58682102	29	5	14.71	1.7949	2	34	1	1	0.915672947976707	0.0843270540232934
chr14	94478033	35	7	16.67	1.74993	NA	42	1	NA	NA	NA
chr14	95923666	42	3	6.67	1.74993	NA	45	1	NA	NA	NA
chr14	100166302	29	3	9.38	1.74993	NA	32	1	NA	NA	NA
chr15	23260567	16	6	27.27	1.63444	NA	22	0	NA	NA	NA
chr15	23441194	86	8	8.51	1.63444	NA	94	1	NA	NA	NA
chr15	23811533	42	3	6.67	1.63444	NA	45	1	NA	NA	NA
chr15	30488452	22	2	8.33	1.63444	NA	24	0	NA	NA	NA
chr15	34382567	76	12	13.64	1.63444	NA	88	1	NA	NA	NA
chr15	72286917	100	8	7.41	1.75857	2	108	1	2	0.158882984709264	0.841117017290736
chr15	75198640	20	2	9.09	1.75857	2	22	0	NA	NA	NA
chr15	75981690	31	2	6.06	1.75857	2	33	1	2	0.134779201474456	0.865220800525545
chr15	82808441	148	9	5.73	1.75857	2	157	1	2	0.134840599846742	0.865159402153258
chr15	84908854	94	9	8.74	1.75857	2	103	1	2	0.224374703879489	0.775625298120511
chr15	85788521	12	20	62.5	1.75857	2	32	1	1	1.000000001	1e-09
chr15	100339890	26	7	21.21	1.75857	2	33	1	1	0.999730316985275	0.000269685014724845
chr15	100340231	51	4	7.27	1.75857	2	55	1	2	0.15457657261352	0.845423429386479
chr15	100340318	58	4	6.45	1.75857	2	62	1	2	0.137809184339236	0.862190817660764
chr15	102299863	36	5	12.2	1.64935	NA	41	1	NA	NA	NA
chr15	102304360	28	5	15.15	1.64935	NA	33	1	NA	NA	NA
chr15	102304480	36	8	18.18	1.64935	NA	44	1	NA	NA	NA
chr16	848421	54	3	5.26	1.80876	2	57	1	2	0.139676494630186	0.860323507369814
chr16	848434	47	5	9.62	1.80876	2	52	1	2	0.297348253937809	0.702651748062191
chr16	1397394	57	3	5	1.80876	2	60	1	2	0.145226800072763	0.854773201927237
chr16	2770529	20	4	16.67	1.80876	2	24	0	NA	NA	NA
chr16	3139003	42	3	6.67	1.80876	2	45	1	2	0.140926304501545	0.859073697498455
chr16	3170050	36	3	7.69	1.80876	2	39	1	2	0.168848631639872	0.831151370360128
chr16	21809167	35	12	25.53	1.82058	2	47	1	1	0.999997385566601	2.61643339888676e-06
chr16	22546031	65	9	12.16	1.82058	2	74	1	1	0.638862069838513	0.361137932161487
chr16	30106615	45	3	6.25	1.82058	2	48	1	2	0.13585079499996	0.86414920700004
chr16	30768320	27	7	20.59	1.8045	2	34	1	1	0.999499247854962	0.000500754145038316
chr16	30793061	64	4	5.88	1.8045	2	68	1	2	0.134499642631792	0.865500359368208
chr16	33530612	143	12	7.74	1.8045	2	155	1	2	0.170824843788805	0.829175158211195
chr16	33530718	240	17	6.61	1.8045	2	257	1	2	0.139976706562157	0.860023295437843
chr16	33534114	145	25	14.71	1.8045	2	170	1	1	0.915672947976707	0.0843270540232934
chr16	33534334	75	9	10.71	1.8045	2	84	1	2	0.42543703840232	0.57456296359768
chr16	33537317	316	54	14.59	1.8045	2	370	1	1	0.908257899123801	0.0917421028761989
chr16	33961564	40	10	20	1.8045	2	50	1	1	0.999107945222549	0.000892056777450887
chr16	50357573	72	10	12.2	1.8045	2	82	1	1	0.644802501591057	0.355197500408943
chr16	53337776	64	4	5.88	1.8045	2	68	1	2	0.134499642631792	0.865500359368208
chr16	57074542	33	3	8.33	1.8045	2	36	1	2	0.199005747398012	0.800994254601989
chr16	76574556	54	9	14.29	1.8045	2	63	1	1	0.887390076382683	0.112609925617317
chr16	89178474	43	8	15.69	1.8045	2	51	1	1	0.959415602493111	0.0405843995068886
chr17	416886	89	5	5.32	1.63728	NA	94	1	NA	NA	NA
chr17	1381399	42	5	10.64	1.63728	NA	47	1	NA	NA	NA
chr17	7386217	111	9	7.5	1.63728	NA	120	1	NA	NA	NA
chr17	10535280	41	3	6.82	1.63728	NA	44	1	NA	NA	NA
chr17	12920539	25	11	30.56	1.63728	NA	36	1	NA	NA	NA
chr17	21904868	873	53	5.72	1.63728	NA	927	1	NA	NA	NA
chr17	37367964	182	24	11.65	5.2773	NA	206	1	NA	NA	NA
chr17	37368060	170	14	7.61	5.2773	NA	184	1	NA	NA	NA
chr17	37368242	65	8	10.96	5.2773	NA	73	1	NA	NA	NA
chr17	37371135	209	18	7.93	5.2773	NA	227	1	NA	NA	NA
chr17	38183647	54	3	5.26	1.61127	NA	57	1	NA	NA	NA
chr17	38250325	50	3	5.66	1.61127	NA	53	1	NA	NA	NA
chr17	45668339	63	4	5.97	1.8451	2	67	1	2	0.13454785071254	0.86545215128746
chr17	47297437	25	3	10.71	1.8451	2	28	0	NA	NA	NA
chr17	60347151	113	19	14.39	1.8451	2	132	1	1	0.894727331566698	0.105272670433302
chr17	66872632	46	13	22.03	1.8451	2	59	1	1	0.999883224779477	0.000116777220522933
chr17	75212437	153	18	10.53	1.8451	2	171	1	2	0.401559576163562	0.598440425836438
chr17	78388813	22	2	8.33	1.8451	2	24	0	NA	NA	NA
chr18	109093	50	14	21.88	2.17754	2	64	1	1	0.999863692866212	0.000136309133787836
chr18	109095	51	13	20.31	2.17754	2	64	1	1	0.999340449771544	0.00065955222845595
chr18	14221013	56	6	9.68	2.17754	2	62	1	2	0.303314095743451	0.696685906256549
chr18	14814651	45	13	22.41	2.17754	2	58	1	1	0.999921321007279	7.86809927205936e-05
chr18	51729097	86	9	9.47	2.17754	2	95	1	2	0.283000946404261	0.716999055595739
chr19	110522	132	20	13.16	1.63773	NA	152	1	NA	NA	NA
chr19	199138	29	3	9.38	1.63773	NA	32	1	NA	NA	NA
chr19	2836250	17	3	15	1.63773	NA	20	0	NA	NA	NA
chr19	2836260	19	3	13.64	1.63773	NA	22	0	NA	NA	NA
chr19	3928021	72	10	12.2	1.63773	NA	82	1	NA	NA	NA
chr19	4538519	42	6	12.5	1.63773	NA	48	1	NA	NA	NA
chr19	5576961	49	8	14.04	1.63773	NA	57	1	NA	NA	NA
chr19	8993027	86	14	14	1.63773	NA	100	1	NA	NA	NA
chr19	8999355	71	16	18.39	1.63773	NA	87	1	NA	NA	NA
chr19	8999356	72	16	18.18	1.63773	NA	88	1	NA	NA	NA
chr19	10790934	17	3	15	1.76418	2	20	0	NA	NA	NA
chr19	11286555	26	3	10.34	1.76418	2	29	0	NA	NA	NA
chr19	14261274	46	4	8	1.76418	2	50	1	2	0.182109142800535	0.817890859199465
chr19	14519323	58	4	6.45	1.76418	2	62	1	2	0.137809184339236	0.862190817660764
chr19	18119614	49	3	5.77	1.76418	2	52	1	2	0.134696975019771	0.865303026980229
chr19	23544388	221	19	7.92	1.76418	2	240	1	2	0.17845341366178	0.82154658833822
chr19	40022799	20	3	13.04	1.76418	2	23	0	NA	NA	NA
chr19	48547296	37	3	7.5	1.76418	2	40	1	2	0.161886223301369	0.838113778698631
chr19	49337707	29	6	17.14	1.76418	2	35	1	1	0.9876967646967	0.0123032373032999
chr19	49337713	19	7	26.92	1.76418	2	26	0	NA	NA	NA
chr19	49337715	19	6	24	1.76418	2	25	0	NA	NA	NA
chr19	50380844	27	3	10	1.76418	2	30	1	2	0.337326872100279	0.662673129899721
chr19	51645644	43	3	6.52	1.76418	2	46	1	2	0.138692129147166	0.861307872852834
chr19	54744007	31	2	6.06	1.76418	2	33	1	2	0.134779201474456	0.865220800525545
chr19	55250190	14	12	46.15	1.76418	2	26	0	NA	NA	NA
chr19	55598804	29	2	6.45	1.76418	2	31	1	2	0.137809184339236	0.862190817660764
chr19	59081622	19	3	13.64	1.76418	2	22	0	NA	NA	NA
chr2	905534	401	20	4.75	1.94019	2	421	1	2	0.152962473119746	0.847037528880254
chr2	905903	100	7	6.54	1.94019	2	107	1	2	0.138963083705726	0.861036918294274
chr2	31178795	78	18	18.75	1.94841	2	96	1	1	0.997083779035042	0.0029162229649578
chr2	44502933	20	14	41.18	1.94841	2	34	1	1	1.000000001	1.00000142862669e-09
chr2	74329201	24	12	33.33	1.94841	2	36	1	1	1.00000000084403	1.1559662186284e-09
chr2	89104299	258	29	10.1	1.94841	2	287	1	2	0.348708356690187	0.651291645309813
chr2	90414160	58	3	4.92	1.94841	2	61	1	2	0.147424033358106	0.852575968641894
chr2	90414167	61	4	6.15	1.94841	2	65	1	2	0.135189423928598	0.864810578071402
chr2	90414168	61	5	7.58	1.94841	2	66	1	2	0.164713500300773	0.835286501699227
chr2	90414170	61	4	6.15	1.94841	2	65	1	2	0.135189423928598	0.864810578071402
chr2	90414173	56	6	9.68	1.94841	2	62	1	2	0.303314095743451	0.696685906256549
chr2	91968795	58	19	24.68	1.94841	2	77	1	1	0.99999320099707	6.80100293007272e-06
chr2	91968798	60	16	21.05	1.94841	2	76	1	1	0.999683247285315	0.000316754714685018
chr2	91968882	34	8	19.05	1.94841	2	42	1	1	0.997794421402309	0.00220558059769065
chr2	91968886	33	8	19.51	1.94841	2	41	1	1	0.998571621892079	0.00142838010792104
chr2	92075629	120	23	16.08	1.94841	2	143	1	1	0.970219190358028	0.029780811641972
chr2	95488861	112	16	12.5	1.94841	2	128	1	1	0.688467079356638	0.311532922643362
chr2	95495169	141	18	11.32	1.94841	2	159	1	1	0.512416445720088	0.487583556279912
chr2	95511690	102	24	19.05	1.94841	2	126	1	1	0.997794421402309	0.00220558059769065
chr2	95513854	183	48	20.78	1.94841	2	231	1	1	0.999585215113193	0.000414786886806781
chr2	95514020	100	19	15.97	1.94841	2	119	1	1	0.967471787987983	0.0325282140120168
chr2	95552620	50	11	18.03	1.94841	2	61	1	1	0.994376436942629	0.00562356505737082
chr2	95552672	81	14	14.74	1.94841	2	95	1	1	0.91744733801465	0.0825526639853502
chr2	96515760	466	66	12.41	1.94841	2	532	1	1	0.675556662451813	0.324443339548187
chr2	96517597	395	28	6.62	1.94841	2	423	1	2	0.140129795087544	0.859870206912455
chr2	96517773	517	67	11.47	1.94841	2	584	1	1	0.534819138534905	0.465180863465095
chr2	96525597	339	33	8.87	1.94841	2	372	1	2	0.233506378466466	0.766493623533534
chr2	97812263	77	10	11.49	1.94841	2	87	1	1	0.537824153780074	0.462175848219926
chr2	97830047	158	24	13.19	1.94841	2	182	1	1	0.779698167050639	0.220301834949361
chr2	98128464	382	39	9.26	1.022	1	421	1	NA	NA	NA
chr2	98128483	378	52	12.09	1.022	1	430	1	NA	NA	NA
chr2	105858733	36	3	7.69	1.94747	2	39	1	2	0.168848631639872	0.831151370360128
chr2	107049447	80	6	6.98	1.94747	2	86	1	2	0.147025591000621	0.852974410999379
chr2	114352750	80	14	14.89	1.79763	2	94	1	1	0.925859725022145	0.0741402769778544
chr2	114353296	188	15	7.39	1.79763	2	203	1	2	0.158240762547224	0.841759239452776
chr2	114355998	260	18	6.47	1.79763	2	278	1	2	0.138051062651285	0.861948939348715
chr2	119726944	17	3	15	1.79763	2	20	0	NA	NA	NA
chr2	128350498	30	4	11.76	1.91481	2	34	1	1	0.578626052124265	0.421373949875735
chr2	128461994	84	36	30	1.91481	2	120	1	1	0.999999988742416	1.32575840787814e-08
chr2	128631519	55	15	21.43	1.91481	2	70	1	1	0.999784117549935	0.000215884450064936
chr2	130909735	61	3	4.69	1.91481	2	64	1	2	0.155224265653215	0.844775736346785
chr2	131117170	51	5	8.93	1.91481	2	56	1	2	0.237905853104591	0.762094148895409
chr2	131414774	33	2	5.71	1.91481	2	35	1	2	0.134927099556664	0.865072902443336
chr2	132044797	223	22	8.98	1.91481	2	245	1	2	0.241662761793146	0.758337240206854
chr2	132912316	104	14	11.86	1.91481	2	118	1	1	0.593770257864347	0.406229744135653
chr2	133015160	294	22	6.96	1.91481	2	316	1	2	0.146571303578599	0.853428698421401
chr2	133015282	345	18	4.96	1.91481	2	363	1	2	0.14629447031632	0.85370553168368
chr2	133015291	470	24	4.86	1.91481	2	494	1	2	0.149238718000887	0.850761283999113
chr2	133015297	495	26	4.99	1.91481	2	521	1	2	0.145488017969565	0.854511984030435
chr2	133015310	552	30	5.15	1.91481	2	583	1	2	0.141743795600899	0.858256206399101
chr2	133015353	378	44	10.43	1.91481	2	422	1	2	0.388722824159382	0.611277177840618
chr2	133015373	309	23	6.93	1.91481	2	332	1	2	0.145905715292142	0.854094286707857
chr2	133015374	299	21	6.56	1.91481	2	320	1	2	0.139242331074592	0.860757670925408
chr2	133015387	186	14	7	1.91481	2	200	1	2	0.147488350427462	0.852511651572537
chr2	133015437	119	18	13.14	1.91481	2	137	1	1	0.773633434377955	0.226366567622045
chr2	133015467	179	14	7.25	1.91481	2	193	1	2	0.15399707019834	0.84600293180166
chr2	171572020	18	2	10	1.91481	2	20	0	NA	NA	NA
chr2	172340064	67	12	15.19	1.91481	2	79	1	1	0.940526265667344	0.0594737363326561
chr2	175425215	113	18	13.74	1.91481	2	131	1	1	0.83981039924409	0.16018960275591
chr2	179300971	115	26	18.44	1.91481	2	141	1	1	0.996121544956499	0.00387845704350137
chr2	190788824	159	20	11.17	1.91481	2	179	1	2	0.49032285754783	0.50967714445217
chr2	190788825	154	20	11.49	1.91481	2	174	1	1	0.537824153780074	0.462175848219926
chr2	197184238	64	10	13.51	1.91481	2	74	1	1	0.81618112679195	0.18381887520805
chr2	198380454	32	9	21.95	1.91481	2	41	1	1	0.99987317326705	0.000126828732949637
chr2	202070535	46	8	14.81	1.91481	2	54	1	1	0.921467258245888	0.0785327437541115
chr2	209000207	84	7	7.69	1.91481	2	91	1	2	0.168848631639872	0.831151370360128
chr2	220136384	142	13	8.39	1.91481	2	155	1	2	0.202405256427957	0.797594745572043
chr2	231236335	97	16	14.16	1.91481	2	113	1	1	0.877261417042137	0.122738584957863
chr2	242512630	135	13	8.78	1.91481	2	148	1	2	0.227126700411872	0.772873301588128
chr20	26189097	33	4	10.81	2.04004	2	37	1	2	0.439102841011824	0.560897160988176
chr20	26189527	149	10	6.29	2.04004	2	159	1	2	0.13617510041155	0.86382490158845
chr20	29623100	152	14	8.43	2.04004	2	166	1	2	0.204729676680309	0.795270325319691
chr20	29623143	330	36	9.84	2.04004	2	366	1	2	0.319859076537399	0.680140925462601
chr20	29623164	363	39	9.7	2.04004	2	402	1	2	0.305331611379698	0.694668390620302
chr20	29623179	371	34	8.4	2.04004	2	405	1	2	0.202981979293091	0.797018022706909
chr20	29623210	300	31	9.37	2.04004	2	331	1	2	0.273883310058305	0.726116691941694
chr20	29623219	294	31	9.54	2.04004	2	325	1	2	0.289595748230544	0.710404253769456
chr20	29623224	283	31	9.87	2.04004	2	314	1	2	0.323064193946018	0.676935808053982
chr20	29623260	281	28	9.06	2.04004	2	309	1	2	0.247847423514114	0.752152578485887
chr20	29623261	282	28	9.03	2.04004	2	310	1	2	0.245502977551568	0.754497024448432
chr20	29625983	281	17	5.7	2.04004	2	298	1	2	0.13497405603448	0.86502594596552
chr20	29628415	119	14	10.53	2.04004	2	133	1	2	0.401559576163562	0.598440425836438
chr20	29628439	100	13	11.5	2.04004	2	113	1	1	0.539327972613726	0.460672029386274
chr20	29628469	47	10	17.54	2.04004	2	57	1	1	0.99130996184039	0.00869004015960982
chr20	29632702	733	95	11.47	2.04004	2	828	1	1	0.534819138534905	0.465180863465095
chr20	29632775	477	41	7.92	2.04004	2	518	1	2	0.17845341366178	0.82154658833822
chr20	29632782	419	39	8.52	2.04004	2	458	1	2	0.210132277755359	0.789867724244641
chr20	29632784	399	49	10.94	2.04004	2	448	1	2	0.457258498572698	0.542741503427302
chr20	29632806	323	41	11.26	2.04004	2	364	1	1	0.503536480438878	0.496463521561122
chr20	29637779	167	21	11.17	2.04004	2	188	1	2	0.49032285754783	0.50967714445217
chr20	30137191	26	5	16.13	2.04004	2	31	1	1	0.971396816302876	0.0286031856971242
chr20	30433085	59	3	4.84	2.04004	2	62	1	2	0.149876736796726	0.850123265203274
chr20	31699328	17	3	15	2.04004	2	20	0	NA	NA	NA
chr20	39316677	44	3	6.38	2.04004	2	47	1	2	0.137028269830624	0.862971732169376
chr20	40033340	64	6	8.57	2.04004	2	70	1	2	0.213238590731837	0.786761411268163
chr20	44520366	18	9	33.33	2.04004	2	27	0	NA	NA	NA
chr20	60868896	52	7	11.86	2.04004	2	59	1	1	0.593770257864347	0.406229744135653
chr20	61449788	38	4	9.52	2.04004	2	42	1	2	0.287693591879197	0.712306410120802
chr20	62070173	17	3	15	2.04004	2	20	0	NA	NA	NA
chr21	9908318	231	12	4.94	2.00778	2	243	1	2	0.146851395831883	0.853148606168117
chr21	9908337	236	12	4.84	2.00778	2	248	1	2	0.149876736796726	0.850123265203274
chr21	9908338	240	12	4.76	2.00778	2	252	1	2	0.152601782619684	0.847398219380316
chr21	9909034	54	11	16.92	2.00778	2	65	1	1	0.98515018052373	0.01484982147627
chr21	9909124	103	14	11.97	2.00778	2	117	1	1	0.610387737724802	0.389612264275198
chr21	9909273	39	12	23.53	2.00778	2	51	1	1	0.999976042512852	2.39594871475901e-05
chr21	9910109	76	14	15.56	2.00778	2	90	1	1	0.955101389050522	0.0448986129494778
chr21	9910200	21	2	8.7	2.00778	2	23	0	NA	NA	NA
chr21	9912140	66	11	14.29	2.00778	2	77	1	1	0.887390076382683	0.112609925617317
chr21	9922099	22	4	15.38	2.00778	2	26	0	NA	NA	NA
chr21	9922111	20	5	20	2.00778	2	25	0	NA	NA	NA
chr21	9922116	20	5	20	2.00778	2	25	0	NA	NA	NA
chr21	9926795	72	14	16.28	2.00778	2	86	1	1	0.97467935984323	0.0253206421567701
chr21	9927038	257	26	9.19	2.00778	2	283	1	2	0.258360474602819	0.741639527397181
chr21	9927065	238	19	7.39	2.00778	2	257	1	2	0.158240762547224	0.841759239452776
chr21	9967943	238	36	13.14	2.00778	2	274	1	1	0.773633434377955	0.226366567622045
chr21	9967955	243	29	10.66	2.00778	2	272	1	2	0.418708670326093	0.581291331673907
chr21	10615014	260	14	5.11	2.00778	2	274	1	2	0.142595080125117	0.857404921874883
chr21	14466246	59	14	19.18	2.00778	2	73	1	1	0.998047791784984	0.00195221021501598
chr21	14469879	85	10	10.53	2.00778	2	95	1	2	0.401559576163562	0.598440425836438
chr21	14469923	81	18	18.18	2.00778	2	99	1	1	0.995087429624395	0.00491257237560543
chr21	15328807	30	14	31.82	2.00778	2	44	1	1	0.999999999826149	2.17385123676123e-09
chr21	15329614	105	13	11.02	2.00778	2	118	1	2	0.468632247994566	0.531367754005434
chr21	15329615	108	13	10.74	2.00778	2	121	1	2	0.429508015270191	0.570491986729809
chr21	15339761	198	84	29.79	2.00778	2	282	1	1	0.99999998502925	1.69707497439602e-08
chr21	34721527	98	15	13.27	2.00778	2	113	1	1	0.789201491620407	0.210798510379593
chr22	18769162	80	9	10.11	1.57385	NA	89	1	NA	NA	NA
chr22	19006736	83	4	4.6	1.57385	NA	87	1	NA	NA	NA
chr22	20099157	25	4	13.79	1.57385	NA	29	0	NA	NA	NA
chr22	25047090	98	10	9.26	1.58942	NA	108	1	NA	NA	NA
chr22	25047097	99	10	9.17	1.58942	NA	109	1	NA	NA	NA
chr22	25435280	62	3	4.62	1.58942	NA	65	1	NA	NA	NA
chr22	37965072	36	3	7.69	1.58942	NA	39	1	NA	NA	NA
chr22	42059896	56	3	5.08	1.58942	NA	59	1	NA	NA	NA
chr22	42536779	22	2	8.33	1.58942	NA	24	0	NA	NA	NA
chr22	43557193	41	3	6.82	1.58942	NA	44	1	NA	NA	NA
chr22	50281008	87	5	5.43	1.58942	NA	92	1	NA	NA	NA
chr22	50750907	20	4	16.67	1.58942	NA	24	0	NA	NA	NA
chr22	50943509	33	2	5.71	1.58942	NA	35	1	NA	NA	NA
chr3	8794359	34	13	27.66	1.7593	2	47	1	1	0.999999783063241	2.18936759022733e-07
chr3	14861027	46	4	8	1.7593	2	50	1	2	0.182109142800535	0.817890859199465
chr3	15516894	26	3	10.34	1.7593	2	29	0	NA	NA	NA
chr3	40231342	26	6	18.75	1.8649	2	32	1	1	0.997083779035042	0.0029162229649578
chr3	43408102	31	2	6.06	1.8649	2	33	1	2	0.134779201474456	0.865220800525545
chr3	45730768	27	2	6.9	1.8649	2	29	0	NA	NA	NA
chr3	47447392	39	3	7.14	1.8649	2	42	1	2	0.150966712714893	0.849033289285107
chr3	48622147	27	2	6.9	1.8649	2	29	0	NA	NA	NA
chr3	49842131	32	2	5.88	1.8649	2	34	1	2	0.134499642631792	0.865500359368208
chr3	51743176	21	2	8.7	1.8649	2	23	0	NA	NA	NA
chr3	101134625	71	4	5.33	1.8649	2	75	1	2	0.138560168967754	0.861439833032246
chr3	155894737	49	3	5.77	1.8649	2	52	1	2	0.134696975019771	0.865303026980229
chr3	195377344	31	5	13.89	1.8649	2	36	1	1	0.854027650639163	0.145972351360837
chr3	195412634	19	5	20.83	1.8649	2	24	0	NA	NA	NA
chr3	195505787	56	11	16.42	0.941087	1	67	1	NA	NA	NA
chr3	195505790	58	12	17.14	0.941087	1	70	1	NA	NA	NA
chr3	195505838	62	9	12.68	0.941087	1	71	1	NA	NA	NA
chr3	195505890	40	2	4.76	0.941087	1	42	1	NA	NA	NA
chr3	195507126	209	16	7.11	0.941087	1	225	1	NA	NA	NA
chr3	195507221	275	27	8.94	0.941087	1	302	1	NA	NA	NA
chr3	195507387	177	9	4.84	0.941087	1	186	1	NA	NA	NA
chr3	195507395	153	12	7.27	0.941087	1	165	1	NA	NA	NA
chr3	195507434	135	20	12.9	0.941087	1	155	1	NA	NA	NA
chr3	195507731	193	38	16.45	0.941087	1	231	1	NA	NA	NA
chr3	195508501	88	6	6.38	0.941087	1	94	1	NA	NA	NA
chr3	195509045	228	11	4.6	0.941087	1	239	1	NA	NA	NA
chr3	195509235	229	20	8.03	0.941087	1	249	1	NA	NA	NA
chr3	195509287	186	26	12.26	0.941087	1	212	1	NA	NA	NA
chr3	195511369	418	23	5.22	0.941087	1	441	1	NA	NA	NA
chr3	195511513	221	11	4.74	0.941087	1	232	1	NA	NA	NA
chr3	195511911	493	34	6.45	0.941087	1	527	1	NA	NA	NA
chr3	195513662	438	42	8.75	0.941087	1	480	1	NA	NA	NA
chr3	195513667	436	50	10.29	0.941087	1	486	1	NA	NA	NA
chr3	195515244	358	22	5.79	0.941087	1	380	1	NA	NA	NA
chr3	195690061	87	5	5.43	1.84894	2	92	1	2	0.137219127593124	0.862780874406876
chr3	195690360	35	13	27.08	1.84894	2	48	1	1	0.999999566746897	4.35253102437296e-07
chr3	195698371	105	11	9.48	1.84894	2	116	1	2	0.283932315312517	0.716067686687484
chr3	197946730	20	4	16.67	1.84894	2	24	0	NA	NA	NA
chr4	994364	22	3	12	1.88531	2	25	0	NA	NA	NA
chr4	2935804	23	2	8	1.88531	2	25	0	NA	NA	NA
chr4	5969319	39	5	11.36	1.88531	2	44	1	1	0.518364333423868	0.481635668576132
chr4	15589464	87	10	10.31	1.88531	2	97	1	2	0.373745961390974	0.626254040609026
chr4	23816218	27	4	12.9	1.88531	2	31	1	1	0.743245435870897	0.256754566129102
chr4	49163755	44	12	21.43	1.88531	2	56	1	1	0.999784117549935	0.000215884450064936
chr4	49247359	54	20	27.03	1.88531	2	74	1	1	0.999999540361054	4.61638946336526e-07
chr4	49247389	50	19	27.54	1.88531	2	69	1	1	0.999999749454174	2.52545826067757e-07
chr4	76891491	104	11	9.57	1.88531	2	115	1	2	0.29247593477959	0.70752406722041
chr4	84376857	42	3	6.67	1.88531	2	45	1	2	0.140926304501545	0.859073697498455
chr4	103808572	164	13	7.34	1.88531	2	177	1	2	0.156674795745533	0.843325206254467
chr4	146467951	81	6	6.9	1.99211	2	87	1	2	0.145259084296973	0.854740917703027
chr4	173803959	46	5	9.8	2.03087	2	51	1	2	0.315636100910334	0.684363901089666
chr4	175899102	114	7	5.79	2.03087	2	121	1	2	0.134639696635571	0.865360305364429
chr4	190804899	57	11	16.18	2.03087	2	68	1	1	0.972531844532658	0.0274681574673419
chr4	190804956	64	15	18.99	2.03087	2	79	1	1	0.997667108489833	0.00233289351016658
chr4	190874381	82	21	20.39	2.03087	2	103	1	1	0.999390207461332	0.000609794538667428
chr4	190882973	53	8	13.11	2.03087	2	61	1	1	0.769949238196772	0.230050763803228
chr5	711002	114	9	7.32	2.06737	2	123	1	2	0.156064148674642	0.843935853325358
chr5	36877266	19	3	13.64	1.97945	2	22	0	NA	NA	NA
chr5	40854292	50	9	15.25	1.97945	2	59	1	1	0.943138545366397	0.0568614566336027
chr5	75537109	51	19	27.14	1.74933	NA	70	1	NA	NA	NA
chr5	127524352	40	11	21.57	1.74933	NA	51	1	NA	NA	NA
chr5	132009751	87	14	13.86	1.74933	NA	101	1	NA	NA	NA
chr5	135398956	73	10	12.05	1.74933	NA	83	1	NA	NA	NA
chr5	140626803	39	2	4.88	1.74933	NA	41	1	NA	NA	NA
chr5	140812135	40	2	4.76	1.74933	NA	42	1	NA	NA	NA
chr5	150947536	23	4	14.81	1.74933	NA	27	0	NA	NA	NA
chr5	178987114	33	3	8.33	1.74933	NA	36	1	NA	NA	NA
chr6	26021931	45	3	6.25	1.86077	2	48	1	2	0.13585079499996	0.86414920700004
chr6	26865480	113	10	8.13	1.86077	2	123	1	2	0.188409818230467	0.811590183769533
chr6	28219552	38	2	5	1.86077	2	40	1	2	0.145226800072763	0.854773201927237
chr6	30673294	194	10	4.9	1.86077	2	204	1	2	0.14801262962052	0.85198737237948
chr6	32485546	12	9	42.86	1.86077	2	21	0	NA	NA	NA
chr6	33423045	42	3	6.67	1.86077	2	45	1	2	0.140926304501545	0.859073697498455
chr6	38810490	109	13	10.66	1.86077	2	122	1	2	0.418708670326093	0.581291331673907
chr6	40414638	33	7	17.5	1.86077	2	40	1	1	0.990999665046642	0.00900033695335783
chr6	41898040	16	7	30.43	1.86077	2	23	0	NA	NA	NA
chr6	43753787	49	8	14.04	1.86077	2	57	1	1	0.867306044821293	0.132693957178707
chr6	53133804	92	19	17.12	1.86077	2	111	1	1	0.987483372703654	0.0125166292963459
chr6	54074945	138	15	9.8	1.86077	2	153	1	2	0.315636100910334	0.684363901089666
chr6	111179512	48	8	14.29	1.86077	2	56	1	1	0.887390076382683	0.112609925617317
chr6	111179601	95	19	16.67	1.86077	2	114	1	1	0.981662687392821	0.018337314607179
chr6	111179602	95	19	16.67	1.86077	2	114	1	1	0.981662687392821	0.018337314607179
chr6	111179967	28	4	12.5	1.86077	2	32	1	1	0.688467079356638	0.311532922643362
chr6	111179968	35	4	10.26	1.86077	2	39	1	2	0.367647338874522	0.632352663125478
chr6	111179976	41	4	8.89	1.86077	2	45	1	2	0.234959760248382	0.765040241751618
chr6	111179978	41	4	8.89	1.86077	2	45	1	2	0.234959760248382	0.765040241751618
chr6	111179988	44	4	8.33	1.86077	2	48	1	2	0.199005747398012	0.800994254601989
chr6	111179993	46	4	8	1.86077	2	50	1	2	0.182109142800535	0.817890859199465
chr6	111179994	46	4	8	1.86077	2	50	1	2	0.182109142800535	0.817890859199465
chr6	111179999	44	4	8.33	1.86077	2	48	1	2	0.199005747398012	0.800994254601989
chr6	111180001	46	4	8	1.86077	2	50	1	2	0.182109142800535	0.817890859199465
chr6	152558020	57	4	6.56	1.94612	2	61	1	2	0.139242331074592	0.860757670925408
chr6	153027309	124	6	4.62	1.94612	2	130	1	2	0.158083359486737	0.841916642513262
chr6	165715787	110	12	9.84	1.94612	2	122	1	2	0.319859076537399	0.680140925462601
chr6	166576021	66	7	9.59	1.94612	2	73	1	2	0.294414051958238	0.705585950041762
chr7	937718	31	17	35.42	4.07754	4	48	1	NA	NA	NA
chr7	1528945	30	13	30.23	4.07754	4	43	1	NA	NA	NA
chr7	1528946	30	13	30.23	4.07754	4	43	1	NA	NA	NA
chr7	1528947	29	14	32.56	4.07754	4	43	1	NA	NA	NA
chr7	6854750	61	20	24.69	2.51943	NA	81	1	NA	NA	NA
chr7	36465623	58	14	19.44	2.47238	NA	72	1	NA	NA	NA
chr7	57710140	175	41	18.98	2.47238	NA	216	1	NA	NA	NA
chr7	57888089	163	17	9.44	2.47238	NA	180	1	NA	NA	NA
chr7	63212651	126	12	8.7	2.03679	2	138	1	2	0.221673395649809	0.778326606350191
chr7	63216183	15	7	31.82	2.03679	2	22	0	NA	NA	NA
chr7	66751753	69	10	12.66	2.03679	2	79	1	1	0.710929768061765	0.289070233938235
chr7	72855663	40	19	32.2	2.03679	2	59	1	1	1.00000000028926	1.71073553066088e-09
chr7	76680539	182	10	5.21	2.03679	2	192	1	2	0.140567511547783	0.859432490452217
chr7	83610720	49	10	16.95	2.03679	2	59	1	1	0.985524337284987	0.0144756647150128
chr7	99995632	25	5	16.67	1.91189	2	30	1	1	0.981662687392821	0.018337314607179
chr7	100643689	437	70	13.81	0.973329	1	507	1	NA	NA	NA
chr7	115898757	130	15	10.34	1.9621	2	145	1	2	0.377445514246356	0.622554487753644
chr7	133417459	97	8	7.62	1.9621	2	105	1	2	0.166183697385662	0.833816304614338
chr7	135421950	37	3	7.5	1.9621	2	40	1	2	0.161886223301369	0.838113778698631
chr7	137255971	82	23	21.9	1.9621	2	105	1	1	0.999866469595929	0.00013353240407145
chr7	137406880	196	23	10.5	1.9621	2	219	1	2	0.397675371740716	0.602324630259284
chr7	142460005	22	4	15.38	1.9621	2	26	0	NA	NA	NA
chr7	142460603	16	7	30.43	1.9621	2	23	0	NA	NA	NA
chr7	149474297	34	3	8.11	1.74424	NA	37	1	NA	NA	NA
chr7	151882700	147	23	13.53	1.74424	NA	170	1	NA	NA	NA
chr7	151970695	210	30	12.5	1.74424	NA	240	1	NA	NA	NA
chr8	169403	48	9	15.79	1.57724	NA	57	1	NA	NA	NA
chr8	255403	118	7	5.6	1.57724	NA	125	1	NA	NA	NA
chr8	22885574	25	3	10.71	1.54531	NA	28	0	NA	NA	NA
chr8	24813628	20	2	9.09	1.54531	NA	22	0	NA	NA	NA
chr8	27898839	21	2	8.7	1.54531	NA	23	0	NA	NA	NA
chr8	42045082	21	3	12.5	1.52891	NA	24	0	NA	NA	NA
chr8	52732030	130	18	12.16	2.92047	3	148	1	NA	NA	NA
chr8	52732031	133	18	11.92	2.92047	3	151	1	NA	NA	NA
chr8	54960525	172	25	12.69	2.92047	3	197	1	NA	NA	NA
chr8	56363583	39	3	7.14	2.92047	3	42	1	NA	NA	NA
chr8	57025708	41	5	10.87	2.92047	3	46	1	NA	NA	NA
chr8	62491275	267	32	10.7	2.92047	3	299	1	NA	NA	NA
chr8	86567936	1174	84	6.68	1.61631	NA	1257	1	NA	NA	NA
chr8	86573015	64	7	9.86	1.61631	NA	71	1	NA	NA	NA
chr8	92170240	143	130	47.62	3.04554	3	273	1	NA	NA	NA
chr8	110986365	52	3	5.45	2.7593	3	55	1	NA	NA	NA
chr8	117657110	48	7	12.73	2.7593	3	55	1	NA	NA	NA
chr8	144342350	248	36	12.68	2.7593	3	284	1	NA	NA	NA
chr8	144342352	266	30	10.14	2.7593	3	296	1	NA	NA	NA
chr8	144342357	262	22	7.75	2.7593	3	284	1	NA	NA	NA
chr9	14764	111	16	12.6	1.85755	2	127	1	1	0.702584858676926	0.297415143323074
chr9	18829901	38	4	9.52	1.85755	2	42	1	2	0.287693591879197	0.712306410120802
chr9	19361904	93	12	11.43	1.85755	2	105	1	1	0.528820466050641	0.471179535949359
chr9	35744767	20	4	16.67	1.85755	2	24	0	NA	NA	NA
chr9	45728068	314	43	12.04	1.85755	2	357	1	1	0.620920360666807	0.379079641333193
chr9	45728135	566	30	5.03	1.85755	2	596	1	2	0.144465548485807	0.855534453514193
chr9	45728409	149	38	20.32	1.85755	2	187	1	1	0.999346877550089	0.00065312444991131
chr9	66500646	48	6	11.11	1.85755	2	54	1	2	0.481593278459251	0.518406723540749
chr9	66514882	31	10	24.39	1.85755	2	41	1	1	0.99999062508729	9.37691270993519e-06
chr9	66515194	134	17	11.26	1.85755	2	151	1	1	0.503536480438878	0.496463521561122
chr9	66515202	125	19	13.19	1.85755	2	144	1	1	0.779698167050639	0.220301834949361
chr9	66515217	110	19	14.73	1.85755	2	129	1	1	0.916859345635064	0.0831406563649363
chr9	66664940	128	17	11.72	1.85755	2	145	1	1	0.572566196043435	0.427433805956565
chr9	68316011	57	3	5	1.85755	2	60	1	2	0.145226800072763	0.854773201927237
chr9	68429286	108	11	9.24	1.85755	2	119	1	2	0.262558815539528	0.737441186460472
chr9	68429289	105	9	7.89	1.85755	2	114	1	2	0.177125141796171	0.822874860203829
chr9	68429321	53	12	18.46	1.85755	2	65	1	1	0.996191830943472	0.00380817105652777
chr9	68430297	818	61	6.94	1.85755	2	879	1	2	0.146125468764468	0.853874533235532
chr9	68430331	626	44	6.57	1.85755	2	670	1	2	0.139385063221481	0.860614938778519
chr9	68430413	306	16	4.97	1.85755	2	322	1	2	0.146021824204531	0.853978177795469
chr9	68433511	301	22	6.81	1.85755	2	323	1	2	0.1434323985837	0.8565676034163
chr9	68433520	311	23	6.89	1.85755	2	334	1	2	0.145047743495172	0.854952258504827
chr9	68433633	221	16	6.75	1.85755	2	237	1	2	0.142308503122855	0.857691498877145
chr9	69389996	38	6	13.64	1.85755	2	44	1	1	0.829808254158916	0.170191747841084
chr9	69477231	91	14	13.33	1.85755	2	105	1	1	0.796164056073883	0.203835945926117
chr9	69477245	124	15	10.79	1.85755	2	139	1	2	0.436348014767358	0.563651987232642
chr9	75526891	39	12	23.53	1.92479	2	51	1	1	0.999976042512852	2.39594871475901e-05
chr9	90500231	62	3	4.62	1.92479	2	65	1	2	0.158083359486737	0.841916642513262
chr9	129458858	39	4	9.3	1.99681	2	43	1	2	0.267711768714018	0.732288233285982
chr9	130941135	32	3	8.57	1.99681	2	35	1	2	0.213238590731837	0.786761411268163
chr9	137801932	24	4	14.29	1.99681	2	28	0	NA	NA	NA
chr9	140657628	24	8	25	1.99681	2	32	1	1	0.999995243847569	4.7581524304935e-06
chrX	6451869	77	12	13.48	1.4708	NA	89	1	NA	NA	NA
chrX	25022298	38	4	9.52	1.80563	2	42	1	2	0.287693591879197	0.712306410120802
chrX	37027228	136	7	4.9	1.80563	2	143	1	2	0.14801262962052	0.85198737237948
chrX	41556345	79	9	10.23	1.80563	2	88	1	2	0.36402894152366	0.63597106047634
chrX	79932592	63	22	25.88	1.80563	2	85	1	1	0.99999824688397	1.7551160294614e-06
chrX	101381554	51	3	5.56	1.80563	2	54	1	2	0.13589735501769	0.86410264698231
chrX	103183625	140	26	15.66	1.80563	2	166	1	1	0.958454222052728	0.0415457799472716
chrX	108926040	85	15	15	1.80563	2	100	1	1	0.931559692637458	0.0684403093625418
chrX	140335883	80	12	13.04	1.80563	2	92	1	1	0.761223074769733	0.238776927230267
chrX	149014502	53	16	23.19	1.80563	2	69	1	1	0.999965491426143	3.45105738573673e-05
chrX	155251531	175	12	6.42	1.03944	1	187	1	NA	NA	NA
chrX	155254625	18	2	10	1.03944	1	20	0	NA	NA	NA
