chr	st	BC45T.ref	BC45T.var	BC45T.vaf	BC45T.cn	BC45T.cleancn	BC45T.depth	adequateDepth	cluster	cluster.prob.1	cluster.prob.2	cluster.prob.3
chr1	13116	28	3	9.68	1.61575	NA	31	1	NA	NA	NA	NA
chr1	13118	28	4	12.5	1.61575	NA	32	1	NA	NA	NA	NA
chr1	15195	35	2	5.41	1.61575	NA	37	1	NA	NA	NA	NA
chr1	136751	214	25	10.46	1.61575	NA	239	1	NA	NA	NA	NA
chr1	136787	228	21	8.43	1.61575	NA	249	1	NA	NA	NA	NA
chr1	136827	192	17	8.13	1.61575	NA	209	1	NA	NA	NA	NA
chr1	136828	184	28	13.21	1.61575	NA	212	1	NA	NA	NA	NA
chr1	1661808	29	2	6.45	1.61575	NA	31	1	NA	NA	NA	NA
chr1	8555269	19	2	9.52	1.61575	NA	21	0	NA	NA	NA	NA
chr1	12921332	163	16	8.94	1.61575	NA	179	1	NA	NA	NA	NA
chr1	12921333	159	15	8.62	1.61575	NA	174	1	NA	NA	NA	NA
chr1	13183109	192	12	5.88	1.61575	NA	204	1	NA	NA	NA	NA
chr1	13183110	193	12	5.85	1.61575	NA	205	1	NA	NA	NA	NA
chr1	13183115	203	12	5.58	1.61575	NA	215	1	NA	NA	NA	NA
chr1	13183130	213	26	10.88	1.61575	NA	239	1	NA	NA	NA	NA
chr1	13183138	213	35	14.11	1.61575	NA	248	1	NA	NA	NA	NA
chr1	13184095	44	12	21.43	1.61575	NA	56	1	NA	NA	NA	NA
chr1	13184097	41	14	25.45	1.61575	NA	55	1	NA	NA	NA	NA
chr1	16360347	64	9	12.33	1.61575	NA	73	1	NA	NA	NA	NA
chr1	16902856	184	13	6.6	1.61575	NA	197	1	NA	NA	NA	NA
chr1	16907547	259	47	15.36	1.61575	NA	306	1	NA	NA	NA	NA
chr1	16914160	240	32	11.76	1.61575	NA	272	1	NA	NA	NA	NA
chr1	16931355	186	40	17.7	1.61575	NA	226	1	NA	NA	NA	NA
chr1	16972134	68	12	15	1.61575	NA	80	1	NA	NA	NA	NA
chr1	16972190	52	8	13.33	1.61575	NA	60	1	NA	NA	NA	NA
chr1	16973387	70	3	4.11	1.61575	NA	73	1	NA	NA	NA	NA
chr1	16973419	85	8	8.6	1.61575	NA	93	1	NA	NA	NA	NA
chr1	16976620	76	22	22.45	1.61575	NA	98	1	NA	NA	NA	NA
chr1	17081886	180	24	11.76	1.61575	NA	204	1	NA	NA	NA	NA
chr1	17199687	69	14	16.87	1.61575	NA	83	1	NA	NA	NA	NA
chr1	17199978	34	14	29.17	1.61575	NA	48	1	NA	NA	NA	NA
chr1	17200227	42	10	19.23	1.61575	NA	52	1	NA	NA	NA	NA
chr1	22854496	37	10	21.28	1.61575	NA	47	1	NA	NA	NA	NA
chr1	25701786	40	2	4.76	1.61575	NA	42	1	NA	NA	NA	NA
chr1	26510663	37	2	5.13	1.61575	NA	39	1	NA	NA	NA	NA
chr1	53457942	40	24	37.5	1.58535	NA	64	1	NA	NA	NA	NA
chr1	68628089	53	5	8.62	1.58535	NA	58	1	NA	NA	NA	NA
chr1	68628797	239	36	13.09	1.58535	NA	275	1	NA	NA	NA	NA
chr1	89448868	191	18	8.61	1.58535	NA	209	1	NA	NA	NA	NA
chr1	89448896	211	26	10.97	1.58535	NA	237	1	NA	NA	NA	NA
chr1	89449117	130	6	4.41	1.58535	NA	136	1	NA	NA	NA	NA
chr1	89652087	15	6	28.57	1.58535	NA	21	0	NA	NA	NA	NA
chr1	89652088	15	6	28.57	1.58535	NA	21	0	NA	NA	NA	NA
chr1	89652090	14	6	30	1.58535	NA	20	0	NA	NA	NA	NA
chr1	111060811	22	8	26.67	1.58535	NA	30	1	NA	NA	NA	NA
chr1	117150736	22	8	26.67	1.58535	NA	30	1	NA	NA	NA	NA
chr1	117568199	25	7	21.88	1.58535	NA	32	1	NA	NA	NA	NA
chr1	120537154	27	10	27.03	1.58535	NA	37	1	NA	NA	NA	NA
chr1	142620969	71	17	19.32	1.58535	NA	88	1	NA	NA	NA	NA
chr1	142620975	56	26	31.71	1.58535	NA	82	1	NA	NA	NA	NA
chr1	142712530	86	5	5.49	1.58535	NA	91	1	NA	NA	NA	NA
chr1	142721959	72	13	15.29	1.58535	NA	85	1	NA	NA	NA	NA
chr1	142721994	98	14	12.5	1.58535	NA	112	1	NA	NA	NA	NA
chr1	142721996	103	17	14.17	1.58535	NA	120	1	NA	NA	NA	NA
chr1	142722044	107	19	15.08	1.58535	NA	126	1	NA	NA	NA	NA
chr1	142722066	122	23	15.86	1.58535	NA	145	1	NA	NA	NA	NA
chr1	142806340	338	36	9.63	1.58535	NA	374	1	NA	NA	NA	NA
chr1	142806353	366	37	9.18	1.58535	NA	403	1	NA	NA	NA	NA
chr1	142806370	317	23	6.76	1.58535	NA	340	1	NA	NA	NA	NA
chr1	142810318	91	16	14.95	1.58535	NA	107	1	NA	NA	NA	NA
chr1	142811864	482	51	9.57	1.58535	NA	533	1	NA	NA	NA	NA
chr1	142812297	98	41	29.5	1.58535	NA	139	1	NA	NA	NA	NA
chr1	142816866	214	65	23.3	1.58535	NA	279	1	NA	NA	NA	NA
chr1	142817365	96	18	15.79	1.58535	NA	114	1	NA	NA	NA	NA
chr1	142820082	261	26	9.06	1.58535	NA	287	1	NA	NA	NA	NA
chr1	142822375	112	19	14.5	1.58535	NA	131	1	NA	NA	NA	NA
chr1	142822389	100	22	18.03	1.58535	NA	122	1	NA	NA	NA	NA
chr1	142826847	186	10	5.1	1.58535	NA	196	1	NA	NA	NA	NA
chr1	142828516	190	8	4.04	1.58535	NA	198	1	NA	NA	NA	NA
chr1	143195884	26	12	31.58	1.58535	NA	38	1	NA	NA	NA	NA
chr1	143195902	33	10	23.26	1.58535	NA	43	1	NA	NA	NA	NA
chr1	143207700	21	14	40	1.58535	NA	35	1	NA	NA	NA	NA
chr1	143209844	394	34	7.94	1.58535	NA	428	1	NA	NA	NA	NA
chr1	143219080	40	16	28.57	1.58535	NA	56	1	NA	NA	NA	NA
chr1	143220193	39	11	22	1.58535	NA	50	1	NA	NA	NA	NA
chr1	143222977	55	17	23.61	1.58535	NA	72	1	NA	NA	NA	NA
chr1	143222985	58	21	26.58	1.58535	NA	79	1	NA	NA	NA	NA
chr1	143222991	60	22	26.83	1.58535	NA	82	1	NA	NA	NA	NA
chr1	143230327	106	48	31.17	1.58535	NA	154	1	NA	NA	NA	NA
chr1	143767628	261	63	19.44	1.58535	NA	324	1	NA	NA	NA	NA
chr1	143767644	295	38	11.41	1.58535	NA	333	1	NA	NA	NA	NA
chr1	144830164	109	18	14.17	1.58535	NA	127	1	NA	NA	NA	NA
chr1	144830505	41	10	19.61	1.58535	NA	51	1	NA	NA	NA	NA
chr1	145293014	234	25	9.65	1.58535	NA	259	1	NA	NA	NA	NA
chr1	145293566	163	41	20.1	1.58535	NA	204	1	NA	NA	NA	NA
chr1	145297615	101	7	6.48	1.58535	NA	108	1	NA	NA	NA	NA
chr1	145297661	110	14	11.29	1.58535	NA	124	1	NA	NA	NA	NA
chr1	145303971	87	15	14.71	1.58535	NA	102	1	NA	NA	NA	NA
chr1	145323614	154	18	10.47	1.58535	NA	172	1	NA	NA	NA	NA
chr1	146215067	59	4	6.35	1.79005	2	63	1	3	1e-09	6.12810604043616e-07	0.999999389189396
chr1	146399674	31	9	22.5	1.79005	2	40	1	2	1.78645309466153e-06	0.992367233900383	0.00763098264652249
chr1	148004567	192	31	13.9	1.79005	2	223	1	3	1.00007027060418e-09	0.0805092909995142	0.919490711000416
chr1	148004568	192	31	13.9	1.79005	2	223	1	3	1.00007027060418e-09	0.0805092909995142	0.919490711000416
chr1	148004584	177	22	11.06	1.79005	2	199	1	3	1.00000000220141e-09	0.00273331531336511	0.997266686686635
chr1	148004625	136	41	23.16	1.79005	2	177	1	2	4.23766471271668e-06	0.995061018740633	0.00493474659465395
chr1	148004834	43	9	17.31	1.79005	2	52	1	2	1.48359306803105e-09	0.709035618274745	0.290964383241662
chr1	148005041	20	3	13.04	1.79005	2	23	0	NA	NA	NA	NA
chr1	148005049	18	3	14.29	1.79005	2	21	0	NA	NA	NA	NA
chr1	148005054	17	3	15	1.79005	2	20	0	NA	NA	NA	NA
chr1	148014718	48	15	23.81	1.79005	2	63	1	2	9.66668409631296e-06	0.996742367512976	0.00324796880292727
chr1	148853708	27	10	27.03	1.79005	2	37	1	2	0.000412146740948726	0.999112891267264	0.000474964991787396
chr1	148853725	29	9	23.68	1.79005	2	38	1	2	8.21315623155603e-06	0.996463477956149	0.00352831188761995
chr1	148853738	32	9	21.95	1.79005	2	41	1	2	8.51085469088942e-07	0.988929722301144	0.011069429613387
chr1	148853744	33	9	21.43	1.79005	2	42	1	2	4.14174231368943e-07	0.984151646723565	0.0158479421022033
chr1	148853746	26	10	27.78	1.79005	2	36	1	2	0.000920686785375593	0.998765925582042	0.000313390632581958
chr1	148853757	31	8	20.51	1.79005	2	39	1	2	1.1038161496817e-07	0.969621099714462	0.0303787929039227
chr1	148873408	91	8	8.08	1.79005	2	99	1	3	1e-09	2.35448987224087e-05	0.999976457101277
chr1	148903444	34	8	19.05	1.79005	2	42	1	2	1.21933759868891e-08	0.912390239083614	0.0876097517230103
chr1	149262467	57	23	28.75	1.79005	2	80	1	2	0.00251272944371997	0.997301421389147	0.000185852167132925
chr1	152083873	93	4	4.12	1.79005	2	97	1	3	1e-09	1.87234765618985e-09	1.00000000012765
chr1	152188999	173	12	6.49	1.79005	2	185	1	3	1e-09	8.52324248436567e-07	0.999999149675752
chr1	152284549	233	26	10.04	1.79005	2	259	1	3	1.00000000002611e-09	0.000632134508026716	0.999367867491973
chr1	152284576	238	22	8.46	1.79005	2	260	1	3	1.00000000000001e-09	4.72370899033691e-05	0.999952764910097
chr1	152284597	262	16	5.76	1.79005	2	278	1	3	1e-09	1.40651319939719e-07	0.99999986134868
chr1	157771203	11	9	45	1.84229	2	20	0	NA	NA	NA	NA
chr1	161185107	33	4	10.81	1.84229	2	37	1	3	1.00000000077269e-09	0.00193446824278893	0.998065533757211
chr1	161570541	70	26	27.08	1.84229	2	96	1	2	0.000435165896464385	0.999103015066386	0.000461822037149835
chr1	161577204	144	9	5.88	1.84229	2	153	1	3	1e-09	1.91852659911101e-07	0.99999981014734
chr1	185902733	25	3	10.71	1.84229	2	28	0	NA	NA	NA	NA
chr1	196712522	57	10	14.93	1.84229	2	67	1	3	1.00158107136364e-09	0.205572002093303	0.794427999905116
chr1	201175709	27	11	28.95	1.84229	2	38	1	2	0.00307563127533719	0.99675717732866	0.000167194396002673
chr1	201179173	130	11	7.8	1.84229	2	141	1	3	1e-09	1.37990865855689e-05	0.999986202913414
chr1	212482754	101	16	13.68	1.84229	2	117	1	3	1.00003452290064e-09	0.0643274219689492	0.935672580031016
chr1	217622647	43	18	29.51	1.82121	2	61	1	2	0.00536917826120452	0.994506112359868	0.000124712378927479
chr1	248436912	62	9	12.68	1.82121	2	71	1	3	1.00000112615785e-09	0.0212928904131157	0.978707111586883
chr1	248437002	90	8	8.16	1.82121	2	98	1	3	1e-09	2.7335149668539e-05	0.999972666850331
chr1	248617119	79	13	14.13	1.82121	2	92	1	3	1.00014528175057e-09	0.100953344452999	0.899046657546856
chr10	1205736	31	8	20.51	1.87879	2	39	1	2	1.1038161496817e-07	0.969621099714462	0.0303787929039227
chr10	26934369	135	6	4.26	1.87879	2	141	1	3	1e-09	2.44712511576991e-09	0.999999999552875
chr10	26936272	200	11	5.21	1.87879	2	211	1	3	1e-09	3.1536120130822e-08	0.99999997046388
chr10	26936278	201	12	5.63	1.87879	2	213	1	3	1e-09	9.98239052205106e-08	0.999999902176095
chr10	26936279	200	12	5.66	1.87879	2	212	1	3	1e-09	1.08108774347136e-07	0.999999893891226
chr10	26936306	194	20	9.35	1.87879	2	214	1	3	1.00000000000099e-09	0.000214995132932972	0.999785006867067
chr10	26936307	195	16	7.58	1.87879	2	211	1	3	1e-09	8.94573985746667e-06	0.999991056260142
chr10	26936309	194	20	9.35	1.87879	2	214	1	3	1.00000000000099e-09	0.000214995132932972	0.999785006867067
chr10	26936330	209	18	7.93	1.87879	2	227	1	3	1e-09	1.77257071676668e-05	0.999982276292832
chr10	26936429	184	12	6.12	1.87879	2	196	1	3	1e-09	3.50860211559841e-07	0.999999651139788
chr10	26936491	190	8	4.04	1.87879	2	198	1	3	1e-09	1.64819027846498e-09	1.00000000035181
chr10	38464975	32	8	20	1.87879	2	40	1	2	5.16649067449078e-08	0.956112304158654	0.0438876471764388
chr10	38475415	44	7	13.73	1.87879	2	51	1	3	1.00004063014877e-09	0.0677372554975139	0.932262746502446
chr10	38475420	44	7	13.73	1.87879	2	51	1	3	1.00004063014877e-09	0.0677372554975139	0.932262746502446
chr10	38475425	46	8	14.81	1.87879	2	54	1	3	1.00112110733911e-09	0.18631057273774	0.813689429261139
chr10	38475431	48	11	18.64	1.87879	2	59	1	2	6.62024739311473e-09	0.882178272422242	0.117821723957511
chr10	38475451	58	12	17.14	1.87879	2	70	1	2	1.34271302874272e-09	0.677226667846526	0.322773333810761
chr10	38475454	59	12	16.9	1.87879	2	71	1	2	1.20770731973819e-09	0.628840065517885	0.371159936274407
chr10	38475472	60	12	16.67	1.87879	2	72	1	2	1.12635262522022e-09	0.579196760128184	0.420803241745463
chr10	38475503	49	7	12.5	1.87879	2	56	1	3	1.00000058817594e-09	0.0172158701564447	0.982784131843555
chr10	38939433	151	34	18.38	1.87879	2	185	1	2	4.58005408247326e-09	0.858174170550596	0.14182582786935
chr10	38939463	200	19	8.68	1.87879	2	219	1	3	1.00000000000003e-09	6.96950960142318e-05	0.999930306903986
chr10	75457533	127	13	9.29	1.87879	2	140	1	3	1.00000000000074e-09	0.000195016990584959	0.999804985009415
chr10	96039596	38	7	15.56	1.65772	NA	45	1	NA	NA	NA	NA
chr10	126677189	581	81	12.24	1.65772	NA	662	1	NA	NA	NA	NA
chr10	126677242	525	28	5.06	1.65772	NA	553	1	NA	NA	NA	NA
chr10	126677280	550	40	6.78	1.65772	NA	590	1	NA	NA	NA	NA
chr10	126677356	277	32	10.36	1.65772	NA	309	1	NA	NA	NA	NA
chr10	126678092	80	54	40.3	1.65772	NA	134	1	NA	NA	NA	NA
chr11	128732	187	14	6.97	1.52488	NA	201	1	NA	NA	NA	NA
chr11	128735	179	13	6.77	1.52488	NA	192	1	NA	NA	NA	NA
chr11	129032	19	8	29.63	1.52488	NA	27	0	NA	NA	NA	NA
chr11	1016777	556	50	8.25	1.52488	NA	606	1	NA	NA	NA	NA
chr11	1016785	627	27	4.13	1.52488	NA	654	1	NA	NA	NA	NA
chr11	1016822	715	39	5.17	1.52488	NA	754	1	NA	NA	NA	NA
chr11	1016833	720	59	7.57	1.52488	NA	779	1	NA	NA	NA	NA
chr11	1016849	724	37	4.86	1.52488	NA	761	1	NA	NA	NA	NA
chr11	1016851	719	35	4.64	1.52488	NA	754	1	NA	NA	NA	NA
chr11	1016912	506	26	4.89	1.52488	NA	532	1	NA	NA	NA	NA
chr11	1016944	490	29	5.59	1.52488	NA	519	1	NA	NA	NA	NA
chr11	1016945	506	29	5.42	1.52488	NA	535	1	NA	NA	NA	NA
chr11	1016954	491	34	6.48	1.52488	NA	525	1	NA	NA	NA	NA
chr11	1016961	489	39	7.39	1.52488	NA	528	1	NA	NA	NA	NA
chr11	1016970	488	39	7.4	1.52488	NA	527	1	NA	NA	NA	NA
chr11	1017024	476	38	7.39	1.52488	NA	514	1	NA	NA	NA	NA
chr11	1017059	419	33	7.3	1.52488	NA	452	1	NA	NA	NA	NA
chr11	1017066	444	21	4.52	1.52488	NA	465	1	NA	NA	NA	NA
chr11	1017068	433	41	8.65	1.52488	NA	474	1	NA	NA	NA	NA
chr11	1017085	517	26	4.79	1.52488	NA	543	1	NA	NA	NA	NA
chr11	1017088	514	31	5.69	1.52488	NA	545	1	NA	NA	NA	NA
chr11	1017090	539	26	4.6	1.52488	NA	565	1	NA	NA	NA	NA
chr11	1017111	369	35	8.66	1.52488	NA	404	1	NA	NA	NA	NA
chr11	1017114	402	27	6.29	1.52488	NA	429	1	NA	NA	NA	NA
chr11	1017116	447	24	5.1	1.52488	NA	471	1	NA	NA	NA	NA
chr11	1017152	466	37	7.36	1.52488	NA	503	1	NA	NA	NA	NA
chr11	1017200	598	59	8.98	1.52488	NA	657	1	NA	NA	NA	NA
chr11	1017280	422	47	10.02	1.52488	NA	469	1	NA	NA	NA	NA
chr11	1017307	376	22	5.53	1.52488	NA	398	1	NA	NA	NA	NA
chr11	1017921	452	44	8.87	1.52488	NA	496	1	NA	NA	NA	NA
chr11	1018090	134	12	8.22	1.52488	NA	146	1	NA	NA	NA	NA
chr11	1018091	129	13	9.15	1.52488	NA	142	1	NA	NA	NA	NA
chr11	1018093	137	13	8.67	1.52488	NA	150	1	NA	NA	NA	NA
chr11	1018095	138	11	7.38	1.52488	NA	149	1	NA	NA	NA	NA
chr11	1018289	169	23	11.98	1.52488	NA	192	1	NA	NA	NA	NA
chr11	1018329	131	30	18.63	1.52488	NA	161	1	NA	NA	NA	NA
chr11	1018363	118	18	13.24	1.52488	NA	136	1	NA	NA	NA	NA
chr11	1018379	142	9	5.96	1.52488	NA	151	1	NA	NA	NA	NA
chr11	1268931	30	4	11.76	1.52488	NA	34	1	NA	NA	NA	NA
chr11	13398208	36	9	20	1.52488	NA	45	1	NA	NA	NA	NA
chr11	62996834	23	9	28.12	1.52488	NA	32	1	NA	NA	NA	NA
chr11	65360608	19	2	9.52	1.52488	NA	21	0	NA	NA	NA	NA
chr11	66453042	33	2	5.71	1.52488	NA	35	1	NA	NA	NA	NA
chr11	70118508	42	77	64.71	7.97564	NA	119	1	NA	NA	NA	NA
chr11	89608646	49	13	20.97	1.56244	NA	62	1	NA	NA	NA	NA
chr11	99427015	45	6	11.76	1.56244	NA	51	1	NA	NA	NA	NA
chr11	126142950	32	9	21.95	1.56244	NA	41	1	NA	NA	NA	NA
chr11	134251936	26	2	7.14	1.56244	NA	28	0	NA	NA	NA	NA
chr12	78777	51	6	10.53	1.67923	NA	57	1	NA	NA	NA	NA
chr12	79141	23	7	23.33	1.67923	NA	30	1	NA	NA	NA	NA
chr12	88181	27	7	20.59	1.67923	NA	34	1	NA	NA	NA	NA
chr12	7966908	40	14	25.93	1.67923	NA	54	1	NA	NA	NA	NA
chr12	8375048	22	9	29.03	1.67923	NA	31	1	NA	NA	NA	NA
chr12	11083201	45	5	10	1.67923	NA	50	1	NA	NA	NA	NA
chr12	11174492	107	10	8.55	1.67923	NA	117	1	NA	NA	NA	NA
chr12	11174515	114	8	6.56	1.67923	NA	122	1	NA	NA	NA	NA
chr12	11183174	188	11	5.53	1.67923	NA	199	1	NA	NA	NA	NA
chr12	11214264	160	21	11.6	1.67923	NA	181	1	NA	NA	NA	NA
chr12	11214273	165	21	11.29	1.67923	NA	186	1	NA	NA	NA	NA
chr12	11214299	163	26	13.76	1.67923	NA	189	1	NA	NA	NA	NA
chr12	11214324	136	18	11.69	1.67923	NA	154	1	NA	NA	NA	NA
chr12	31237978	52	7	11.86	1.67923	NA	59	1	NA	NA	NA	NA
chr12	53609407	37	3	7.5	1.67923	NA	40	1	NA	NA	NA	NA
chr12	101368727	41	12	22.64	1.67923	NA	53	1	NA	NA	NA	NA
chr12	123892672	34	12	26.09	1.54296	NA	46	1	NA	NA	NA	NA
chr12	123892684	34	10	22.73	1.54296	NA	44	1	NA	NA	NA	NA
chr12	123892800	40	12	23.08	1.54296	NA	52	1	NA	NA	NA	NA
chr12	123892843	40	6	13.04	1.54296	NA	46	1	NA	NA	NA	NA
chr13	19413073	80	24	23.08	1.69807	NA	104	1	NA	NA	NA	NA
chr13	19413087	66	19	22.35	1.69807	NA	85	1	NA	NA	NA	NA
chr13	19420035	75	10	11.76	1.69807	NA	85	1	NA	NA	NA	NA
chr13	25044054	23	4	14.81	1.69807	NA	27	0	NA	NA	NA	NA
chr13	25044059	27	4	12.9	1.69807	NA	31	1	NA	NA	NA	NA
chr13	25044068	30	4	11.76	1.69807	NA	34	1	NA	NA	NA	NA
chr13	25671465	124	14	10.14	1.69807	NA	138	1	NA	NA	NA	NA
chr13	25671477	107	9	7.76	1.69807	NA	116	1	NA	NA	NA	NA
chr13	50466749	83	11	11.7	1.69807	NA	94	1	NA	NA	NA	NA
chr13	50466754	85	7	7.61	1.69807	NA	92	1	NA	NA	NA	NA
chr13	95815426	62	7	10.14	1.82071	2	69	1	3	1.00000000004114e-09	0.000734495733286249	0.999265506266714
chr13	114603492	50	9	15.25	1.82071	2	59	1	3	1.00385395652117e-09	0.263019796780061	0.736980205216085
chr14	19114436	133	11	7.64	1.61563	NA	144	1	NA	NA	NA	NA
chr14	19114475	134	9	6.29	1.61563	NA	143	1	NA	NA	NA	NA
chr14	19807178	144	20	12.2	1.61563	NA	164	1	NA	NA	NA	NA
chr14	19857036	22	12	35.29	1.61563	NA	34	1	NA	NA	NA	NA
chr14	20019785	100	9	8.26	1.61563	NA	109	1	NA	NA	NA	NA
chr14	20019792	111	14	11.2	1.61563	NA	125	1	NA	NA	NA	NA
chr14	20020194	102	15	12.82	1.61563	NA	117	1	NA	NA	NA	NA
chr14	20020201	99	10	9.17	1.61563	NA	109	1	NA	NA	NA	NA
chr14	20086290	109	20	15.5	1.61563	NA	129	1	NA	NA	NA	NA
chr14	21679176	111	16	12.6	1.61563	NA	127	1	NA	NA	NA	NA
chr14	21679183	107	16	13.01	1.61563	NA	123	1	NA	NA	NA	NA
chr14	21679192	110	15	12	1.61563	NA	125	1	NA	NA	NA	NA
chr14	21679197	106	15	12.4	1.61563	NA	121	1	NA	NA	NA	NA
chr14	21679212	103	12	10.43	1.61563	NA	115	1	NA	NA	NA	NA
chr14	23371268	21	8	27.59	1.61563	NA	29	0	NA	NA	NA	NA
chr14	23886815	20	8	28.57	1.61563	NA	28	0	NA	NA	NA	NA
chr14	65008125	48	2	4	1.61563	NA	50	1	NA	NA	NA	NA
chr14	71051023	60	7	10.45	1.61563	NA	67	1	NA	NA	NA	NA
chr14	89205266	34	8	19.05	1.61563	NA	42	1	NA	NA	NA	NA
chr14	92491794	29	3	9.38	1.61563	NA	32	1	NA	NA	NA	NA
chr15	20083754	57	19	25	1.71475	NA	76	1	NA	NA	NA	NA
chr15	20083800	100	16	13.79	1.71475	NA	116	1	NA	NA	NA	NA
chr15	20083824	97	7	6.73	1.71475	NA	104	1	NA	NA	NA	NA
chr15	20084378	26	9	25.71	1.71475	NA	35	1	NA	NA	NA	NA
chr15	20084381	27	8	22.86	1.71475	NA	35	1	NA	NA	NA	NA
chr15	20362850	61	6	8.96	1.71475	NA	67	1	NA	NA	NA	NA
chr15	20454076	51	3	5.56	1.71475	NA	54	1	NA	NA	NA	NA
chr15	23501265	43	9	17.31	1.71475	NA	52	1	NA	NA	NA	NA
chr15	23501270	41	11	21.15	1.71475	NA	52	1	NA	NA	NA	NA
chr15	23501277	42	13	23.64	1.71475	NA	55	1	NA	NA	NA	NA
chr15	23609707	43	3	6.52	1.71475	NA	46	1	NA	NA	NA	NA
chr15	31093728	19	2	9.52	1.71475	NA	21	0	NA	NA	NA	NA
chr15	42165810	19	2	9.52	1.71475	NA	21	0	NA	NA	NA	NA
chr15	74364467	116	13	10.08	1.71475	NA	129	1	NA	NA	NA	NA
chr15	74364502	123	9	6.82	1.71475	NA	132	1	NA	NA	NA	NA
chr15	74364695	76	10	11.63	1.71475	NA	86	1	NA	NA	NA	NA
chr15	75651040	20	10	33.33	1.71475	NA	30	1	NA	NA	NA	NA
chr15	75655006	20	2	9.09	1.71475	NA	22	0	NA	NA	NA	NA
chr15	76030058	33	18	35.29	1.71475	NA	51	1	NA	NA	NA	NA
chr15	76030074	45	27	37.5	1.71475	NA	72	1	NA	NA	NA	NA
chr15	76030075	47	27	36.49	1.71475	NA	74	1	NA	NA	NA	NA
chr15	76030078	46	27	36.99	1.71475	NA	73	1	NA	NA	NA	NA
chr15	76030115	72	32	30.77	1.71475	NA	104	1	NA	NA	NA	NA
chr15	76030135	77	31	28.7	1.71475	NA	108	1	NA	NA	NA	NA
chr15	78211079	29	8	21.62	1.71475	NA	37	1	NA	NA	NA	NA
chr15	82530786	29	21	42	1.71475	NA	50	1	NA	NA	NA	NA
chr15	82808471	120	8	6.25	1.71475	NA	128	1	NA	NA	NA	NA
chr15	83328158	58	11	15.94	1.71475	NA	69	1	NA	NA	NA	NA
chr15	84909248	31	6	16.22	1.71475	NA	37	1	NA	NA	NA	NA
chr15	84909434	84	15	15.15	1.71475	NA	99	1	NA	NA	NA	NA
chr15	90195839	19	2	9.52	1.71475	NA	21	0	NA	NA	NA	NA
chr15	90838492	40	5	11.11	1.71475	NA	45	1	NA	NA	NA	NA
chr15	96875647	38	2	5	1.71475	NA	40	1	NA	NA	NA	NA
chr15	100333090	45	15	25	1.71475	NA	60	1	NA	NA	NA	NA
chr15	100338245	31	2	6.06	1.71475	NA	33	1	NA	NA	NA	NA
chr15	102304960	38	3	7.32	1.71475	NA	41	1	NA	NA	NA	NA
chr15	102501622	23	9	28.12	1.71475	NA	32	1	NA	NA	NA	NA
chr15	102512965	36	9	20	1.71475	NA	45	1	NA	NA	NA	NA
chr15	102515149	43	10	18.87	1.71475	NA	53	1	NA	NA	NA	NA
chr16	63519	58	8	12.12	1.72238	NA	66	1	NA	NA	NA	NA
chr16	67254	18	7	28	1.72238	NA	25	0	NA	NA	NA	NA
chr16	4405327	26	2	7.14	1.72238	NA	28	0	NA	NA	NA	NA
chr16	22563785	54	13	19.4	1.72238	NA	67	1	NA	NA	NA	NA
chr16	29496770	147	10	6.37	1.72238	NA	157	1	NA	NA	NA	NA
chr16	30770431	36	3	7.69	1.72238	NA	39	1	NA	NA	NA	NA
chr16	33497481	38	18	32.14	1.72238	NA	56	1	NA	NA	NA	NA
chr16	33530772	108	21	16.28	1.72238	NA	129	1	NA	NA	NA	NA
chr16	33530831	90	15	14.29	1.72238	NA	105	1	NA	NA	NA	NA
chr16	33781448	55	10	15.38	1.72238	NA	65	1	NA	NA	NA	NA
chr16	33942049	291	13	4.28	1.72238	NA	304	1	NA	NA	NA	NA
chr16	33961506	16	4	20	1.72238	NA	20	0	NA	NA	NA	NA
chr16	67683224	41	5	10.87	1.72238	NA	46	1	NA	NA	NA	NA
chr16	69985248	255	12	4.49	1.72238	NA	267	1	NA	NA	NA	NA
chr16	90235838	176	8	4.35	1.72238	NA	184	1	NA	NA	NA	NA
chr16	90235917	109	5	4.39	1.72238	NA	114	1	NA	NA	NA	NA
chr16	90236014	32	4	11.11	1.72238	NA	36	1	NA	NA	NA	NA
chr16	90236519	50	13	20.63	1.72238	NA	63	1	NA	NA	NA	NA
chr17	417070	58	4	6.45	1.41441	NA	62	1	NA	NA	NA	NA
chr17	417596	297	29	8.9	1.41441	NA	326	1	NA	NA	NA	NA
chr17	417597	297	30	9.17	1.41441	NA	327	1	NA	NA	NA	NA
chr17	657368	26	3	10.34	1.41441	NA	29	0	NA	NA	NA	NA
chr17	1374481	39	2	4.88	1.41441	NA	41	1	NA	NA	NA	NA
chr17	6025055	27	5	15.62	1.41441	NA	32	1	NA	NA	NA	NA
chr17	15517237	21	8	27.59	1.54339	NA	29	0	NA	NA	NA	NA
chr17	15517284	26	5	16.13	1.54339	NA	31	1	NA	NA	NA	NA
chr17	16097870	48	5	9.43	1.54339	NA	53	1	NA	NA	NA	NA
chr17	18652946	44	11	20	1.54339	NA	55	1	NA	NA	NA	NA
chr17	20768132	188	61	24.5	1.54339	NA	249	1	NA	NA	NA	NA
chr17	20768134	188	61	24.5	1.54339	NA	249	1	NA	NA	NA	NA
chr17	20768137	197	61	23.64	1.54339	NA	258	1	NA	NA	NA	NA
chr17	20768142	201	62	23.57	1.54339	NA	263	1	NA	NA	NA	NA
chr17	20768447	192	95	33.1	1.54339	NA	287	1	NA	NA	NA	NA
chr17	20768458	191	85	30.8	1.54339	NA	276	1	NA	NA	NA	NA
chr17	21319767	66	69	51.11	1.54339	NA	135	1	NA	NA	NA	NA
chr17	21319860	30	29	49.15	1.54339	NA	59	1	NA	NA	NA	NA
chr17	21904533	149	13	8.02	1.59162	NA	162	1	NA	NA	NA	NA
chr17	36203213	20	8	28.57	1.59162	NA	28	0	NA	NA	NA	NA
chr17	36203214	20	8	28.57	1.59162	NA	28	0	NA	NA	NA	NA
chr17	36203228	19	6	24	1.59162	NA	25	0	NA	NA	NA	NA
chr17	36348979	79	9	10.23	1.59162	NA	88	1	NA	NA	NA	NA
chr17	39254054	76	5	6.17	1.59162	NA	81	1	NA	NA	NA	NA
chr17	39296145	37	20	35.09	1.59162	NA	57	1	NA	NA	NA	NA
chr17	39389466	161	10	5.85	1.59162	NA	171	1	NA	NA	NA	NA
chr17	39389475	155	10	6.06	1.59162	NA	165	1	NA	NA	NA	NA
chr17	39389509	155	10	6.06	1.59162	NA	165	1	NA	NA	NA	NA
chr17	45214536	255	12	4.49	1.59162	NA	267	1	NA	NA	NA	NA
chr17	45214690	131	26	16.56	1.59162	NA	157	1	NA	NA	NA	NA
chr17	45214696	148	8	5.13	1.59162	NA	156	1	NA	NA	NA	NA
chr17	45221281	34	10	22.73	1.59162	NA	44	1	NA	NA	NA	NA
chr17	45229200	40	22	35.48	1.59162	NA	62	1	NA	NA	NA	NA
chr17	45229207	46	25	35.21	1.59162	NA	71	1	NA	NA	NA	NA
chr17	45229209	45	27	37.5	1.59162	NA	72	1	NA	NA	NA	NA
chr17	45229221	50	31	38.27	1.59162	NA	81	1	NA	NA	NA	NA
chr17	45229228	48	31	39.24	1.59162	NA	79	1	NA	NA	NA	NA
chr17	45229234	51	33	39.29	1.59162	NA	84	1	NA	NA	NA	NA
chr17	45229240	53	32	37.65	1.59162	NA	85	1	NA	NA	NA	NA
chr17	45229253	54	25	31.65	1.59162	NA	79	1	NA	NA	NA	NA
chr17	45229254	56	26	31.71	1.59162	NA	82	1	NA	NA	NA	NA
chr17	45229261	53	25	32.05	1.59162	NA	78	1	NA	NA	NA	NA
chr17	45234417	299	56	15.77	1.59162	NA	355	1	NA	NA	NA	NA
chr17	45234432	293	19	6.09	1.59162	NA	312	1	NA	NA	NA	NA
chr17	45234449	312	47	13.09	1.59162	NA	359	1	NA	NA	NA	NA
chr17	45234707	83	16	16.16	1.59162	NA	99	1	NA	NA	NA	NA
chr17	45234710	90	10	10	1.59162	NA	100	1	NA	NA	NA	NA
chr17	47699400	38	18	32.14	1.59162	NA	56	1	NA	NA	NA	NA
chr17	48247689	20	2	9.09	1.59162	NA	22	0	NA	NA	NA	NA
chr17	48627688	34	2	5.56	1.59162	NA	36	1	NA	NA	NA	NA
chr17	61771783	70	8	10.26	1.73171	NA	78	1	NA	NA	NA	NA
chr17	61771828	61	4	6.15	1.73171	NA	65	1	NA	NA	NA	NA
chr17	61771852	60	6	9.09	1.73171	NA	66	1	NA	NA	NA	NA
chr17	61773096	51	9	15	1.73171	NA	60	1	NA	NA	NA	NA
chr17	61773121	38	5	11.63	1.73171	NA	43	1	NA	NA	NA	NA
chr17	61774390	59	5	7.81	1.73171	NA	64	1	NA	NA	NA	NA
chr17	61775070	52	4	7.14	1.73171	NA	56	1	NA	NA	NA	NA
chr17	75212359	84	7	7.69	1.73171	NA	91	1	NA	NA	NA	NA
chr18	6462867	112	10	8.2	1.53826	NA	122	1	NA	NA	NA	NA
chr18	6462873	106	10	8.62	1.53826	NA	116	1	NA	NA	NA	NA
chr18	6462892	112	6	5.08	1.53826	NA	118	1	NA	NA	NA	NA
chr18	6462903	97	5	4.9	1.53826	NA	102	1	NA	NA	NA	NA
chr18	6462911	96	5	4.95	1.53826	NA	101	1	NA	NA	NA	NA
chr18	14183814	122	28	18.67	1.53826	NA	150	1	NA	NA	NA	NA
chr18	14183823	132	16	10.81	1.53826	NA	148	1	NA	NA	NA	NA
chr18	14183848	128	13	9.22	1.53826	NA	141	1	NA	NA	NA	NA
chr18	14184151	97	15	13.39	1.53826	NA	112	1	NA	NA	NA	NA
chr18	14221171	65	22	25.29	1.53826	NA	87	1	NA	NA	NA	NA
chr18	14341525	53	4	7.02	1.53826	NA	57	1	NA	NA	NA	NA
chr18	14341531	62	5	7.46	1.53826	NA	67	1	NA	NA	NA	NA
chr18	14341535	62	5	7.46	1.53826	NA	67	1	NA	NA	NA	NA
chr18	14341581	94	9	8.74	1.53826	NA	103	1	NA	NA	NA	NA
chr18	14341586	95	7	6.86	1.53826	NA	102	1	NA	NA	NA	NA
chr18	14341590	102	10	8.93	1.53826	NA	112	1	NA	NA	NA	NA
chr18	14341599	103	9	8.04	1.53826	NA	112	1	NA	NA	NA	NA
chr18	14341741	54	6	10	1.53826	NA	60	1	NA	NA	NA	NA
chr18	14341751	49	8	14.04	1.53826	NA	57	1	NA	NA	NA	NA
chr18	14341753	49	7	12.5	1.53826	NA	56	1	NA	NA	NA	NA
chr18	14341754	49	8	14.04	1.53826	NA	57	1	NA	NA	NA	NA
chr18	14341763	38	8	17.39	1.53826	NA	46	1	NA	NA	NA	NA
chr18	14341789	31	8	20.51	1.53826	NA	39	1	NA	NA	NA	NA
chr18	14779904	22	6	21.43	1.53826	NA	28	0	NA	NA	NA	NA
chr18	14779910	25	6	19.35	1.53826	NA	31	1	NA	NA	NA	NA
chr18	14779919	26	6	18.75	1.53826	NA	32	1	NA	NA	NA	NA
chr18	14779920	27	6	18.18	1.53826	NA	33	1	NA	NA	NA	NA
chr18	14779925	24	6	20	1.53826	NA	30	1	NA	NA	NA	NA
chr18	14779940	27	7	20.59	1.53826	NA	34	1	NA	NA	NA	NA
chr18	14779941	28	7	20	1.53826	NA	35	1	NA	NA	NA	NA
chr18	15271128	103	10	8.85	1.53826	NA	113	1	NA	NA	NA	NA
chr18	15271139	89	10	10.1	1.53826	NA	99	1	NA	NA	NA	NA
chr18	15271452	91	6	6.19	1.53826	NA	97	1	NA	NA	NA	NA
chr18	15316589	81	7	7.95	1.53826	NA	88	1	NA	NA	NA	NA
chr18	15316627	92	14	13.21	1.53826	NA	106	1	NA	NA	NA	NA
chr18	15325639	90	9	9.09	1.53826	NA	99	1	NA	NA	NA	NA
chr18	61164602	24	95	79.83	5.78173	NA	119	1	NA	NA	NA	NA
chr19	199983	30	5	14.29	1.57342	NA	35	1	NA	NA	NA	NA
chr19	2988224	21	5	19.23	1.7188	NA	26	0	NA	NA	NA	NA
chr19	4511491	62	18	22.5	1.7188	NA	80	1	NA	NA	NA	NA
chr19	8993450	52	7	11.86	1.7188	NA	59	1	NA	NA	NA	NA
chr19	8993452	53	7	11.67	1.7188	NA	60	1	NA	NA	NA	NA
chr19	8999479	104	11	9.57	1.7188	NA	115	1	NA	NA	NA	NA
chr19	9000206	31	9	22.5	1.7188	NA	40	1	NA	NA	NA	NA
chr19	9002430	22	9	29.03	1.7188	NA	31	1	NA	NA	NA	NA
chr19	9002434	25	8	24.24	1.7188	NA	33	1	NA	NA	NA	NA
chr19	9002438	24	9	27.27	1.7188	NA	33	1	NA	NA	NA	NA
chr19	9002447	26	9	25.71	1.7188	NA	35	1	NA	NA	NA	NA
chr19	9002448	28	9	24.32	1.7188	NA	37	1	NA	NA	NA	NA
chr19	9002451	26	8	23.53	1.7188	NA	34	1	NA	NA	NA	NA
chr19	9002454	24	7	22.58	1.7188	NA	31	1	NA	NA	NA	NA
chr19	9020748	43	9	17.31	1.7188	NA	52	1	NA	NA	NA	NA
chr19	9020811	55	6	9.84	1.7188	NA	61	1	NA	NA	NA	NA
chr19	11537417	17	12	41.38	1.7188	NA	29	0	NA	NA	NA	NA
chr19	16601361	33	3	8.33	1.7188	NA	36	1	NA	NA	NA	NA
chr19	17927663	34	3	8.11	1.7188	NA	37	1	NA	NA	NA	NA
chr19	19381814	18	2	10	1.7188	NA	20	0	NA	NA	NA	NA
chr19	21569146	76	8	9.52	1.7188	NA	84	1	NA	NA	NA	NA
chr19	45573254	19	2	9.52	1.69702	NA	21	0	NA	NA	NA	NA
chr19	48453662	395	34	7.93	1.69702	NA	429	1	NA	NA	NA	NA
chr19	49536364	22	2	8.33	1.69702	NA	24	0	NA	NA	NA	NA
chr19	50204150	18	4	18.18	1.69702	NA	22	0	NA	NA	NA	NA
chr19	53117017	53	15	22.06	1.69702	NA	68	1	NA	NA	NA	NA
chr19	54745989	21	7	25	1.69702	NA	28	0	NA	NA	NA	NA
chr19	56274193	78	6	7.14	1.69702	NA	84	1	NA	NA	NA	NA
chr2	905609	92	9	8.91	1.79676	2	101	1	3	1.00000000000011e-09	0.000103581251859996	0.99989642074814
chr2	905702	48	6	11.11	1.79676	2	54	1	3	1.00000000270628e-09	0.00292612461129625	0.997073877388704
chr2	905828	123	6	4.65	1.79676	2	129	1	3	1e-09	6.45447101133309e-09	0.999999995545529
chr2	39185385	22	4	15.38	1.79676	2	26	0	NA	NA	NA	NA
chr2	69002374	33	2	5.71	1.79676	2	35	1	3	1e-09	1.23373443101179e-07	0.999999878626557
chr2	73927640	24	5	17.24	1.79676	2	29	0	NA	NA	NA	NA
chr2	89100995	18	5	21.74	1.77522	2	23	0	NA	NA	NA	NA
chr2	89101006	16	9	36	1.77522	2	25	0	NA	NA	NA	NA
chr2	91963908	14	6	30	1.77522	2	20	0	NA	NA	NA	NA
chr2	91968795	38	8	17.39	1.77522	2	46	1	2	1.56706809713273e-09	0.723246134327027	0.276753867105905
chr2	91968798	36	10	21.74	1.77522	2	46	1	2	6.37754327146795e-07	0.987214238746975	0.0127851264986982
chr2	91969082	79	11	12.22	1.77522	2	90	1	3	1.00000020974456e-09	0.0122740319678589	0.987725970032141
chr2	92031108	21	10	32.26	1.77522	2	31	1	2	0.0669069943830237	0.933062767774481	3.02408424955272e-05
chr2	92080473	50	10	16.67	1.77522	2	60	1	2	1.12635262522022e-09	0.579196760128184	0.420803241745463
chr2	92102193	122	27	18.12	1.77522	2	149	1	2	3.25245822613435e-09	0.829793402499413	0.170206597248129
chr2	95425088	69	9	11.54	1.77522	2	78	1	3	1.000000015373e-09	0.00519084336351975	0.99480915863648
chr2	95474269	80	20	20	1.77522	2	100	1	2	5.16649067449078e-08	0.956112304158654	0.0438876471764388
chr2	95474366	62	4	6.06	1.77522	2	66	1	3	1e-09	3.02353032116767e-07	0.999999699646968
chr2	95474367	61	4	6.15	1.77522	2	65	1	3	1e-09	3.77761255044876e-07	0.999999624238745
chr2	95509782	52	14	21.21	1.77522	2	66	1	2	3.03607539754994e-07	0.981516032014892	0.0184836673775685
chr2	95511185	104	16	13.33	1.77522	2	120	1	3	1.00001079731778e-09	0.0443560694122078	0.955643932587781
chr2	95511218	85	12	12.37	1.77522	2	97	1	3	1.00000036556732e-09	0.0147302839941585	0.985269718005841
chr2	95512033	71	43	37.72	1.77522	2	114	1	1	0.861960417677816	0.138039168584697	4.16737486973297e-07
chr2	95513734	136	35	20.47	1.77522	2	171	1	2	1.04067979651584e-07	0.968736683193437	0.0312632157385833
chr2	95542415	17	3	15	1.77522	2	20	0	NA	NA	NA	NA
chr2	96519581	105	7	6.25	1.77522	2	112	1	3	1e-09	4.82042532080447e-07	0.999999519957468
chr2	96521541	639	38	5.61	1.77522	2	677	1	3	1e-09	9.46374776130397e-08	0.999999907362522
chr2	96525453	20	5	20	1.77522	2	25	0	NA	NA	NA	NA
chr2	96601507	60	14	18.92	1.77522	2	74	1	2	1.00216307247781e-08	0.903726145943813	0.0962738470345558
chr2	96604785	76	40	34.48	1.77522	2	116	1	2	0.327047750336103	0.672944316206407	7.93645748974527e-06
chr2	96604799	70	26	27.08	1.77522	2	96	1	2	0.000435165896464385	0.999103015066386	0.000461822037149835
chr2	96604810	75	9	10.71	1.77522	2	84	1	3	1.00000000050478e-09	0.00168076037980997	0.99831924162019
chr2	96610525	39	10	20.41	1.77522	2	49	1	2	9.52478012340663e-08	0.967359755085465	0.0326401526667339
chr2	96616607	23	8	25.81	1.77522	2	31	1	2	0.000105633011942136	0.998937137504621	0.000957232483436438
chr2	97845699	37	36	49.32	1.77522	2	73	1	1	0.999896602433943	0.000103399560793917	1.00526289800645e-09
chr2	98128326	359	31	7.95	1.77522	2	390	1	3	1e-09	1.84152079443945e-05	0.999981586792055
chr2	107040985	77	26	25.24	1.77522	2	103	1	2	5.45761978079445e-05	0.998602480834467	0.00134294596772477
chr2	109278635	66	12	15.38	1.77522	2	78	1	3	1.00547486029328e-09	0.288712578788503	0.711287423206022
chr2	114256978	41	12	22.64	1.77522	2	53	1	2	2.15065280059136e-06	0.993047467674425	0.00695038467277395
chr2	114257443	37	9	19.57	1.77522	2	46	1	2	2.69260858433943e-08	0.940003831202444	0.0599961448714706
chr2	114271135	26	8	23.53	1.77522	2	34	1	2	6.79713177844693e-06	0.996109147982214	0.00388405788600743
chr2	114353103	75	5	6.25	1.77522	2	80	1	3	1e-09	4.82042532080447e-07	0.999999519957468
chr2	114353104	75	5	6.25	1.77522	2	80	1	3	1e-09	4.82042532080447e-07	0.999999519957468
chr2	114357714	85	8	8.6	1.77522	2	93	1	3	1.00000000000002e-09	6.05728000443889e-05	0.999939429199955
chr2	114377288	18	8	30.77	1.77522	2	26	0	NA	NA	NA	NA
chr2	130796674	28	13	31.71	1.77522	2	41	1	2	0.041793580077289	0.958166100243959	4.03226787516491e-05
chr2	130796721	26	8	23.53	1.77522	2	34	1	2	6.79713177844693e-06	0.996109147982214	0.00388405788600743
chr2	130807680	81	21	20.59	1.77522	2	102	1	2	1.24138372337464e-07	0.971312975893986	0.0286869029676414
chr2	131414707	24	3	11.11	1.77522	2	27	0	NA	NA	NA	NA
chr2	132273364	17	2	10.53	1.77522	2	19	0	NA	NA	NA	NA
chr2	132861758	82	24	22.64	1.77522	2	106	1	2	2.15065280059136e-06	0.993047467674425	0.00695038467277395
chr2	132861935	63	7	10	1.77522	2	70	1	3	1.00000000002174e-09	0.000595050707578065	0.999404951292422
chr2	133015041	36	6	14.29	1.77522	2	42	1	3	1.00023833239711e-09	0.11753402203925	0.882465979960511
chr2	133015043	38	6	13.64	1.77522	2	44	1	3	1.00003028768686e-09	0.0617069277246879	0.938293074275282
chr2	133015155	164	20	10.87	1.77522	2	184	1	3	1.00000000099566e-09	0.00210337658067107	0.997896625419329
chr2	133015191	274	44	13.84	1.77522	2	318	1	3	1.00005797753474e-09	0.0757866806768426	0.924213321323099
chr2	133015195	280	48	14.63	1.77522	2	328	1	3	1.00066297730867e-09	0.159823875138982	0.840176126860355
chr2	133015216	297	37	11.08	1.77522	2	334	1	3	1.00000000239122e-09	0.00280897365897664	0.997191028341023
chr2	133015228	306	18	5.56	1.77522	2	324	1	3	1e-09	8.27620853738717e-08	0.999999919237915
chr2	133015230	300	25	7.69	1.77522	2	325	1	3	1e-09	1.11276963301317e-05	0.99998887430367
chr2	133015245	249	19	7.09	1.77522	2	268	1	3	1e-09	3.25085636192606e-06	0.999996751143638
chr2	133015252	231	20	7.97	1.77522	2	251	1	3	1e-09	1.91296969920464e-05	0.999980872303008
chr2	133015276	168	21	11.11	1.77522	2	189	1	3	1.00000000270628e-09	0.00292612461129625	0.997073877388704
chr2	133015299	214	18	7.76	1.77522	2	232	1	3	1e-09	1.27650766444776e-05	0.999987236923355
chr2	133015300	195	37	15.95	1.77522	2	232	1	3	1.02365875100537e-09	0.413398250539591	0.586601751436751
chr2	133015301	214	12	5.31	1.77522	2	226	1	3	1e-09	4.17274854305349e-08	0.999999960272514
chr2	133015309	218	26	10.66	1.77522	2	244	1	3	1.00000000040737e-09	0.00156587960510105	0.998434122394899
chr2	133015321	235	35	12.96	1.77522	2	270	1	3	1.00000303073535e-09	0.0294032460256143	0.970596755974383
chr2	133015333	217	24	9.96	1.77522	2	241	1	3	1.00000000001809e-09	0.000560005581509548	0.99943999641849
chr2	133015525	87	10	10.31	1.77522	2	97	1	3	1.00000000008819e-09	0.000944752410934514	0.999055249589066
chr2	172231763	94	11	10.48	1.77522	2	105	1	3	1.00000000018665e-09	0.00121013746170688	0.998789864538293
chr2	197541982	41	3	6.82	1.77522	2	44	1	3	1e-09	1.80572139648552e-06	0.999998196278603
chr2	212243037	48	8	14.29	1.77522	2	56	1	3	1.00023833239711e-09	0.11753402203925	0.882465979960511
chr2	242794056	20	2	9.09	1.77522	2	22	0	NA	NA	NA	NA
chr20	25752826	150	45	23.08	3.43831	NA	195	1	NA	NA	NA	NA
chr20	25753455	95	17	15.18	3.43831	NA	112	1	NA	NA	NA	NA
chr20	25753463	99	11	10	3.43831	NA	110	1	NA	NA	NA	NA
chr20	25753480	95	13	12.04	3.43831	NA	108	1	NA	NA	NA	NA
chr20	25753564	125	22	14.97	3.43831	NA	147	1	NA	NA	NA	NA
chr20	25753571	142	25	14.97	3.43831	NA	167	1	NA	NA	NA	NA
chr20	25753574	146	20	12.05	3.43831	NA	166	1	NA	NA	NA	NA
chr20	26189376	129	10	7.19	1.76761	2	139	1	3	1e-09	4.01905994003331e-06	0.99999598294006
chr20	29624093	197	20	9.22	1.76761	2	217	1	3	1.00000000000052e-09	0.000173903788376384	0.999826098211623
chr20	29624182	98	11	10.09	1.76761	2	109	1	3	1.0000000000328e-09	0.00068152360731719	0.999318478392683
chr20	29624203	124	11	8.15	1.76761	2	135	1	3	1e-09	2.68320089734185e-05	0.999973169991026
chr20	29625941	345	25	6.76	1.76761	2	370	1	3	1e-09	1.57959500708166e-06	0.999998422404993
chr20	29628251	269	25	8.5	1.76761	2	294	1	3	1.00000000000001e-09	5.07364382389475e-05	0.999949265561761
chr20	29628300	153	8	4.97	1.76761	2	161	1	3	1e-09	1.59474450023661e-08	0.999999986052555
chr20	29632562	172	13	7.03	1.76761	2	185	1	3	1e-09	2.85824293664985e-06	0.999997143757063
chr20	29632583	267	27	9.18	1.76761	2	294	1	3	1.00000000000043e-09	0.000162818062765113	0.999837183937235
chr20	29632660	468	36	7.14	1.76761	2	504	1	3	1e-09	3.61594374931536e-06	0.999996386056251
chr20	29632673	490	37	7.02	1.76761	2	527	1	3	1e-09	2.79728423010157e-06	0.99999720471577
chr20	29632775	309	19	5.79	1.76761	2	328	1	3	1e-09	1.52085001354376e-07	0.999999849914998
chr20	29632782	281	18	6.02	1.76761	2	299	1	3	1e-09	2.73587248639151e-07	0.999999728412751
chr20	29633901	207	19	8.41	1.76761	2	226	1	3	1.00000000000001e-09	4.31797497961769e-05	0.999956822250204
chr20	29633992	257	18	6.55	1.76761	2	275	1	3	1e-09	9.79680494639684e-07	0.999999022319505
chr20	29638058	269	17	5.94	1.76761	2	286	1	3	1e-09	2.23582262800782e-07	0.999999778417737
chr20	30585205	21	2	8.7	1.76761	2	23	0	NA	NA	NA	NA
chr20	50235341	13	8	38.1	1.76761	2	21	0	NA	NA	NA	NA
chr20	62551384	65	10	13.33	1.76761	2	75	1	3	1.00001079731778e-09	0.0443560694122078	0.955643932587781
chr21	9865820	372	17	4.37	1.4871	NA	389	1	NA	NA	NA	NA
chr21	9865872	334	18	5.11	1.4871	NA	352	1	NA	NA	NA	NA
chr21	9910448	25	3	10.71	1.4871	NA	28	0	NA	NA	NA	NA
chr21	9912192	37	10	21.28	1.4871	NA	47	1	NA	NA	NA	NA
chr21	9921624	38	5	11.63	1.4871	NA	43	1	NA	NA	NA	NA
chr21	9926637	40	4	9.09	1.4871	NA	44	1	NA	NA	NA	NA
chr21	9926645	43	4	8.51	1.4871	NA	47	1	NA	NA	NA	NA
chr21	9926795	49	9	15.52	1.4871	NA	58	1	NA	NA	NA	NA
chr21	9927034	182	14	7.14	1.4871	NA	196	1	NA	NA	NA	NA
chr21	10164526	31	4	11.43	1.4871	NA	35	1	NA	NA	NA	NA
chr21	10914687	76	16	17.39	1.4871	NA	92	1	NA	NA	NA	NA
chr21	11020830	142	11	7.19	1.4871	NA	153	1	NA	NA	NA	NA
chr21	11020831	143	7	4.67	1.4871	NA	150	1	NA	NA	NA	NA
chr21	11020869	134	57	29.84	1.4871	NA	191	1	NA	NA	NA	NA
chr21	11021042	194	38	16.38	1.4871	NA	232	1	NA	NA	NA	NA
chr21	11029536	77	6	7.23	1.4871	NA	83	1	NA	NA	NA	NA
chr21	14982519	226	10	4.24	1.4871	NA	236	1	NA	NA	NA	NA
chr21	15216214	41	9	18	1.4871	NA	50	1	NA	NA	NA	NA
chr21	15216223	49	9	15.52	1.4871	NA	58	1	NA	NA	NA	NA
chr21	15216224	50	9	15.25	1.4871	NA	59	1	NA	NA	NA	NA
chr21	15216236	58	15	20.55	1.4871	NA	73	1	NA	NA	NA	NA
chr21	15219244	93	13	12.26	1.4871	NA	106	1	NA	NA	NA	NA
chr21	15219253	87	13	13	1.4871	NA	100	1	NA	NA	NA	NA
chr21	15219258	95	13	12.04	1.4871	NA	108	1	NA	NA	NA	NA
chr21	15219261	95	12	11.21	1.4871	NA	107	1	NA	NA	NA	NA
chr21	15219265	101	13	11.4	1.4871	NA	114	1	NA	NA	NA	NA
chr21	15219267	100	13	11.5	1.4871	NA	113	1	NA	NA	NA	NA
chr21	15219271	96	13	11.93	1.4871	NA	109	1	NA	NA	NA	NA
chr21	15219284	103	34	24.82	1.4871	NA	137	1	NA	NA	NA	NA
chr21	15219302	111	33	22.92	1.4871	NA	144	1	NA	NA	NA	NA
chr21	15219304	111	33	22.92	1.4871	NA	144	1	NA	NA	NA	NA
chr21	15219328	99	24	19.51	1.4871	NA	123	1	NA	NA	NA	NA
chr21	15219367	75	21	21.88	1.4871	NA	96	1	NA	NA	NA	NA
chr21	32496844	18	3	14.29	1.4871	NA	21	0	NA	NA	NA	NA
chr21	43543206	19	2	9.52	1.4871	NA	21	0	NA	NA	NA	NA
chr21	45993851	34	5	12.82	1.4871	NA	39	1	NA	NA	NA	NA
chr21	46020720	12	34	73.91	1.4871	NA	46	1	NA	NA	NA	NA
chr21	46020721	13	36	73.47	1.4871	NA	49	1	NA	NA	NA	NA
chr22	16256427	142	19	11.8	1.56689	NA	161	1	NA	NA	NA	NA
chr22	17378438	90	9	9.09	1.56689	NA	99	1	NA	NA	NA	NA
chr22	18769073	93	10	9.71	1.56689	NA	103	1	NA	NA	NA	NA
chr22	18839397	55	11	16.67	1.56689	NA	66	1	NA	NA	NA	NA
chr22	18842496	112	39	25.83	1.56689	NA	151	1	NA	NA	NA	NA
chr22	18846187	23	3	11.54	1.56689	NA	26	0	NA	NA	NA	NA
chr22	20101061	18	2	10	1.56689	NA	20	0	NA	NA	NA	NA
chr22	21637007	37	5	11.9	1.56689	NA	42	1	NA	NA	NA	NA
chr22	22985902	166	24	12.63	1.56689	NA	190	1	NA	NA	NA	NA
chr22	23660709	61	14	18.67	1.56689	NA	75	1	NA	NA	NA	NA
chr22	23660740	54	14	20.59	1.56689	NA	68	1	NA	NA	NA	NA
chr22	24645374	17	3	15	1.56689	NA	20	0	NA	NA	NA	NA
chr22	24645386	17	3	15	1.56689	NA	20	0	NA	NA	NA	NA
chr22	24645404	17	3	15	1.56689	NA	20	0	NA	NA	NA	NA
chr22	24659644	94	12	11.32	1.56689	NA	106	1	NA	NA	NA	NA
chr22	24659764	87	5	5.43	1.56689	NA	92	1	NA	NA	NA	NA
chr22	24659809	67	5	6.94	1.56689	NA	72	1	NA	NA	NA	NA
chr22	24659813	69	4	5.48	1.56689	NA	73	1	NA	NA	NA	NA
chr22	25004095	16	7	30.43	1.56689	NA	23	0	NA	NA	NA	NA
chr22	25024275	94	24	20.34	1.56689	NA	118	1	NA	NA	NA	NA
chr22	25024296	82	5	5.75	1.56689	NA	87	1	NA	NA	NA	NA
chr22	25045020	106	5	4.5	1.56689	NA	111	1	NA	NA	NA	NA
chr22	25053827	194	22	10.19	1.56689	NA	216	1	NA	NA	NA	NA
chr22	29085269	31	9	22.5	1.56689	NA	40	1	NA	NA	NA	NA
chr22	38710272	18	2	10	1.56689	NA	20	0	NA	NA	NA	NA
chr22	44368860	21	6	22.22	1.56689	NA	27	0	NA	NA	NA	NA
chr22	45133100	29	3	9.38	1.56689	NA	32	1	NA	NA	NA	NA
chr22	45767392	49	10	16.95	1.56689	NA	59	1	NA	NA	NA	NA
chr22	46795778	20	2	9.09	1.56689	NA	22	0	NA	NA	NA	NA
chr22	50716973	18	2	10	1.56689	NA	20	0	NA	NA	NA	NA
chr22	50927598	23	2	8	1.56689	NA	25	0	NA	NA	NA	NA
chr22	51220734	39	8	17.02	1.56689	NA	47	1	NA	NA	NA	NA
chr3	23848849	40	11	21.57	1.73159	NA	51	1	NA	NA	NA	NA
chr3	38805169	27	5	15.62	1.73159	NA	32	1	NA	NA	NA	NA
chr3	47888910	27	2	6.9	1.73159	NA	29	0	NA	NA	NA	NA
chr3	48491396	17	5	22.73	1.73159	NA	22	0	NA	NA	NA	NA
chr3	49054129	28	3	9.68	1.73159	NA	31	1	NA	NA	NA	NA
chr3	50380357	25	3	10.71	1.73159	NA	28	0	NA	NA	NA	NA
chr3	52020403	18	2	10	1.73159	NA	20	0	NA	NA	NA	NA
chr3	75713955	91	7	7.14	1.73159	NA	98	1	NA	NA	NA	NA
chr3	75714532	44	48	52.17	1.73159	NA	92	1	NA	NA	NA	NA
chr3	75714541	66	33	33.33	1.73159	NA	99	1	NA	NA	NA	NA
chr3	75715340	164	139	45.87	1.73159	NA	303	1	NA	NA	NA	NA
chr3	126201024	32	2	5.88	1.73159	NA	34	1	NA	NA	NA	NA
chr3	133653026	23	4	14.81	1.73159	NA	27	0	NA	NA	NA	NA
chr3	167277900	43	7	14	1.73159	NA	50	1	NA	NA	NA	NA
chr3	195453389	24	2	7.69	1.73159	NA	26	0	NA	NA	NA	NA
chr3	195506245	103	12	10.43	1.73159	NA	115	1	NA	NA	NA	NA
chr3	195506267	69	13	15.85	1.73159	NA	82	1	NA	NA	NA	NA
chr3	195506271	64	14	17.95	1.73159	NA	78	1	NA	NA	NA	NA
chr3	195506387	103	6	5.5	1.73159	NA	109	1	NA	NA	NA	NA
chr3	195507059	133	13	8.9	1.73159	NA	146	1	NA	NA	NA	NA
chr3	195507251	253	29	10.28	1.73159	NA	282	1	NA	NA	NA	NA
chr3	195507591	149	50	25.13	1.73159	NA	199	1	NA	NA	NA	NA
chr3	195507592	238	15	5.93	1.73159	NA	253	1	NA	NA	NA	NA
chr3	195507604	182	37	16.89	1.73159	NA	219	1	NA	NA	NA	NA
chr3	195507605	210	19	8.3	1.73159	NA	229	1	NA	NA	NA	NA
chr3	195507614	194	20	9.35	1.73159	NA	214	1	NA	NA	NA	NA
chr3	195507620	202	17	7.76	1.73159	NA	219	1	NA	NA	NA	NA
chr3	195507666	189	17	8.25	1.73159	NA	206	1	NA	NA	NA	NA
chr3	195507673	187	15	7.43	1.73159	NA	202	1	NA	NA	NA	NA
chr3	195509832	243	29	10.66	1.73159	NA	272	1	NA	NA	NA	NA
chr3	195510121	101	10	9.01	1.73159	NA	111	1	NA	NA	NA	NA
chr3	195510133	97	9	8.49	1.73159	NA	106	1	NA	NA	NA	NA
chr3	195510175	96	7	6.8	1.73159	NA	103	1	NA	NA	NA	NA
chr3	195510662	64	3	4.48	1.73159	NA	67	1	NA	NA	NA	NA
chr3	195510709	95	17	15.18	1.73159	NA	112	1	NA	NA	NA	NA
chr3	195510710	111	7	5.93	1.73159	NA	118	1	NA	NA	NA	NA
chr3	195511273	580	70	10.77	1.73159	NA	650	1	NA	NA	NA	NA
chr3	195512629	465	24	4.91	1.73159	NA	489	1	NA	NA	NA	NA
chr3	195512631	437	56	11.36	1.73159	NA	493	1	NA	NA	NA	NA
chr3	195512646	402	28	6.51	1.73159	NA	430	1	NA	NA	NA	NA
chr3	195512665	429	18	4.03	1.73159	NA	447	1	NA	NA	NA	NA
chr3	195513413	311	23	6.89	1.73159	NA	334	1	NA	NA	NA	NA
chr3	195515017	142	25	14.97	1.73159	NA	167	1	NA	NA	NA	NA
chr3	195515031	165	18	9.84	1.73159	NA	183	1	NA	NA	NA	NA
chr3	195690122	100	9	8.26	1.73159	NA	109	1	NA	NA	NA	NA
chr3	195690139	104	12	10.34	1.73159	NA	116	1	NA	NA	NA	NA
chr3	195690163	100	11	9.91	1.73159	NA	111	1	NA	NA	NA	NA
chr3	195690216	87	10	10.31	1.73159	NA	97	1	NA	NA	NA	NA
chr3	195690360	17	6	26.09	1.73159	NA	23	0	NA	NA	NA	NA
chr3	195723915	141	8	5.37	1.73159	NA	149	1	NA	NA	NA	NA
chr3	197913387	19	9	32.14	1.73159	NA	28	0	NA	NA	NA	NA
chr4	1305836	15	7	31.82	1.53847	NA	22	0	NA	NA	NA	NA
chr4	7062677	43	3	6.52	1.53847	NA	46	1	NA	NA	NA	NA
chr4	9565288	64	13	16.88	1.53847	NA	77	1	NA	NA	NA	NA
chr4	49247379	25	4	13.79	1.85961	2	29	0	NA	NA	NA	NA
chr4	49502658	86	5	5.49	1.85961	2	91	1	3	1e-09	6.84837888337838e-08	0.999999933516211
chr4	49504178	81	11	11.96	1.85961	2	92	1	3	1.0000000786739e-09	0.00889027768783493	0.991109724312165
chr4	49504353	135	8	5.59	1.85961	2	143	1	3	1e-09	8.97061680524002e-08	0.999999912293832
chr4	49504368	131	7	5.07	1.85961	2	138	1	3	1e-09	2.12124269715917e-08	0.999999980787573
chr4	73673364	55	22	28.57	1.85961	2	77	1	2	0.00209180321885149	0.997703671935997	0.000204527845152022
chr4	84223361	31	12	27.91	1.85961	2	43	1	2	0.0010557125207136	0.9986523748085	0.000291915670786389
chr4	119555245	124	7	5.34	1.82716	2	131	1	3	1e-09	4.53558450536044e-08	0.999999956644155
chr4	119555246	122	7	5.43	1.82716	2	129	1	3	1e-09	5.81352981291919e-08	0.999999943864702
chr4	120327186	58	21	26.58	1.82716	2	79	1	2	0.000251441107018853	0.999135735741125	0.000612826151855835
chr4	120327397	75	11	12.79	1.82716	2	86	1	3	1.00000166643273e-09	0.0241991773896154	0.975800824610383
chr4	120327854	70	7	9.09	1.82716	2	77	1	3	1.00000000000027e-09	0.0001402422623255	0.999859759737675
chr4	120327890	84	21	20	1.82716	2	105	1	2	5.16649067449078e-08	0.956112304158654	0.0438876471764388
chr4	122683818	18	19	51.35	1.82716	2	37	1	1	0.999963987126142	3.60148728665713e-05	1.00099126533287e-09
chr4	190805679	278	17	5.76	1.80513	2	295	1	3	1e-09	1.40651319939719e-07	0.99999986134868
chr4	190805687	249	42	14.43	1.80513	2	291	1	3	1.0003649390719e-09	0.133749864151631	0.866250137848004
chr4	190878419	144	16	10	1.80513	2	160	1	3	1.00000000002174e-09	0.000595050707578065	0.999404951292422
chr4	190878479	229	20	8.03	1.80513	2	249	1	3	1e-09	2.1431619150336e-05	0.99997857038085
chr4	190878500	206	11	5.07	1.80513	2	217	1	3	1e-09	2.12124269715917e-08	0.999999980787573
chr4	190878508	152	15	8.98	1.80513	2	167	1	3	1.00000000000016e-09	0.000116619610043152	0.999883382389957
chr4	190878604	296	25	7.79	1.80513	2	321	1	3	1e-09	1.3533492217073e-05	0.999986468507783
chr5	678011	48	14	22.58	4.95952	NA	62	1	NA	NA	NA	NA
chr5	678026	50	15	23.08	4.95952	NA	65	1	NA	NA	NA	NA
chr5	710726	345	20	5.48	4.95952	NA	365	1	NA	NA	NA	NA
chr5	21482593	254	41	13.9	1.70161	NA	295	1	NA	NA	NA	NA
chr5	21483703	591	56	8.66	1.70161	NA	647	1	NA	NA	NA	NA
chr5	21497098	169	22	11.52	1.70161	NA	191	1	NA	NA	NA	NA
chr5	21497180	152	11	6.75	1.70161	NA	163	1	NA	NA	NA	NA
chr5	34192051	465	40	7.92	1.70161	NA	505	1	NA	NA	NA	NA
chr5	37605237	49	14	22.22	1.70161	NA	63	1	NA	NA	NA	NA
chr5	69515815	347	45	11.48	1.60425	NA	392	1	NA	NA	NA	NA
chr5	69803810	32	4	11.11	1.60425	NA	36	1	NA	NA	NA	NA
chr5	79950205	18	2	10	1.60425	NA	20	0	NA	NA	NA	NA
chr5	97912976	51	6	10.53	1.60425	NA	57	1	NA	NA	NA	NA
chr5	97912988	44	8	15.38	1.60425	NA	52	1	NA	NA	NA	NA
chr5	112353372	40	3	6.98	1.60425	NA	43	1	NA	NA	NA	NA
chr5	170240860	44	17	27.87	1.60425	NA	61	1	NA	NA	NA	NA
chr5	177482878	112	6	5.08	1.60425	NA	118	1	NA	NA	NA	NA
chr6	3177601	37	10	21.28	1.86956	2	47	1	2	3.35268109717277e-07	0.982401248122783	0.017598419609107
chr6	26124519	71	43	37.72	1.86956	2	114	1	1	0.861960417677816	0.138039168584697	4.16737486973297e-07
chr6	29910801	20	6	23.08	1.86956	2	26	0	NA	NA	NA	NA
chr6	33368390	24	3	11.11	1.86956	2	27	0	NA	NA	NA	NA
chr6	33644574	36	3	7.69	1.86956	2	39	1	3	1e-09	1.11276963301317e-05	0.99998887430367
chr6	43555167	24	4	14.29	1.86956	2	28	0	NA	NA	NA	NA
chr6	75965663	69	21	23.33	1.86956	2	90	1	2	5.27047891838433e-06	0.995575975112123	0.00441875740895886
chr6	130164632	24	8	25	1.86956	2	32	1	2	4.11272247852794e-05	0.998406700313933	0.00155217546128173
chr6	157744975	24	4	14.29	1.86956	2	28	0	NA	NA	NA	NA
chr6	161054859	667	49	6.84	1.86956	2	716	1	3	1e-09	1.88758521183613e-06	0.999998114414788
chr6	170592043	28	11	28.21	1.86956	2	39	1	2	0.00144383112556838	0.998308075439606	0.000248096434825342
chr7	44027669	35	2	5.41	1.85819	2	37	1	3	1e-09	5.5029209938793e-08	0.99999994697079
chr7	44039241	108	6	5.26	1.85819	2	114	1	3	1e-09	3.62896903081513e-08	0.99999996571031
chr7	44081388	46	5	9.8	1.85819	2	51	1	3	1.0000000000086e-09	0.000438196283881705	0.999561805716118
chr7	44113447	30	14	31.82	1.85819	2	44	1	2	0.0459954039504723	0.953966509957302	3.80890922257606e-05
chr7	56871863	155	19	10.92	1.85819	2	174	1	3	1.00000000122854e-09	0.00225452758415734	0.997745474415843
chr7	56871864	154	18	10.47	1.85819	2	172	1	3	1.00000000017866e-09	0.00119277741515658	0.998807224584844
chr7	57888047	150	47	23.86	1.85819	2	197	1	2	1.02892436789201e-05	0.996843179801644	0.0031465339546767
chr7	57888055	156	48	23.53	1.85819	2	204	1	2	6.79713177844693e-06	0.996109147982214	0.00388405788600743
chr7	57888056	149	47	23.98	1.85819	2	196	1	2	1.19449807643816e-05	0.997071481604747	0.00291657641448863
chr7	57888091	125	41	24.7	1.85819	2	166	1	2	2.87553377724552e-05	0.998107560295753	0.00186368736647416
chr7	63219086	113	10	8.13	1.85819	2	123	1	3	1e-09	2.58515710362241e-05	0.999974150428964
chr7	63220686	77	14	15.38	1.85819	2	91	1	3	1.00547486029328e-09	0.288712578788503	0.711287423206022
chr7	63222365	30	4	11.76	1.85819	2	34	1	3	1.00000003643317e-09	0.00689904406261903	0.993100957937381
chr7	63222369	27	7	20.59	1.85819	2	34	1	2	1.24138372337464e-07	0.971312975893986	0.0286869029676414
chr7	66410149	21	9	30	1.85819	2	30	1	2	0.00864839469997973	0.991254804467445	9.68038325752233e-05
chr7	66745001	57	13	18.57	1.85819	2	70	1	2	5.98332601377088e-09	0.876117283380933	0.123882713635741
chr7	73483693	23	2	8	1.85819	2	25	0	NA	NA	NA	NA
chr7	76682610	42	11	20.75	1.85819	2	53	1	2	1.56789774493466e-07	0.97440956908281	0.0255902771274156
chr7	77579010	46	16	25.81	1.85819	2	62	1	2	0.000105633011942136	0.998937137504621	0.000957232483436438
chr7	98256515	39	12	23.53	1.88387	2	51	1	2	6.79713177844693e-06	0.996109147982214	0.00388405788600743
chr7	100678693	179	36	16.74	1.88387	2	215	1	2	1.14725982773568e-09	0.594599300923508	0.405400700929233
chr7	100680375	67	7	9.46	1.88387	2	74	1	3	1.0000000000017e-09	0.000256672090354531	0.999743329909645
chr7	102311972	105	26	19.85	1.96878	2	131	1	2	4.11990393225973e-08	0.951063706074683	0.0489362557262777
chr7	102739235	72	12	14.29	1.96878	2	84	1	3	1.00023833239711e-09	0.11753402203925	0.882465979960511
chr7	102739267	71	13	15.48	1.96878	2	84	1	3	1.00714114634124e-09	0.309300382103355	0.690699619889504
chr7	128292479	144	9	5.88	1.96878	2	153	1	3	1e-09	1.91852659911101e-07	0.99999981014734
chr7	128292496	134	10	6.94	1.96878	2	144	1	3	1e-09	2.35155732430457e-06	0.999997650442676
chr7	142457313	49	16	24.62	1.96878	2	65	1	2	2.61173021939818e-05	0.998016336108527	0.00195754958927893
chr7	142457316	48	17	26.15	1.96878	2	65	1	2	0.000155453676754643	0.999059656142983	0.000784893180262417
chr7	142457375	41	16	28.07	1.96878	2	57	1	2	0.0012481540949899	0.998484241756501	0.000267607148508622
chr7	142457382	37	13	26	1.96878	2	50	1	2	0.000131179637479167	0.999012362991021	0.00085646037149971
chr7	142457386	38	10	20.83	1.96878	2	48	1	2	1.76082966352249e-07	0.975825355937822	0.0241744709792118
chr7	142457473	22	11	33.33	1.96878	2	33	1	2	0.155139963897648	0.844843358499885	1.66806024677003e-05
chr7	142457482	21	13	38.24	1.96878	2	34	1	1	0.901818145037371	0.0981816168300728	2.4113255606625e-07
chr7	142457483	22	13	37.14	1.96878	2	35	1	1	0.801194074473924	0.198805169745428	7.58780647773955e-07
chr7	142457501	21	13	38.24	1.96878	2	34	1	1	0.901818145037371	0.0981816168300728	2.4113255606625e-07
chr7	142457505	18	13	41.94	1.96878	2	31	1	1	0.991791520933384	0.00820847613840735	5.92820840770411e-09
chr7	142460494	56	21	27.27	1.96878	2	77	1	2	0.000534452336795541	0.9990502513444	0.000415299318804573
chr7	142460495	57	22	27.85	1.96878	2	79	1	2	0.000991182103929098	0.998707194565408	0.000301626330662868
chr7	142460503	53	20	27.4	1.96878	2	73	1	2	0.000614584574231632	0.998999062644231	0.000386355781537864
chr7	142637673	24	8	25	1.96878	2	32	1	2	4.11272247852794e-05	0.998406700313933	0.00155217546128173
chr7	142637742	33	10	23.26	1.96878	2	43	1	2	4.81879298743972e-06	0.99537125706442	0.00462392714259304
chr7	142637823	31	8	20.51	1.96878	2	39	1	2	1.1038161496817e-07	0.969621099714462	0.0303787929039227
chr7	149174015	19	2	9.52	1.96878	2	21	0	NA	NA	NA	NA
chr7	151944981	140	9	6.04	1.96878	2	149	1	3	1e-09	2.87633273165253e-07	0.999999714366727
chr7	151945101	240	11	4.38	1.96878	2	251	1	3	1e-09	3.20417848035081e-09	0.999999998795822
chr7	152498667	48	11	18.64	1.96878	2	59	1	2	6.62024739311473e-09	0.882178272422242	0.117821723957511
chr8	169298	31	4	11.43	1.40337	NA	35	1	NA	NA	NA	NA
chr8	254017	42	5	10.64	1.40337	NA	47	1	NA	NA	NA	NA
chr8	7877827	65	12	15.58	1.40337	NA	77	1	NA	NA	NA	NA
chr8	21959357	17	2	10.53	1.40337	NA	19	0	NA	NA	NA	NA
chr8	22105389	30	3	9.09	1.40337	NA	33	1	NA	NA	NA	NA
chr8	22452876	18	2	10	1.40337	NA	20	0	NA	NA	NA	NA
chr8	49832735	47	3	6	2.0327	2	50	1	3	1e-09	2.60186206187712e-07	0.999999741813794
chr8	52731140	53	20	27.4	2.0327	2	73	1	2	0.000614584574231632	0.998999062644231	0.000386355781537864
chr8	52731210	71	55	43.65	2.0327	2	126	1	1	0.997249567353259	0.00275043374776233	1.89897824254157e-09
chr8	52731344	118	7	5.6	2.0327	2	125	1	3	1e-09	9.21406764449493e-08	0.999999909859324
chr8	52732030	61	4	6.15	2.0327	2	65	1	3	1e-09	3.77761255044876e-07	0.999999624238745
chr8	52732031	60	4	6.25	2.0327	2	64	1	3	1e-09	4.82042532080447e-07	0.999999519957468
chr8	52732755	57	27	32.14	2.0327	2	84	1	2	0.0604918199823087	0.939475961135352	3.22218823392359e-05
chr8	52732768	60	31	34.07	2.0327	2	91	1	2	0.256494776577046	0.743494710586066	1.05158368880477e-05
chr8	52732781	65	29	30.85	2.0327	2	94	1	2	0.0192784960894924	0.98065884964683	6.26572636772311e-05
chr8	52732823	57	9	13.64	2.0327	2	66	1	3	1.00003028768686e-09	0.0617069277246879	0.938293074275282
chr8	52733018	81	7	7.95	2.0327	2	88	1	3	1e-09	1.84152079443945e-05	0.999981586792055
chr8	125565606	41	3	6.82	2.00305	2	44	1	3	1e-09	1.80572139648552e-06	0.999998196278603
chr9	13061	50	15	23.08	1.66971	NA	65	1	NA	NA	NA	NA
chr9	14810	31	20	39.22	1.66971	NA	51	1	NA	NA	NA	NA
chr9	117800	86	14	14	1.66971	NA	100	1	NA	NA	NA	NA
chr9	171901	29	7	19.44	1.66971	NA	36	1	NA	NA	NA	NA
chr9	33385740	30	9	23.08	1.66971	NA	39	1	NA	NA	NA	NA
chr9	33385750	29	9	23.68	1.66971	NA	38	1	NA	NA	NA	NA
chr9	33385771	34	8	19.05	1.66971	NA	42	1	NA	NA	NA	NA
chr9	33385852	15	7	31.82	1.66971	NA	22	0	NA	NA	NA	NA
chr9	33795475	40	11	21.57	1.66971	NA	51	1	NA	NA	NA	NA
chr9	33795478	42	11	20.75	1.66971	NA	53	1	NA	NA	NA	NA
chr9	33798414	33	12	26.67	1.66971	NA	45	1	NA	NA	NA	NA
chr9	33798418	32	10	23.81	1.66971	NA	42	1	NA	NA	NA	NA
chr9	33798428	37	15	28.85	1.66971	NA	52	1	NA	NA	NA	NA
chr9	33798440	40	14	25.93	1.66971	NA	54	1	NA	NA	NA	NA
chr9	33798998	15	13	46.43	1.66971	NA	28	0	NA	NA	NA	NA
chr9	33799010	21	7	25	1.66971	NA	28	0	NA	NA	NA	NA
chr9	33799026	19	8	29.63	1.66971	NA	27	0	NA	NA	NA	NA
chr9	38541476	69	8	10.39	1.66971	NA	77	1	NA	NA	NA	NA
chr9	38541490	67	8	10.67	1.66971	NA	75	1	NA	NA	NA	NA
chr9	38541494	63	8	11.27	1.66971	NA	71	1	NA	NA	NA	NA
chr9	38541499	64	9	12.33	1.66971	NA	73	1	NA	NA	NA	NA
chr9	38541516	74	7	8.64	1.66971	NA	81	1	NA	NA	NA	NA
chr9	38541604	39	14	26.42	1.66971	NA	53	1	NA	NA	NA	NA
chr9	38541610	38	15	28.3	1.66971	NA	53	1	NA	NA	NA	NA
chr9	38541627	27	15	35.71	1.66971	NA	42	1	NA	NA	NA	NA
chr9	38541636	25	15	37.5	1.66971	NA	40	1	NA	NA	NA	NA
chr9	39144225	26	6	18.75	1.66971	NA	32	1	NA	NA	NA	NA
chr9	45424492	78	9	10.34	1.66971	NA	87	1	NA	NA	NA	NA
chr9	45424494	78	8	9.3	1.66971	NA	86	1	NA	NA	NA	NA
chr9	45424513	76	12	13.64	1.66971	NA	88	1	NA	NA	NA	NA
chr9	45727954	110	47	29.94	1.66971	NA	157	1	NA	NA	NA	NA
chr9	45728002	186	10	5.1	1.66971	NA	196	1	NA	NA	NA	NA
chr9	66499694	157	32	16.93	1.66971	NA	189	1	NA	NA	NA	NA
chr9	66499897	127	39	23.49	1.66971	NA	166	1	NA	NA	NA	NA
chr9	66513727	139	21	13.12	1.66971	NA	160	1	NA	NA	NA	NA
chr9	66513728	147	22	13.02	1.66971	NA	169	1	NA	NA	NA	NA
chr9	67281745	33	29	46.77	1.66971	NA	62	1	NA	NA	NA	NA
chr9	67289098	34	14	29.17	1.66971	NA	48	1	NA	NA	NA	NA
chr9	67289462	55	31	36.05	1.66971	NA	86	1	NA	NA	NA	NA
chr9	67289478	57	10	14.93	1.66971	NA	67	1	NA	NA	NA	NA
chr9	67293352	69	10	12.66	1.66971	NA	79	1	NA	NA	NA	NA
chr9	67293386	68	16	19.05	1.66971	NA	84	1	NA	NA	NA	NA
chr9	67293518	133	23	14.74	1.66971	NA	156	1	NA	NA	NA	NA
chr9	67293681	105	14	11.76	1.66971	NA	119	1	NA	NA	NA	NA
chr9	67293687	101	15	12.93	1.66971	NA	116	1	NA	NA	NA	NA
chr9	67293690	103	15	12.71	1.66971	NA	118	1	NA	NA	NA	NA
chr9	67293691	99	15	13.16	1.66971	NA	114	1	NA	NA	NA	NA
chr9	67917566	69	3	4.17	1.66971	NA	72	1	NA	NA	NA	NA
chr9	67958060	71	16	18.39	1.66971	NA	87	1	NA	NA	NA	NA
chr9	68316034	70	8	10.26	1.66971	NA	78	1	NA	NA	NA	NA
chr9	68427840	382	65	14.54	1.66971	NA	447	1	NA	NA	NA	NA
chr9	68427854	389	54	12.19	1.66971	NA	443	1	NA	NA	NA	NA
chr9	68427863	367	59	13.85	1.66971	NA	426	1	NA	NA	NA	NA
chr9	68427865	379	34	8.23	1.66971	NA	413	1	NA	NA	NA	NA
chr9	68427876	305	52	14.57	1.66971	NA	357	1	NA	NA	NA	NA
chr9	68430081	95	11	10.38	1.66971	NA	106	1	NA	NA	NA	NA
chr9	68430231	800	34	4.08	1.66971	NA	833	1	NA	NA	NA	NA
chr9	68430404	388	34	8.06	1.66971	NA	422	1	NA	NA	NA	NA
chr9	69083162	94	13	12.15	1.66971	NA	107	1	NA	NA	NA	NA
chr9	69391206	119	31	20.67	1.66971	NA	150	1	NA	NA	NA	NA
chr9	69391207	125	22	14.97	1.66971	NA	147	1	NA	NA	NA	NA
chr9	69423519	55	5	8.33	1.66971	NA	60	1	NA	NA	NA	NA
chr9	69423521	56	5	8.2	1.66971	NA	61	1	NA	NA	NA	NA
chr9	69476562	134	14	9.46	1.66971	NA	148	1	NA	NA	NA	NA
chr9	69651294	33	12	26.67	1.66971	NA	45	1	NA	NA	NA	NA
chr9	69651318	40	9	18.37	1.66971	NA	49	1	NA	NA	NA	NA
chr9	70919325	115	14	10.85	1.66971	NA	129	1	NA	NA	NA	NA
chr9	119460090	42	10	19.23	1.66971	NA	52	1	NA	NA	NA	NA
chr9	127101799	21	2	8.7	1.66971	NA	23	0	NA	NA	NA	NA
chr9	130636913	35	3	7.89	1.66971	NA	38	1	NA	NA	NA	NA
chr9	133998203	29	5	14.71	1.66971	NA	34	1	NA	NA	NA	NA
chr9	138649177	29	3	9.38	1.66971	NA	32	1	NA	NA	NA	NA
chr9	139396574	22	3	12	1.66971	NA	25	0	NA	NA	NA	NA
chrX	21579516	48	6	11.11	1.71868	NA	54	1	NA	NA	NA	NA
chrX	43628622	30	4	11.76	1.71868	NA	34	1	NA	NA	NA	NA
chrX	46502776	37	8	17.78	1.71868	NA	45	1	NA	NA	NA	NA
chrX	73803191	169	25	12.89	1.71868	NA	194	1	NA	NA	NA	NA
chrX	77304555	101	12	10.62	1.71868	NA	113	1	NA	NA	NA	NA
chrX	83402181	32	7	17.95	1.71868	NA	39	1	NA	NA	NA	NA
chrX	91134235	130	26	16.67	1.71868	NA	156	1	NA	NA	NA	NA
chrX	102334691	48	6	11.11	1.71868	NA	54	1	NA	NA	NA	NA
chrX	118603864	27	18	40	1.71868	NA	45	1	NA	NA	NA	NA
chrX	118603869	29	15	34.09	1.71868	NA	44	1	NA	NA	NA	NA
chrX	118603872	29	14	32.56	1.71868	NA	43	1	NA	NA	NA	NA
chrX	118603873	29	12	29.27	1.71868	NA	41	1	NA	NA	NA	NA
chrX	118603881	30	14	31.82	1.71868	NA	44	1	NA	NA	NA	NA
chrX	118603894	27	8	22.86	1.71868	NA	35	1	NA	NA	NA	NA
chrX	118603925	30	10	25	1.71868	NA	40	1	NA	NA	NA	NA
chrX	118603929	29	9	23.68	1.71868	NA	38	1	NA	NA	NA	NA
chrX	118603941	31	9	22.5	1.71868	NA	40	1	NA	NA	NA	NA
chrX	118603958	26	10	27.78	1.71868	NA	36	1	NA	NA	NA	NA
chrX	140994096	157	57	26.64	1.71868	NA	214	1	NA	NA	NA	NA
chrX	140994115	164	18	9.89	1.71868	NA	182	1	NA	NA	NA	NA
chrX	140994116	170	17	9.09	1.71868	NA	187	1	NA	NA	NA	NA
chrX	140994122	174	18	9.38	1.71868	NA	192	1	NA	NA	NA	NA
chrX	149115253	15	14	48.28	1.71868	NA	29	0	NA	NA	NA	NA
chrX	152961739	32	3	8.57	1.71868	NA	35	1	NA	NA	NA	NA
chrX	153008347	14	6	30	1.71868	NA	20	0	NA	NA	NA	NA
chrX	153009342	20	6	23.08	1.71868	NA	26	0	NA	NA	NA	NA
chrX	153009350	18	6	25	1.71868	NA	24	0	NA	NA	NA	NA
chrX	153009352	22	6	21.43	1.71868	NA	28	0	NA	NA	NA	NA
chrX	153009364	23	7	23.33	1.71868	NA	30	1	NA	NA	NA	NA
chrX	153578061	20	2	9.09	1.71868	NA	22	0	NA	NA	NA	NA
chrX	155251371	70	12	14.63	1.71868	NA	82	1	NA	NA	NA	NA
chrX	155252920	39	3	7.14	1.71868	NA	42	1	NA	NA	NA	NA
