chr	st	BC46T.ref	BC46T.var	BC46T.vaf	BC46T.cn	BC46T.cleancn	BC46T.depth	adequateDepth	cluster	cluster.prob.1	cluster.prob.2	cluster.prob.3	cluster.prob.4
chr1	1323242	30	2	6.25	2.11858	2	32	1	4	1e-09	1.00000000000114e-09	5.64342102467448e-06	0.999994358578975
chr1	1422102	18	2	10	2.11858	2	20	0	NA	NA	NA	NA	NA
chr1	1425893	18	2	10	2.11858	2	20	0	NA	NA	NA	NA	NA
chr1	1666175	17	7	29.17	2.11858	2	24	0	NA	NA	NA	NA	NA
chr1	3831309	19	2	9.52	2.11858	2	21	0	NA	NA	NA	NA	NA
chr1	8557482	23	29	55.77	2.11858	2	52	1	1	0.999987826756327	1.2175243671486e-05	1.00000088891636e-09	1e-09
chr1	11579551	23	3	11.54	2.11858	2	26	0	NA	NA	NA	NA	NA
chr1	12854356	136	24	15	2.11858	2	160	1	3	1e-09	1.41872139348134e-07	0.88328721313321	0.11671264799465
chr1	12891124	100	19	15.97	2.11858	2	119	1	3	1e-09	7.11856432650673e-07	0.956209566007873	0.0437897251356946
chr1	12942289	34	7	17.07	2.11858	2	41	1	3	1.00000000000001e-09	3.82437225062698e-06	0.985523114881735	0.0144730637460138
chr1	12942306	29	8	21.62	2.11858	2	37	1	3	1.00000023572588e-09	0.0015924179555098	0.998174752922319	0.000232832122171238
chr1	16894472	374	16	4.1	2.11858	2	390	1	4	1e-09	1e-09	9.30546990952845e-09	0.99999999269453
chr1	16895695	246	14	5.38	2.11858	2	260	1	4	1e-09	1e-09	5.49091026161667e-07	0.999999452908974
chr1	16902844	208	10	4.59	2.11858	2	218	1	4	1e-09	1e-09	4.81127888230394e-08	0.999999953887211
chr1	16903736	133	14	9.52	2.11858	2	147	1	4	1e-09	1.00001375185848e-09	0.00435267856582776	0.995647323434159
chr1	16905886	24	4	14.29	2.11858	2	28	0	NA	NA	NA	NA	NA
chr1	16908867	52	12	18.75	2.11858	2	64	1	3	1.00000000001047e-09	4.09415504505763e-05	0.997072564985768	0.00288649646378101
chr1	16914196	267	25	8.56	2.11858	2	292	1	4	1e-09	1.00000021458554e-09	0.00079952758298544	0.999200474417015
chr1	16914332	310	28	8.28	2.11858	2	338	1	4	1e-09	1.0000000587331e-09	0.000471436763582911	0.999528565236417
chr1	17086278	169	9	5.06	2.11858	2	178	1	4	1e-09	1e-09	2.13098733552784e-07	0.999999788901266
chr1	34128588	34	15	30.61	2.11858	2	49	1	2	6.76381377039885e-07	0.954750432488552	0.0452488787029024	1.64271685998999e-08
chr1	38341378	53	13	19.7	2.11858	2	66	1	3	1.00000000033663e-09	0.000144316472594922	0.998639627705085	0.00121605882232015
chr1	40881979	43	11	20.37	2.11858	2	54	1	3	1.00000000353916e-09	0.000340587994813441	0.998985548672698	0.000673866332488692
chr1	47610293	24	6	20	2.11858	2	30	1	3	1.00000000097427e-09	0.000212595616063414	0.998855587895388	0.000931819488548449
chr1	52826642	18	3	14.29	2.11858	2	21	0	NA	NA	NA	NA	NA
chr1	64254779	94	8	7.84	2.11858	2	102	1	4	1e-09	1.00000000704125e-09	0.00019850915655609	0.999801492843444
chr1	64254783	102	9	8.11	2.11858	2	111	1	4	1e-09	1.00000002621211e-09	0.000339281061560032	0.99966072093844
chr1	64254785	103	9	8.04	2.11858	2	112	1	4	1e-09	1.0000000187167e-09	0.000295743661457567	0.999704258338542
chr1	64254813	111	18	13.95	2.11858	2	129	1	3	1e-09	1.98629496171837e-08	0.69169305656393	0.308306926573121
chr1	65878722	55	15	21.43	2.11858	2	70	1	3	1.00000012642003e-09	0.00126564581814113	0.998461528933962	0.000272828247896265
chr1	68626868	211	18	7.86	2.11858	2	229	1	4	1e-09	1.00000000777251e-09	0.000206670883271773	0.999793331116728
chr1	68626876	218	14	6.03	2.11858	2	232	1	4	1e-09	1.00000000000029e-09	3.22746730037552e-06	0.999996774532699
chr1	68627572	123	22	15.17	2.11858	2	145	1	3	1e-09	1.90439120877069e-07	0.90148324490774	0.0985165676531394
chr1	120390074	44	17	27.87	2.11858	2	61	1	2	7.84946552809248e-09	0.597263132820755	0.402736009692533	8.5363724659985e-07
chr1	120905009	18	6	25	2.11858	2	24	0	NA	NA	NA	NA	NA
chr1	142620750	23	6	20.69	2.11858	2	29	0	NA	NA	NA	NA	NA
chr1	142711431	154	30	16.3	2.11858	2	184	1	3	1e-09	1.19484320701545e-06	0.968675107059129	0.0313237010976638
chr1	142724242	107	10	8.55	2.11858	2	117	1	4	1e-09	1.00000020502232e-09	0.000784806301497327	0.999215195698502
chr1	142803199	338	25	6.89	2.11858	2	363	1	4	1e-09	1.00000000004797e-09	2.59508241436701e-05	0.999974051175856
chr1	142805268	359	44	10.92	2.11858	2	403	1	4	1e-09	1.00302570599007e-09	0.0384645323942489	0.961535469602725
chr1	142805282	407	55	11.9	2.11858	2	462	1	4	1e-09	1.08408884096709e-09	0.139717277970629	0.860282723945282
chr1	142805295	480	53	9.94	2.11858	2	533	1	4	1e-09	1.00007504014819e-09	0.00867298426708094	0.991327017732844
chr1	142805397	551	49	8.17	2.11858	2	600	1	4	1e-09	1.00000003490941e-09	0.000381329309904896	0.999618672690095
chr1	142806419	452	23	4.84	2.11858	2	475	1	4	1e-09	1e-09	1.07732735084469e-07	0.999999894267265
chr1	142806785	478	47	8.95	2.11858	2	525	1	4	1e-09	1.00000122295008e-09	0.00162502606633174	0.998374975933667
chr1	142806806	545	37	6.36	2.11858	2	582	1	4	1e-09	1.00000000000222e-09	7.41081670421029e-06	0.999992591183296
chr1	142810718	92	14	13.21	2.11858	2	106	1	4	1e-09	4.47919613096052e-09	0.475562520228357	0.524437478292447
chr1	142811160	20	6	23.08	2.11858	2	26	0	NA	NA	NA	NA	NA
chr1	142811678	529	25	4.51	2.11858	2	554	1	4	1e-09	1e-09	3.69372413366934e-08	0.999999965062759
chr1	142813004	597	44	6.86	2.11858	2	641	1	4	1e-09	1.00000000004055e-09	2.42335106839483e-05	0.999975768489316
chr1	142813018	626	37	5.58	2.11858	2	663	1	4	1e-09	1.00000000000002e-09	9.6657940541582e-07	0.999999035420595
chr1	142813024	639	42	6.17	2.11858	2	681	1	4	1e-09	1.0000000000007e-09	4.61577185021493e-06	0.99999538622815
chr1	142815425	178	19	9.64	2.11858	2	197	1	4	1e-09	1.00002249234524e-09	0.00531675498756228	0.994683247012415
chr1	142815520	48	5	9.43	2.11858	2	53	1	4	1e-09	1.00000947163069e-09	0.00374002363697256	0.996259978363018
chr1	142815637	327	33	9.17	2.11858	2	360	1	4	1e-09	1.00000316439195e-09	0.00239356296322318	0.997606439036774
chr1	142815752	808	52	6.05	2.11858	2	860	1	4	1e-09	1.00000000000033e-09	3.39834225068191e-06	0.999996603657749
chr1	142815780	780	44	5.34	2.11858	2	824	1	4	1e-09	1e-09	4.89222761664665e-07	0.999999512777238
chr1	142816901	236	13	5.22	2.11858	2	249	1	4	1e-09	1e-09	3.44339040915731e-07	0.999999657660959
chr1	142816904	232	13	5.31	2.11858	2	245	1	4	1e-09	1e-09	4.48409409667884e-07	0.99999955359059
chr1	142820146	450	51	10.18	2.11858	2	501	1	4	1e-09	1.00019185871179e-09	0.0126877051943419	0.987312296805466
chr1	142824396	174	10	5.43	2.11858	2	184	1	4	1e-09	1.00000000000001e-09	6.3362433692554e-07	0.999999368375663
chr1	142825187	165	14	7.82	2.11858	2	179	1	4	1e-09	1.00000000637729e-09	0.000190651343921805	0.999809350656078
chr1	142825238	95	6	5.94	2.11858	2	101	1	4	1e-09	1.00000000000016e-09	2.55364172153172e-06	0.999997448358279
chr1	142826332	426	37	7.99	2.11858	2	463	1	4	1e-09	1.00000001468989e-09	0.000267925215355125	0.999732076784645
chr1	142826427	400	49	10.91	2.11858	2	449	1	4	1e-09	1.00291899568331e-09	0.037918199039267	0.962081802957814
chr1	142827647	164	39	19.21	2.11858	2	203	1	3	1.00000000005737e-09	7.58446198823927e-05	0.998032724110982	0.00189143426913521
chr1	142827795	332	49	12.86	2.11858	2	381	1	4	1e-09	2.41144367214226e-09	0.36773416530562	0.632265835282936
chr1	142827860	429	34	7.34	2.11858	2	463	1	4	1e-09	1.00000000054968e-09	7.0163636967047e-05	0.999929838363033
chr1	142890847	18	6	25	2.11858	2	24	0	NA	NA	NA	NA	NA
chr1	142890954	30	5	14.29	2.11858	2	35	1	3	1e-09	3.86773059948918e-08	0.770338478546724	0.22966148577597
chr1	143227135	53	9	14.52	2.11858	2	62	1	3	1e-09	5.97211303116954e-08	0.814207588980125	0.185792354298744
chr1	143744356	83	18	17.82	2.11858	2	101	1	3	1.0000000000003e-09	1.13000881236651e-05	0.99303504427345	0.00695365863842655
chr1	144481366	41	2	4.65	2.11858	2	43	1	4	1e-09	1e-09	5.85500158137224e-08	0.999999943449984
chr1	144618000	40	5	11.11	2.11858	2	45	1	4	1e-09	1.00594222903507e-09	0.0502820748146414	0.949717927179416
chr1	144619505	84	16	16	2.11858	2	100	1	3	1e-09	7.46582477836697e-07	0.95752539728159	0.0424738591359321
chr1	144823303	51	14	21.54	2.11858	2	65	1	3	1.00000018144802e-09	0.00144593020881971	0.998305200092852	0.000248872698327678
chr1	144823317	42	14	25	2.11858	2	56	1	3	1.00658450353243e-09	0.0699565857572375	0.930028108204777	1.53090314007347e-05
chr1	144830326	211	26	10.97	2.11858	2	237	1	4	1e-09	1.00361864304608e-09	0.0413040977643349	0.958695904232046
chr1	144854048	128	24	15.79	2.11858	2	152	1	3	1e-09	5.33582325674826e-07	0.947408487102917	0.0525909823147575
chr1	144854795	23	5	17.86	2.11858	2	28	0	NA	NA	NA	NA	NA
chr1	144880700	39	3	7.14	2.11858	2	42	1	4	1e-09	1.0000000001893e-09	4.54254548727866e-05	0.999954576545127
chr1	145076156	96	14	12.73	2.11858	2	110	1	4	1e-09	1.99185744397645e-09	0.329679050398335	0.670320950609807
chr1	145285917	238	56	19.05	2.11858	2	294	1	3	1.00000000003189e-09	6.12927989314309e-05	0.997749659415591	0.00218905078547781
chr1	145290750	237	29	10.9	2.11858	2	266	1	4	1e-09	1.00281594215128e-09	0.0373788794957457	0.962621122501438
chr1	145293269	597	60	9.13	2.11858	2	657	1	4	1e-09	1.00000266634143e-09	0.00223231198891359	0.997767690011084
chr1	145295539	47	10	17.54	2.11858	2	57	1	3	1.0000000000001e-09	7.57959933457336e-06	0.990872260427994	0.00912016297267127
chr1	145296678	100	5	4.76	2.11858	2	105	1	4	1e-09	1e-09	8.35289823491639e-08	0.999999918471018
chr1	145299758	223	12	5.11	2.11858	2	235	1	4	1e-09	1e-09	2.47934503328299e-07	0.999999754065497
chr1	145304787	112	21	15.79	2.11858	2	133	1	3	1e-09	5.33582325674826e-07	0.947408487102917	0.0525909823147575
chr1	145311110	211	9	4.09	2.11858	2	220	1	4	1e-09	1e-09	9.00001635021561e-09	0.999999992999984
chr1	145323667	662	58	8.06	2.11858	2	720	1	4	1e-09	1.00000002061307e-09	0.000307614052537217	0.999692387947462
chr1	145366418	36	7	16.28	2.11858	2	43	1	3	1e-09	1.15834319235321e-06	0.968034164685677	0.0319646799711308
chr1	146250905	71	15	17.44	2.11858	2	86	1	3	1.00000000000007e-09	6.56267392678121e-06	0.989938455276491	0.010054985049582
chr1	146399674	78	10	11.36	2.11858	2	88	1	4	1e-09	1.01413603354252e-09	0.0706824090585358	0.929317592927328
chr1	146467791	75	10	11.76	2.11858	2	85	1	4	1e-09	1.05361685615207e-09	0.118021403280621	0.881978598665763
chr1	147999684	16	8	33.33	2.11858	2	24	0	NA	NA	NA	NA	NA
chr1	148000459	28	7	20	2.11858	2	35	1	3	1.00000000097427e-09	0.000212595616063414	0.998855587895388	0.000931819488548449
chr1	148002866	128	22	14.67	2.11858	2	150	1	3	1e-09	7.87169390288522e-08	0.838888051878605	0.161111872404455
chr1	148005107	29	6	17.14	2.11858	2	35	1	3	1.00000000000002e-09	4.23942650356436e-06	0.986491447310454	0.0135043162630428
chr1	148005110	27	6	18.18	2.11858	2	33	1	3	1.0000000000012e-09	1.87272818282252e-05	0.995053084846941	0.0049281908712311
chr1	148014676	74	9	10.84	2.11858	2	83	1	4	1e-09	1.00226788338769e-09	0.0342860408556355	0.965713961142097
chr1	148017421	54	8	12.9	2.11858	2	62	1	4	1e-09	2.57025310625647e-09	0.379739130140926	0.620260870288821
chr1	148017435	64	19	22.89	2.11858	2	83	1	3	1.0000133113286e-09	0.00708535182765344	0.99283204260984	8.26085624930308e-05
chr1	148025763	56	9	13.85	2.11858	2	65	1	3	1e-09	1.62486999057335e-08	0.665550874076632	0.334449112674668
chr1	148025797	73	9	10.98	2.11858	2	82	1	4	1e-09	1.00375007506582e-09	0.0418941359799957	0.958105866016254
chr1	148346783	134	18	11.84	2.11858	2	152	1	4	1e-09	1.06941561836218e-09	0.130064724956701	0.869935276973883
chr1	148346785	135	17	11.18	2.11858	2	152	1	4	1e-09	1.00759304859335e-09	0.0553913532032777	0.944608648789129
chr1	148853876	206	18	8.04	2.11858	2	224	1	4	1e-09	1.0000000187167e-09	0.000295743661457567	0.999704258338542
chr1	148853879	195	18	8.45	2.11858	2	213	1	4	1e-09	1.00000012960175e-09	0.00065096989710504	0.999349032102895
chr1	149285864	271	28	9.36	2.11858	2	299	1	4	1e-09	1.00000707069088e-09	0.00332051067257547	0.996679491327418
chr1	157485621	18	12	40	2.11858	2	30	1	2	0.0721051536643485	0.927882087427829	1.27619078059791e-05	1.00001610011322e-09
chr1	196195503	111	33	22.92	2.11858	2	144	1	3	1.00001460284755e-09	0.00733304497294435	0.992586313298077	8.06447289644454e-05
chr1	202935120	26	18	40.91	2.11858	2	44	1	2	0.169050516770425	0.830944003920515	5.48230905582553e-06	1.00000417415973e-09
chr1	222842631	30	2	6.25	2.11858	2	32	1	4	1e-09	1.00000000000114e-09	5.64342102467448e-06	0.999994358578975
chr1	224137020	40	2	4.76	2.11858	2	42	1	4	1e-09	1e-09	8.35289823491639e-08	0.999999918471018
chr1	228159125	105	22	17.32	1.64353	NA	127	1	NA	NA	NA	NA	NA
chr1	228290239	21	2	8.7	1.64353	NA	23	0	NA	NA	NA	NA	NA
chr1	243218399	86	16	15.69	1.64353	NA	102	1	NA	NA	NA	NA	NA
chr1	243218400	89	16	15.24	1.64353	NA	105	1	NA	NA	NA	NA	NA
chr1	243218420	98	13	11.71	1.64353	NA	111	1	NA	NA	NA	NA	NA
chr1	243219965	117	33	22	1.64353	NA	150	1	NA	NA	NA	NA	NA
chr1	248524992	103	8	7.21	1.64353	NA	111	1	NA	NA	NA	NA	NA
chr1	248722611	21	7	25	1.64353	NA	28	0	NA	NA	NA	NA	NA
chr1	248722613	24	6	20	1.64353	NA	30	1	NA	NA	NA	NA	NA
chr1	249149858	30	2	6.25	1.64353	NA	32	1	NA	NA	NA	NA	NA
chr10	27226383	31	4	11.43	1.82918	2	35	1	4	1e-09	1.01793746787478e-09	0.0775501140762204	0.922449887905842
chr10	31650013	98	7	6.67	1.82918	2	105	1	4	1e-09	1.00000000001378e-09	1.56025500481949e-05	0.999984399449952
chr10	38711740	72	6	7.69	1.82918	2	78	1	4	1e-09	1.00000000333051e-09	0.00014628134515403	0.999853720654846
chr10	38938378	27	7	20.59	1.82918	2	34	1	3	1.00000000754101e-09	0.000449259752605856	0.998993794340583	0.000556948906811062
chr10	38938388	30	10	25	1.82918	2	40	1	3	1.00658450353243e-09	0.0699565857572375	0.930028108204777	1.53090314007347e-05
chr10	49383976	92	17	15.6	1.82918	2	109	1	3	1e-09	3.91668441705264e-07	0.936198870410597	0.0638007409209608
chr10	74767672	106	22	17.19	1.82918	2	128	1	3	1.00000000000002e-09	4.56203703618858e-06	0.98714178422781	0.0128536567351538
chr10	88988357	43	2	4.44	2.07283	2	45	1	4	1e-09	1e-09	2.92480371237823e-08	0.999999972751963
chr10	90503151	16	7	30.43	2.07283	2	23	0	NA	NA	NA	NA	NA
chr10	104861084	55	21	27.63	2.07283	2	76	1	2	5.21588529190785e-09	0.538242525177182	0.461756318917853	1.15468907923754e-06
chr10	116008522	50	12	19.35	2.07283	2	62	1	3	1.00000000009553e-09	9.12743541107181e-05	0.998243033179785	0.00166569546610395
chr10	116203775	18	10	35.71	2.07283	2	28	0	NA	NA	NA	NA	NA
chr10	126677434	505	52	9.34	2.07283	2	557	1	4	1e-09	1.0000065016316e-09	0.00320902385507486	0.996790978144919
chr10	126677547	468	66	12.36	2.07283	2	534	1	4	1e-09	1.34517166285708e-09	0.232301280642357	0.767698721012471
chr10	126678217	80	12	13.04	2.07283	2	92	1	4	1e-09	3.26428691478743e-09	0.422570978935415	0.577429020800298
chr10	126686646	54	13	19.4	2.07283	2	67	1	3	1.00000000011451e-09	9.74886904259096e-05	0.998310458955804	0.00159205535377012
chr10	126686649	57	14	19.72	2.07283	2	71	1	3	1.00000000036151e-09	0.000148114312689561	0.998657339992905	0.00119454869440503
chr10	126691617	30	7	18.92	2.07283	2	37	1	3	1.00000000001972e-09	5.14942347039686e-05	0.997481757232745	0.0024667515325507
chr10	126727587	164	17	9.39	2.07283	2	181	1	4	1e-09	1.00000801648136e-09	0.00349458007012925	0.996505421929863
chr10	126727635	183	18	8.96	2.07283	2	201	1	4	1e-09	1.00000127755925e-09	0.00165420829020573	0.998345793709793
chr10	126799569	69	8	10.39	2.07283	2	77	1	4	1e-09	1.00042849048163e-09	0.017555735734358	0.982444266265214
chr10	126799573	70	8	10.26	2.07283	2	78	1	4	1e-09	1.00026107583094e-09	0.0143715083763219	0.985628493623417
chr10	126799611	107	7	6.14	2.07283	2	114	1	4	1e-09	1.00000000000058e-09	4.27790424242947e-06	0.999995724095758
chr10	126799624	106	6	5.36	2.07283	2	112	1	4	1e-09	1e-09	5.18344934377992e-07	0.999999483655066
chr10	126799626	107	7	6.14	2.07283	2	114	1	4	1e-09	1.00000000000058e-09	4.27790424242947e-06	0.999995724095758
chr10	135165495	26	4	13.33	2.07283	2	30	1	3	1e-09	5.66595031820211e-09	0.513010278471969	0.48698971886208
chr10	135439338	78	16	17.02	2.07283	2	94	1	3	1.00000000000001e-09	3.55210589946645e-06	0.984787595355316	0.0152088555387846
chr11	1016647	519	44	7.82	1.83058	2	563	1	4	1e-09	1.00000000637729e-09	0.000190651343921805	0.999809350656078
chr11	1016678	642	79	10.96	1.83058	2	721	1	4	1e-09	1.00349168434821e-09	0.0407215393265857	0.959278462669923
chr11	1016779	878	77	8.06	1.83058	2	955	1	4	1e-09	1.00000002061307e-09	0.000307614052537217	0.999692387947462
chr11	1016789	900	77	7.88	1.83058	2	977	1	4	1e-09	1.00000000857769e-09	0.00021514751495041	0.99978485448505
chr11	1016825	1062	104	8.92	1.83058	2	1166	1	4	1e-09	1.0000010724391e-09	0.00154035706869199	0.998459644931307
chr11	1017767	543	39	6.7	1.83058	2	582	1	4	1e-09	1.00000000001637e-09	1.67389269393201e-05	0.999983263073061
chr11	1017806	538	24	4.27	1.83058	2	562	1	4	1e-09	1e-09	1.64985159853184e-08	0.999999985501484
chr11	1017822	602	36	5.64	1.83058	2	638	1	4	1e-09	1.00000000000002e-09	1.14105895195241e-06	0.999998860941048
chr11	1017827	636	28	4.22	1.83058	2	664	1	4	1e-09	1e-09	1.39331580021085e-08	0.999999988066842
chr11	1017932	570	65	10.24	1.83058	2	635	1	4	1e-09	1.00024177897688e-09	0.0139321279414748	0.986067874058283
chr11	1017933	558	74	11.71	1.83058	2	632	1	4	1e-09	1.04555842331755e-09	0.110960443862027	0.889039558092415
chr11	1017956	474	23	4.63	1.83058	2	497	1	4	1e-09	1e-09	5.48514241937748e-08	0.999999947148576
chr11	1018256	284	40	12.35	1.83058	2	324	1	4	1e-09	1.33511888266655e-09	0.229936719253642	0.770063282411239
chr11	1018274	375	28	6.95	1.83058	2	403	1	4	1e-09	1.00000000006697e-09	2.97341957480491e-05	0.999970267804252
chr11	1018297	373	28	6.98	1.83058	2	401	1	4	1e-09	1.00000000007905e-09	3.18147492536305e-05	0.999968187250746
chr11	1018312	341	31	8.33	1.83058	2	372	1	4	1e-09	1.00000007424344e-09	0.000518702863406937	0.999481299136593
chr11	1018321	350	28	7.41	1.83058	2	378	1	4	1e-09	1.00000000079314e-09	8.14806996184683e-05	0.999918521300381
chr11	1018326	348	21	5.69	1.83058	2	369	1	4	1e-09	1.00000000000003e-09	1.30863329542434e-06	0.999998693366704
chr11	1018327	331	22	6.23	1.83058	2	353	1	4	1e-09	1.00000000000101e-09	5.36806189577898e-06	0.999994633938104
chr11	1260193	20	8	28.57	1.83058	2	28	0	NA	NA	NA	NA	NA
chr11	2016835	36	10	21.74	1.83058	2	46	1	3	1.00000034844735e-09	0.00183942671724259	0.997949817961882	0.000210758320874701
chr11	2682903	43	7	14	1.83058	2	50	1	3	1e-09	2.19450451049363e-08	0.704271671185522	0.295728309869433
chr11	3431576	225	34	13.13	1.83058	2	259	1	4	1e-09	3.84821123422037e-09	0.450557909471284	0.549442089680505
chr11	3569010	65	8	10.96	1.83058	2	73	1	4	1e-09	1.00349168434821e-09	0.0407215393265857	0.959278462669923
chr11	3913467	64	11	14.67	1.83058	2	75	1	3	1e-09	7.87169390288522e-08	0.838888051878605	0.161111872404455
chr11	4608262	245	21	7.89	1.83058	2	266	1	4	1e-09	1.00000000901024e-09	0.000219507455679971	0.99978049454432
chr11	46695514	20	14	41.18	1.83058	2	34	1	2	0.212249123941134	0.787746693895687	4.18516317659775e-06	1.00000274561246e-09
chr11	47297679	44	3	6.38	1.83058	2	47	1	4	1e-09	1.0000000000025e-09	7.78343269685234e-06	0.999992218567303
chr11	59578335	16	4	20	1.83058	2	20	0	NA	NA	NA	NA	NA
chr11	62606977	23	3	11.54	1.83058	2	26	0	NA	NA	NA	NA	NA
chr11	65347776	30	7	18.92	1.83058	2	37	1	3	1.00000000001972e-09	5.14942347039686e-05	0.997481757232745	0.0024667515325507
chr11	65350865	69	23	25	1.83058	2	92	1	3	1.00658450353243e-09	0.0699565857572375	0.930028108204777	1.53090314007347e-05
chr11	67141168	31	4	11.43	1.83058	2	35	1	4	1e-09	1.01793746787478e-09	0.0775501140762204	0.922449887905842
chr11	93788698	67	3	4.29	1.83058	2	70	1	4	1e-09	1e-09	1.76523534389431e-08	0.999999984347647
chr11	116691777	31	3	8.82	1.83058	2	34	1	4	1e-09	1.00000069015905e-09	0.00128712047625428	0.998712881523745
chr11	119983055	49	3	5.77	1.83058	2	52	1	4	1e-09	1.00000000000005e-09	1.62560994401384e-06	0.999998376390056
chr11	120008605	21	2	8.7	1.83058	2	23	0	NA	NA	NA	NA	NA
chr12	68659	51	11	17.74	1.98123	2	62	1	3	1.00000000000022e-09	1.00875554983388e-05	0.992478267325074	0.00751164811942726
chr12	91035	93	13	12.26	1.98123	2	106	1	4	1e-09	1.25624139717942e-09	0.209348044335001	0.790651957408758
chr12	91051	80	9	10.11	1.98123	2	89	1	4	1e-09	1.00014623723771e-09	0.0113667675643611	0.988633234435493
chr12	91083	75	14	15.73	1.98123	2	89	1	3	1e-09	4.84219824034338e-07	0.944098033877135	0.0559014849030415
chr12	7869817	56	7	11.11	1.98123	2	63	1	4	1e-09	1.00594222903507e-09	0.0502820748146414	0.949717927179416
chr12	11183042	136	27	16.56	1.98123	2	163	1	3	1e-09	1.78138146268562e-06	0.975907339725089	0.0240908818934481
chr12	11201889	28	12	30	1.98123	2	40	1	2	2.7079997607765e-07	0.922166197298679	0.0778334954367221	4.04646225068061e-08
chr12	11201928	24	8	25	1.98123	2	32	1	3	1.00658450353243e-09	0.0699565857572375	0.930028108204777	1.53090314007347e-05
chr12	11286249	87	24	21.62	1.98123	2	111	1	3	1.00000023572588e-09	0.0015924179555098	0.998174752922319	0.000232832122171238
chr12	11546686	95	9	8.65	1.98123	2	104	1	4	1e-09	1.00000032272249e-09	0.000944224744369293	0.99905577725563
chr12	31238098	47	5	9.62	1.98123	2	52	1	4	1e-09	1.00002072996924e-09	0.00514327987228802	0.994856722127691
chr12	42512910	86	20	18.87	1.98123	2	106	1	3	1.00000000001638e-09	4.81443377072893e-05	0.997368715319592	0.00258314334270093
chr12	42512924	75	20	21.05	1.98123	2	95	1	3	1.00000003578447e-09	0.000795487980133559	0.99882872988109	0.000375785138776938
chr12	42512938	69	15	17.86	1.98123	2	84	1	3	1.00000000000035e-09	1.19578839873694e-05	0.99329702458213	0.00669102053388298
chr12	49389201	14	5	26.32	1.98123	2	19	0	NA	NA	NA	NA	NA
chr12	52409445	38	3	7.32	1.98123	2	41	1	4	1e-09	1.00000000049471e-09	6.72125043545661e-05	0.999932789495645
chr12	58017720	29	4	12.12	2.02315	2	33	1	4	1e-09	1.16740186731938e-09	0.179845082304326	0.820154919528272
chr12	58217278	55	3	5.17	2.02315	2	58	1	4	1e-09	1e-09	2.96815524840591e-07	0.999999705184475
chr12	58217316	50	8	13.79	2.02315	2	58	1	3	1e-09	1.43923967745516e-08	0.649266477864044	0.350733510743559
chr12	58220809	66	45	40.54	2.02315	2	111	1	2	0.121236722703846	0.878755471230401	7.80906574548156e-06	1.00000729662303e-09
chr12	58220811	97	24	19.83	2.02315	2	121	1	3	1.00000000053452e-09	0.000170795156603015	0.998746069128237	0.00108313871515981
chr12	58220816	74	44	37.29	2.02315	2	118	1	2	0.00378965807656092	0.996082383469906	0.000127961452783315	1.00074980341427e-09
chr12	58220819	115	8	6.5	2.02315	2	123	1	4	1e-09	1.00000000000511e-09	1.04157412388579e-05	0.999989586258761
chr12	58220823	78	45	36.59	2.02315	2	123	1	2	0.00167486399084512	0.99809383633309	0.000231302674032024	1.0020331557446e-09
chr12	58220831	96	19	16.52	2.02315	2	115	1	3	1e-09	1.67599864345395e-06	0.974917111603498	0.0250812153978582
chr12	58220841	76	48	38.71	2.02315	2	124	1	2	0.0186749997007112	0.981286268799405	3.87344997826933e-05	1.00010086051248e-09
chr12	58220844	76	49	39.2	2.02315	2	125	1	2	0.0316376509937998	0.968336790266261	2.55617398887691e-05	1.00005047935506e-09
chr12	123186365	82	17	17.17	2.02315	2	99	1	3	1.00000000000002e-09	4.43025852968211e-06	0.986885639638533	0.0131099331029374
chr12	124285741	20	9	31.03	2.02315	2	29	0	NA	NA	NA	NA	NA
chr12	132271151	23	2	8	2.02315	2	25	0	NA	NA	NA	NA	NA
chr12	132856754	58	28	32.56	2.02315	2	86	1	2	1.04595044079941e-05	0.992197652737426	0.0077918899863631	1.77180321363157e-09
chr13	19419789	117	6	4.88	1.73039	NA	123	1	NA	NA	NA	NA	NA
chr13	19419805	124	6	4.62	1.73039	NA	130	1	NA	NA	NA	NA	NA
chr13	19421494	18	4	18.18	1.73039	NA	22	0	NA	NA	NA	NA	NA
chr13	19427371	70	24	25.53	1.73039	NA	94	1	NA	NA	NA	NA	NA
chr13	19427382	72	23	24.21	1.73039	NA	95	1	NA	NA	NA	NA	NA
chr13	19431213	29	7	19.44	1.73039	NA	36	1	NA	NA	NA	NA	NA
chr13	19436107	71	30	29.7	1.73039	NA	101	1	NA	NA	NA	NA	NA
chr13	19436119	78	27	25.71	1.73039	NA	105	1	NA	NA	NA	NA	NA
chr13	27259958	44	3	6.38	1.73039	NA	47	1	NA	NA	NA	NA	NA
chr13	52439776	35	23	39.66	1.73039	NA	58	1	NA	NA	NA	NA	NA
chr13	60566094	23	6	20.69	1.73039	NA	29	0	NA	NA	NA	NA	NA
chr13	60566114	24	6	20	1.73039	NA	30	1	NA	NA	NA	NA	NA
chr13	60566176	29	18	38.3	1.73039	NA	47	1	NA	NA	NA	NA	NA
chr13	60566285	60	29	32.58	1.73039	NA	89	1	NA	NA	NA	NA	NA
chr13	92051124	20	2	9.09	1.73039	NA	22	0	NA	NA	NA	NA	NA
chr14	19807427	40	9	18.37	1.72011	NA	49	1	NA	NA	NA	NA	NA
chr14	20004516	65	14	17.72	1.72011	NA	79	1	NA	NA	NA	NA	NA
chr14	20612328	54	28	34.15	1.72011	NA	82	1	NA	NA	NA	NA	NA
chr14	20849811	31	3	8.82	1.72011	NA	34	1	NA	NA	NA	NA	NA
chr14	53243642	28	10	26.32	1.72011	NA	38	1	NA	NA	NA	NA	NA
chr14	61439169	64	7	9.86	1.72011	NA	71	1	NA	NA	NA	NA	NA
chr14	68055654	33	15	31.25	1.72011	NA	48	1	NA	NA	NA	NA	NA
chr14	76045639	30	2	6.25	1.72011	NA	32	1	NA	NA	NA	NA	NA
chr14	91699116	43	3	6.52	1.72011	NA	46	1	NA	NA	NA	NA	NA
chr14	102808211	24	3	11.11	1.72011	NA	27	0	NA	NA	NA	NA	NA
chr14	105410955	66	35	34.65	1.72011	NA	101	1	NA	NA	NA	NA	NA
chr14	105415370	21	3	12.5	1.72011	NA	24	0	NA	NA	NA	NA	NA
chr14	105415382	25	4	13.79	1.72011	NA	29	0	NA	NA	NA	NA	NA
chr14	105415385	24	4	14.29	1.72011	NA	28	0	NA	NA	NA	NA	NA
chr14	105415386	24	4	14.29	1.72011	NA	28	0	NA	NA	NA	NA	NA
chr14	105415389	26	5	16.13	1.72011	NA	31	1	NA	NA	NA	NA	NA
chr14	105415643	15	5	25	1.72011	NA	20	0	NA	NA	NA	NA	NA
chr14	105415661	15	5	25	1.72011	NA	20	0	NA	NA	NA	NA	NA
chr14	105415662	16	5	23.81	1.72011	NA	21	0	NA	NA	NA	NA	NA
chr14	105418080	48	4	7.69	1.72011	NA	52	1	NA	NA	NA	NA	NA
chr14	105418234	97	19	16.38	1.72011	NA	116	1	NA	NA	NA	NA	NA
chr14	105418235	95	19	16.67	1.72011	NA	114	1	NA	NA	NA	NA	NA
chr14	105418260	101	11	9.82	1.72011	NA	112	1	NA	NA	NA	NA	NA
chr14	105418269	105	9	7.89	1.72011	NA	114	1	NA	NA	NA	NA	NA
chr14	105418275	105	10	8.7	1.72011	NA	115	1	NA	NA	NA	NA	NA
chr15	20876423	124	41	24.85	1.89198	2	165	1	3	1.00433247570282e-09	0.0600976395007667	0.939885063011811	1.73004830902548e-05
chr15	21071368	17	3	15	1.89198	2	20	0	NA	NA	NA	NA	NA
chr15	23605795	89	4	4.3	1.89198	2	93	1	4	1e-09	1e-09	1.82590044679562e-08	0.999999983740996
chr15	30922783	53	4	7.02	1.89198	2	57	1	4	1e-09	1.00000000009851e-09	3.48022242597374e-05	0.99996519977574
chr15	52433547	24	7	22.58	1.89198	2	31	1	3	1.00000507625756e-09	0.00495541242421167	0.994938562553871	0.000106028021912212
chr15	72452658	33	4	10.81	1.89198	2	37	1	4	1e-09	1.00203422154046e-09	0.0328282823121965	0.967171719685769
chr15	72548825	28	12	30	1.89198	2	40	1	2	2.7079997607765e-07	0.922166197298679	0.0778334954367221	4.04646225068061e-08
chr15	74889992	17	9	34.62	1.89198	2	26	0	NA	NA	NA	NA	NA
chr15	75561363	39	3	7.14	1.89198	2	42	1	4	1e-09	1.0000000001893e-09	4.54254548727866e-05	0.999954576545127
chr15	75561366	40	3	6.98	1.89198	2	43	1	4	1e-09	1.00000000007905e-09	3.18147492536305e-05	0.999968187250746
chr15	76030315	88	13	12.87	1.89198	2	101	1	4	1e-09	2.44969645397249e-09	0.370723813840032	0.629276186710272
chr15	82808232	132	14	9.59	1.89198	2	146	1	4	1e-09	1.0000183363509e-09	0.00489298794565219	0.99510701405433
chr15	82934850	129	9	6.52	1.89198	2	138	1	4	1e-09	1.00000000000575e-09	1.09285269761494e-05	0.999989073473024
chr15	82934851	132	10	7.04	1.89198	2	142	1	4	1e-09	1.00000000010992e-09	3.63929965406367e-05	0.999963609003459
chr15	84909275	39	2	4.88	1.89198	2	41	1	4	1e-09	1e-09	1.22193473487734e-07	0.999999879806526
chr15	99677611	19	2	9.52	1.89198	2	21	0	NA	NA	NA	NA	NA
chr15	100332807	48	5	9.43	1.89198	2	53	1	4	1e-09	1.00000947163069e-09	0.00374002363697256	0.996259978363018
chr16	61730	125	23	15.54	1.6599	NA	148	1	NA	NA	NA	NA	NA
chr16	67058	206	17	7.62	1.6599	NA	223	1	NA	NA	NA	NA	NA
chr16	848224	57	18	24	2.01936	2	75	1	3	1.00037728493805e-09	0.0245001267729113	0.975465726833629	3.41493930826467e-05
chr16	1291623	36	9	20	2.01936	2	45	1	3	1.00000000097427e-09	0.000212595616063414	0.998855587895388	0.000931819488548449
chr16	1291624	35	9	20.45	2.01936	2	44	1	3	1.00000000466396e-09	0.00037677735974561	0.998994587962639	0.000628637677615053
chr16	1748996	51	3	5.56	2.01936	2	54	1	4	1e-09	1.00000000000001e-09	9.14223055427688e-07	0.999999087776945
chr16	2114362	51	16	23.88	2.01936	2	67	1	3	1.00026498674769e-09	0.0214957664192249	0.978466676824303	3.75597562069892e-05
chr16	4564182	18	3	14.29	2.01936	2	21	0	NA	NA	NA	NA	NA
chr16	8947282	17	5	22.73	2.01936	2	22	0	NA	NA	NA	NA	NA
chr16	19132298	85	21	19.81	1.63127	NA	106	1	NA	NA	NA	NA	NA
chr16	21771908	28	10	26.32	1.63127	NA	38	1	NA	NA	NA	NA	NA
chr16	31485601	40	3	6.98	1.63127	NA	43	1	NA	NA	NA	NA	NA
chr16	32095646	97	17	14.91	1.63127	NA	114	1	NA	NA	NA	NA	NA
chr16	32893792	40	10	20	1.63127	NA	50	1	NA	NA	NA	NA	NA
chr16	32893876	90	13	12.62	1.63127	NA	103	1	NA	NA	NA	NA	NA
chr16	33366864	72	18	20	1.63127	NA	90	1	NA	NA	NA	NA	NA
chr16	33366876	61	9	12.86	1.63127	NA	70	1	NA	NA	NA	NA	NA
chr16	33366914	47	18	27.69	1.63127	NA	65	1	NA	NA	NA	NA	NA
chr16	33542293	94	7	6.93	1.63127	NA	101	1	NA	NA	NA	NA	NA
chr16	33542294	100	7	6.54	1.63127	NA	107	1	NA	NA	NA	NA	NA
chr16	33542315	180	11	5.76	1.63127	NA	191	1	NA	NA	NA	NA	NA
chr16	49671580	40	3	6.98	1.63127	NA	43	1	NA	NA	NA	NA	NA
chr16	58701133	23	2	8	1.63127	NA	25	0	NA	NA	NA	NA	NA
chr16	69996891	48	2	4	1.63127	NA	50	1	NA	NA	NA	NA	NA
chr16	71488101	18	2	10	1.63127	NA	20	0	NA	NA	NA	NA	NA
chr16	74366672	23	11	32.35	1.63127	NA	34	1	NA	NA	NA	NA	NA
chr16	74366694	16	6	27.27	1.63127	NA	22	0	NA	NA	NA	NA	NA
chr16	75513187	29	2	6.45	1.63127	NA	31	1	NA	NA	NA	NA	NA
chr16	85699864	20	2	9.09	1.43804	NA	22	0	NA	NA	NA	NA	NA
chr16	87921829	20	16	44.44	1.43804	NA	36	1	NA	NA	NA	NA	NA
chr16	89178474	26	9	25.71	1.43804	NA	35	1	NA	NA	NA	NA	NA
chr16	90233687	48	6	11.11	1.43804	NA	54	1	NA	NA	NA	NA	NA
chr16	90233790	70	7	9.09	1.43804	NA	77	1	NA	NA	NA	NA	NA
chr16	90233807	54	4	6.9	1.43804	NA	58	1	NA	NA	NA	NA	NA
chr16	90235223	48	4	7.69	1.43804	NA	52	1	NA	NA	NA	NA	NA
chr16	90235444	46	2	4.17	1.43804	NA	48	1	NA	NA	NA	NA	NA
chr16	90235577	58	5	7.94	1.43804	NA	63	1	NA	NA	NA	NA	NA
chr16	90235595	49	4	7.55	1.43804	NA	53	1	NA	NA	NA	NA	NA
chr16	90235999	17	4	19.05	1.43804	NA	21	0	NA	NA	NA	NA	NA
chr16	90236160	17	6	26.09	1.43804	NA	23	0	NA	NA	NA	NA	NA
chr16	90236599	30	4	11.76	1.43804	NA	34	1	NA	NA	NA	NA	NA
chr16	90236610	24	4	14.29	1.43804	NA	28	0	NA	NA	NA	NA	NA
chr17	417734	58	3	4.92	1.43137	NA	61	1	NA	NA	NA	NA	NA
chr17	417735	57	3	5	1.43137	NA	60	1	NA	NA	NA	NA	NA
chr17	1399738	20	5	20	1.43137	NA	25	0	NA	NA	NA	NA	NA
chr17	1399765	18	6	25	1.43137	NA	24	0	NA	NA	NA	NA	NA
chr17	5036823	44	10	18.52	1.82792	2	54	1	3	1.00000000000441e-09	2.99354474027991e-05	0.996393539931444	0.00357652762115318
chr17	5041731	25	3	10.71	1.82792	2	28	0	NA	NA	NA	NA	NA
chr17	7010419	43	2	4.44	1.82792	2	45	1	4	1e-09	1e-09	2.92480371237823e-08	0.999999972751963
chr17	8222136	23	2	8	1.82792	2	25	0	NA	NA	NA	NA	NA
chr17	10533766	28	2	6.67	1.82792	2	30	1	4	1e-09	1.00000000001378e-09	1.56025500481949e-05	0.999984399449952
chr17	17718157	27	2	6.9	1.82792	2	29	0	NA	NA	NA	NA	NA
chr17	18054059	22	2	8.33	1.82792	2	24	0	NA	NA	NA	NA	NA
chr17	20407154	52	12	18.75	1.82792	2	64	1	3	1.00000000001047e-09	4.09415504505763e-05	0.997072564985768	0.00288649646378101
chr17	21199051	27	3	10	1.82792	2	30	1	4	1e-09	1.00009508524637e-09	0.00954711983212865	0.990452882167776
chr17	21904804	448	23	4.88	1.82792	2	471	1	4	1e-09	1e-09	1.22193473487734e-07	0.999999879806526
chr17	25748660	95	4	4.04	1.82792	2	99	1	4	1e-09	1e-09	7.62433320722538e-09	0.999999994375667
chr17	25985784	24	7	22.58	1.82792	2	31	1	3	1.00000507625756e-09	0.00495541242421167	0.994938562553871	0.000106028021912212
chr17	30372919	37	12	24.49	1.82792	2	49	1	3	1.00156217583485e-09	0.0413820526112962	0.958594830626433	2.31197607080271e-05
chr17	34495990	17	7	29.17	1.82792	2	24	0	NA	NA	NA	NA	NA
chr17	34499770	83	7	7.78	1.82792	2	90	1	4	1e-09	1.00000000522756e-09	0.000175805280766068	0.999824196719234
chr17	36453125	37	8	17.78	1.82792	2	45	1	3	1.00000000000025e-09	1.06772439910813e-05	0.992762276585824	0.00722704917018478
chr17	36687800	19	4	17.39	1.82792	2	23	0	NA	NA	NA	NA	NA
chr17	37830959	28	3	9.68	1.82792	2	31	1	4	1e-09	1.00002646654658e-09	0.00568028064571534	0.994319721354258
chr17	39382884	118	8	6.35	1.82792	2	126	1	4	1e-09	1.00000000000209e-09	7.23085638786582e-06	0.999992771143612
chr17	39389378	146	6	3.95	1.82792	2	152	1	4	1e-09	1e-09	5.68952095173004e-09	0.999999996310479
chr17	39406638	189	26	12.09	1.82792	2	215	1	4	1e-09	1.15261087030302e-09	0.173926461142496	0.826073540704893
chr17	39881217	32	3	8.57	1.82792	2	35	1	4	1e-09	1.00000022458367e-09	0.000814508373784155	0.999185493626215
chr17	45214558	909	79	8	1.82792	2	988	1	4	1e-09	1.0000000154209e-09	0.000273283909274495	0.999726718090725
chr17	45214564	968	66	6.38	1.82792	2	1034	1	4	1e-09	1.0000000000025e-09	7.78343269685234e-06	0.999992218567303
chr17	45214604	652	27	3.98	1.82792	2	678	1	4	1e-09	1e-09	6.26620344405791e-09	0.999999995733796
chr17	45214606	609	46	7.02	1.82792	2	655	1	4	1e-09	1.00000000009851e-09	3.48022242597374e-05	0.99996519977574
chr17	45214636	465	29	5.87	1.82792	2	494	1	4	1e-09	1.0000000000001e-09	2.12346803426542e-06	0.999997878531966
chr17	45219226	74	26	26	1.82792	2	100	1	3	1.09570570608261e-09	0.179152303015969	0.820841206175724	6.49371260101224e-06
chr17	45219723	90	7	7.22	1.82792	2	97	1	4	1e-09	1.00000000029092e-09	5.41270653454536e-05	0.999945874934654
chr17	45221273	77	106	57.92	1.82792	2	183	1	1	0.999997317278097	2.68472190292148e-06	1.00000003842701e-09	1e-09
chr17	45221298	79	111	58.42	1.82792	2	190	1	1	0.999998092400271	1.90959972947434e-06	1.00000001868e-09	1e-09
chr17	45221317	62	81	56.64	1.82792	2	143	1	1	0.999993459124007	6.54287599268085e-06	1.00000024735225e-09	1e-09
chr17	45229200	66	54	45	1.82792	2	120	1	1	0.920824132041424	0.079175849219847	2.17387290717116e-08	1.00000000172118e-09
chr17	45229207	67	55	45.08	1.82792	2	122	1	1	0.926115352869196	0.0738846309427558	1.91880482149866e-08	1.00000000144648e-09
chr17	45229209	69	61	46.92	1.82792	2	130	1	1	0.985366362159317	0.0146336389691927	1.8714907927404e-09	1.00000000002615e-09
chr17	45229221	78	71	47.65	1.82792	2	149	1	1	0.992274076574847	0.00772592516208202	1.26307116526735e-09	1.00000000000538e-09
chr17	45229228	82	73	47.1	1.82792	2	155	1	1	0.987506880427565	0.0124931209243474	1.64808781396249e-09	1.00000000001769e-09
chr17	45229234	83	73	46.79	1.82792	2	156	1	1	0.983592249917335	0.016407751002998	2.0796673936945e-09	1.00000000003469e-09
chr17	45229240	82	68	45.33	1.82792	2	150	1	1	0.940562756347092	0.0594372335986276	1.30542800110458e-08	1.0000000008392e-09
chr17	45229253	91	51	35.92	1.82792	2	142	1	2	0.000753375785082136	0.9988372242292	0.000409402980392513	1.0053256640219e-09
chr17	45229254	92	52	36.11	1.82792	2	144	1	2	0.000946570205394567	0.998705401094263	0.000348031696292487	1.00404945227408e-09
chr17	45229261	92	51	35.66	1.82792	2	143	1	2	0.000550022721305697	0.99893834687177	0.000511633399167525	1.00775709949038e-09
chr17	45232102	73	17	18.89	1.82792	2	90	1	3	1.00000000001764e-09	4.9458213625907e-05	0.997414631694031	0.00253591309234302
chr17	45232109	70	17	19.54	1.82792	2	87	1	3	1.00000000018978e-09	0.000117145446958708	0.998479454953043	0.00140340259999858
chr17	45232113	61	17	21.79	1.82792	2	78	1	3	1.0000004098199e-09	0.00195295384228605	0.997844835528407	0.000202213629306607
chr17	45232119	63	19	23.17	1.82792	2	82	1	3	1.00003144203424e-09	0.00974783019249082	0.990186142430816	6.60303766615916e-05
chr17	45249306	44	33	42.86	1.82792	2	77	1	1	0.596609075688593	0.403390362754989	5.64556417831903e-07	1.00000014772176e-09
chr17	45249316	47	36	43.37	1.82792	2	83	1	1	0.709580901443467	0.290418828994658	2.7256187549638e-07	1.00000005402294e-09
chr17	45249330	52	47	47.47	1.82792	2	99	1	1	0.990962435830557	0.00903756581629256	1.35315004881395e-09	1.00000000000793e-09
chr17	45249365	63	38	37.62	1.82792	2	101	1	2	0.00553243147017958	0.994370657061406	9.69144679444366e-05	1.00046969259996e-09
chr17	45249372	60	38	38.78	1.82792	2	98	1	2	0.0201529254315081	0.979810567012485	3.65105559158968e-05	1.00009137786659e-09
chr17	45249391	52	19	26.76	1.82792	2	71	1	3	1.61985603312893e-09	0.324752963632996	0.675243936085688	3.10266145982319e-06
chr17	60347169	86	11	11.34	1.82792	2	97	1	4	1e-09	1.01320127349663e-09	0.0688193196050897	0.931180682381709
chr17	60347179	80	16	16.67	1.82792	2	96	1	3	1e-09	2.10487353496875e-06	0.978428644161343	0.0215692539651215
chr17	66872715	45	16	26.23	2.76446	3	61	1	NA	NA	NA	NA	NA
chr17	70643260	51	11	17.74	2.76446	3	62	1	NA	NA	NA	NA	NA
chr17	71334110	57	9	13.64	2.76446	3	66	1	NA	NA	NA	NA	NA
chr17	72862443	31	3	8.82	2.76446	3	34	1	NA	NA	NA	NA	NA
chr17	74945979	77	5	6.1	2.76446	3	82	1	NA	NA	NA	NA	NA
chr17	78321948	15	5	25	2.76446	3	20	0	NA	NA	NA	NA	NA
chr17	79873655	44	6	12	2.76446	3	50	1	NA	NA	NA	NA	NA
chr18	48084	144	37	20.44	2.08204	2	181	1	3	1.00000000450606e-09	0.000372057875050118	0.998993831498485	0.000634113626464639
chr18	49546	13	9	40.91	2.08204	2	22	0	NA	NA	NA	NA	NA
chr18	910082	94	25	21.01	2.08204	2	119	1	3	1.00000003129321e-09	0.000757237831915526	0.998854001902037	0.000388763266047031
chr18	14184164	97	17	14.91	2.08204	2	114	1	3	1e-09	1.21105872897032e-07	0.872434415500689	0.127565466393438
chr18	14192290	53	4	7.02	2.08204	2	57	1	4	1e-09	1.00000000009851e-09	3.48022242597374e-05	0.99996519977574
chr18	14197128	85	15	15	2.08204	2	100	1	3	1e-09	1.41872139348134e-07	0.88328721313321	0.11671264799465
chr18	14204338	49	4	7.55	2.08204	2	53	1	4	1e-09	1.00000000163546e-09	0.00010945317314625	0.999890548826854
chr18	14204362	57	4	6.56	2.08204	2	61	1	4	1e-09	1.00000000000728e-09	1.20260647232826e-05	0.999987975935277
chr18	14220332	78	19	19.59	2.08204	2	97	1	3	1.00000000022711e-09	0.000125054838501847	0.998533130258941	0.00134181790255757
chr18	14337838	91	8	8.08	2.08204	2	99	1	4	1e-09	1.00000002269649e-09	0.000319931627586178	0.999680070372414
chr18	14337915	129	13	9.15	2.08204	2	142	1	4	1e-09	1.0000029049664e-09	0.00231161635319474	0.997688385646802
chr18	14337916	128	13	9.22	2.08204	2	141	1	4	1e-09	1.0000039159012e-09	0.00261053341247615	0.99738946858752
chr18	14337922	129	13	9.15	2.08204	2	142	1	4	1e-09	1.0000029049664e-09	0.00231161635319474	0.997688385646802
chr18	14337939	146	11	7.01	2.08204	2	157	1	4	1e-09	1.00000000009324e-09	3.40315743884858e-05	0.999965970425612
chr18	14337944	144	9	5.88	2.08204	2	153	1	4	1e-09	1.00000000000011e-09	2.18044806425808e-06	0.999997821551936
chr18	14337981	132	12	8.33	2.08204	2	144	1	4	1e-09	1.00000007424344e-09	0.000518702863406937	0.999481299136593
chr18	18540317	18	3	14.29	2.08204	2	21	0	NA	NA	NA	NA	NA
chr18	47363917	47	4	7.84	2.08204	2	51	1	4	1e-09	1.00000000704125e-09	0.00019850915655609	0.999801492843444
chr18	47364009	107	6	5.31	2.08204	2	113	1	4	1e-09	1e-09	4.48409409667884e-07	0.99999955359059
chr18	48701488	82	13	13.68	2.08204	2	95	1	3	1e-09	1.15095055517182e-08	0.618343318135989	0.381656673354506
chr18	66342500	49	3	5.77	1.94963	2	52	1	4	1e-09	1.00000000000005e-09	1.62560994401384e-06	0.999998376390056
chr19	2877745	77	4	4.94	1.74872	NA	81	1	NA	NA	NA	NA	NA
chr19	9002587	63	14	18.18	1.74872	NA	77	1	NA	NA	NA	NA	NA
chr19	9012911	32	6	15.79	1.74872	NA	38	1	NA	NA	NA	NA	NA
chr19	9012918	32	8	20	1.74872	NA	40	1	NA	NA	NA	NA	NA
chr19	9012930	28	8	22.22	1.74872	NA	36	1	NA	NA	NA	NA	NA
chr19	9012937	30	7	18.92	1.74872	NA	37	1	NA	NA	NA	NA	NA
chr19	9012947	28	9	24.32	1.74872	NA	37	1	NA	NA	NA	NA	NA
chr19	9012958	23	8	25.81	1.74872	NA	31	1	NA	NA	NA	NA	NA
chr19	9012982	15	5	25	1.74872	NA	20	0	NA	NA	NA	NA	NA
chr19	9012983	16	5	23.81	1.74872	NA	21	0	NA	NA	NA	NA	NA
chr19	9017485	24	7	22.58	1.74872	NA	31	1	NA	NA	NA	NA	NA
chr19	9021069	45	21	31.82	1.74872	NA	66	1	NA	NA	NA	NA	NA
chr19	9025584	45	6	11.76	1.74872	NA	51	1	NA	NA	NA	NA	NA
chr19	9027646	40	7	14.89	1.74872	NA	47	1	NA	NA	NA	NA	NA
chr19	9027653	44	5	10.2	1.74872	NA	49	1	NA	NA	NA	NA	NA
chr19	11333584	37	3	7.5	1.74872	NA	40	1	NA	NA	NA	NA	NA
chr19	15989696	36	8	18.18	1.74872	NA	44	1	NA	NA	NA	NA	NA
chr19	21567531	243	22	8.3	1.74872	NA	265	1	NA	NA	NA	NA	NA
chr19	21567584	239	23	8.78	1.74872	NA	262	1	NA	NA	NA	NA	NA
chr19	21567587	229	28	10.89	1.74872	NA	257	1	NA	NA	NA	NA	NA
chr19	21567604	226	18	7.38	1.74872	NA	244	1	NA	NA	NA	NA	NA
chr19	21567613	200	24	10.71	1.74872	NA	224	1	NA	NA	NA	NA	NA
chr19	22171646	99	6	5.71	1.74872	NA	105	1	NA	NA	NA	NA	NA
chr19	22171651	104	6	5.45	1.74872	NA	110	1	NA	NA	NA	NA	NA
chr19	22171667	102	6	5.56	1.74872	NA	108	1	NA	NA	NA	NA	NA
chr19	22171701	86	5	5.49	1.74872	NA	91	1	NA	NA	NA	NA	NA
chr19	22171761	50	5	9.09	1.74872	NA	55	1	NA	NA	NA	NA	NA
chr19	22171762	50	5	9.09	1.74872	NA	55	1	NA	NA	NA	NA	NA
chr19	22270882	85	8	8.6	1.74872	NA	93	1	NA	NA	NA	NA	NA
chr19	23544867	222	13	5.53	1.74872	NA	235	1	NA	NA	NA	NA	NA
chr19	36297777	29	2	6.45	1.74872	NA	31	1	NA	NA	NA	NA	NA
chr19	40408298	21	5	19.23	1.54521	NA	26	0	NA	NA	NA	NA	NA
chr19	44792932	48	3	5.88	1.54521	NA	51	1	NA	NA	NA	NA	NA
chr19	45418130	42	2	4.55	1.54521	NA	44	1	NA	NA	NA	NA	NA
chr19	46026035	46	3	6.12	1.54521	NA	49	1	NA	NA	NA	NA	NA
chr19	50637049	138	25	15.34	0.694044	NA	163	1	NA	NA	NA	NA	NA
chr19	54058533	35	17	32.69	1.80413	2	52	1	2	1.24566981721515e-05	0.993053175647288	0.0069343700209659	1.63357397984724e-09
chr19	54745989	36	10	21.74	1.80413	2	46	1	3	1.00000034844735e-09	0.00183942671724259	0.997949817961882	0.000210758320874701
chr19	55085345	140	10	6.67	1.80413	2	150	1	4	1e-09	1.00000000001378e-09	1.56025500481949e-05	0.999984399449952
chr19	55209195	44	19	30.16	1.80413	2	63	1	2	3.45512232893018e-07	0.932406131848752	0.0675934947703211	3.18686938151838e-08
chr19	55286665	23	6	20.69	1.80413	2	29	0	NA	NA	NA	NA	NA
chr19	55344235	72	6	7.69	1.80413	2	78	1	4	1e-09	1.00000000333051e-09	0.00014628134515403	0.999853720654846
chr19	55358792	31	16	34.04	1.80413	2	47	1	2	7.2977347130409e-05	0.99783608949298	0.00209093607638432	1.08350578921824e-09
chr2	905366	105	7	6.25	2.03383	2	112	1	4	1e-09	1.00000000000114e-09	5.64342102467448e-06	0.999994358578975
chr2	8953170	20	4	16.67	2.03383	2	24	0	NA	NA	NA	NA	NA
chr2	25170314	70	30	30	2.03383	2	100	1	2	2.7079997607765e-07	0.922166197298679	0.0778334954367221	4.04646225068061e-08
chr2	26101160	23	2	8	2.03383	2	25	0	NA	NA	NA	NA	NA
chr2	65296814	22	4	15.38	2.03383	2	26	0	NA	NA	NA	NA	NA
chr2	89104284	157	9	5.42	2.03383	2	166	1	4	1e-09	1e-09	6.15796336982158e-07	0.999999386203663
chr2	89104959	114	10	8.06	2.03383	2	124	1	4	1e-09	1.00000002061307e-09	0.000307614052537217	0.999692387947462
chr2	95495124	103	18	14.88	2.03383	2	121	1	3	1e-09	1.14838283534051e-07	0.868616410849223	0.131383477312493
chr2	95495232	103	31	23.13	2.03383	2	134	1	3	1.00002782699664e-09	0.00931574046911584	0.990616089953906	6.81725769503017e-05
chr2	95495867	76	13	14.61	2.03383	2	89	1	3	1e-09	7.05308894457663e-08	0.829375114700837	0.170624817768273
chr2	95495911	83	7	7.78	2.03383	2	90	1	4	1e-09	1.00000000522756e-09	0.000175805280766068	0.999824196719234
chr2	95508769	64	5	7.25	2.03383	2	69	1	4	1e-09	1.0000000003414e-09	5.77767581783621e-05	0.999942225241822
chr2	95513820	163	26	13.76	2.03383	2	189	1	3	1e-09	1.35428601003524e-08	0.640965284470542	0.359034704986598
chr2	95513854	141	27	16.07	2.03383	2	168	1	3	1e-09	8.3397343933428e-07	0.96044272094236	0.0395564480842007
chr2	95515244	32	7	17.95	2.03383	2	39	1	3	1.00000000000049e-09	1.35756657395581e-05	0.993849263286189	0.00613716404807147
chr2	95542363	36	16	30.77	2.03383	2	52	1	2	8.5513020352581e-07	0.960811711311745	0.0391874245081856	1.30498659130279e-08
chr2	95542376	34	16	32	2.03383	2	50	1	2	4.87807948016035e-06	0.987095913896895	0.0128992092102192	2.81340531048004e-09
chr2	95542377	32	15	31.91	2.03383	2	47	1	2	4.30843364071816e-06	0.986004773613598	0.0139909188712947	3.08146650570031e-09
chr2	95542416	26	8	23.53	2.03383	2	34	1	3	1.00009346594925e-09	0.0146060392172289	0.98534438252152	4.95812611571743e-05
chr2	95542419	27	8	22.86	2.03383	2	35	1	3	1.0000121325536e-09	0.00684573194360689	0.993069649516132	8.46215402493545e-05
chr2	95558293	60	10	14.29	2.03383	2	70	1	3	1e-09	3.86773059948918e-08	0.770338478546724	0.22966148577597
chr2	95558295	61	11	15.28	2.03383	2	72	1	3	1e-09	2.29720051886135e-07	0.911791232411403	0.0882085408685453
chr2	96521552	592	46	7.21	1.07691	1	638	1	NA	NA	NA	NA	NA
chr2	96525849	192	19	9	1.07691	1	211	1	NA	NA	NA	NA	NA
chr2	96593100	161	14	8	1.97165	2	175	1	4	1e-09	1.0000000154209e-09	0.000273283909274495	0.999726718090725
chr2	96593108	142	28	16.47	1.97165	2	170	1	3	1e-09	1.55263395858348e-06	0.973620369601746	0.0263780807642954
chr2	96610329	63	5	7.35	1.97165	2	68	1	4	1e-09	1.00000000057936e-09	7.16844859998448e-05	0.999928317514
chr2	97749417	57	4	6.56	1.97165	2	61	1	4	1e-09	1.00000000000728e-09	1.20260647232826e-05	0.999987975935277
chr2	97812323	35	12	25.53	1.97165	2	47	1	3	1.02793716338762e-09	0.117221794330541	0.882768379603029	9.82903849305153e-06
chr2	97812327	34	13	27.66	1.97165	2	47	1	2	5.4840655112335e-09	0.545733982772444	0.454264903088415	1.11265507554859e-06
chr2	97812385	27	5	15.62	1.97165	2	32	1	3	1e-09	4.04727677500569e-07	0.937482338316451	0.0625172599558713
chr2	97833773	89	11	11	1.97165	2	100	1	4	1e-09	1.00402697246536e-09	0.0430969699008651	0.956903032095108
chr2	97851144	106	12	10.17	1.97165	2	118	1	4	1e-09	1.00018458000193e-09	0.012490635773836	0.987509366225979
chr2	97909778	156	35	18.32	1.97165	2	191	1	3	1.00000000000206e-09	2.27381351473062e-05	0.995660831743899	0.00431643312095399
chr2	98354605	19	3	13.64	1.97165	2	22	0	NA	NA	NA	NA	NA
chr2	114353296	201	12	5.63	1.97165	2	213	1	4	1e-09	1.00000000000002e-09	1.11006021624822e-06	0.999998891939784
chr2	132044689	83	6	6.74	1.97165	2	89	1	4	1e-09	1.00000000002058e-09	1.83753972819354e-05	0.999981626602718
chr2	132044701	92	8	8	1.97165	2	100	1	4	1e-09	1.0000000154209e-09	0.000273283909274495	0.999726718090725
chr2	132044797	185	23	11.06	1.97165	2	208	1	4	1e-09	1.00498190527072e-09	0.046893344726382	0.953106657268636
chr2	133014633	19	4	17.39	1.97165	2	23	0	NA	NA	NA	NA	NA
chr2	133015150	341	29	7.84	1.97165	2	370	1	4	1e-09	1.00000000704125e-09	0.00019850915655609	0.999801492843444
chr2	133015265	105	15	12.5	1.97165	2	120	1	4	1e-09	1.51917095320646e-09	0.266965582686609	0.733034418794221
chr2	133015475	212	23	9.79	1.97165	2	235	1	4	1e-09	1.00004126577676e-09	0.00680366871429228	0.993196333285666
chr2	168572636	48	3	5.88	2.08522	2	51	1	4	1e-09	1.00000000000011e-09	2.18044806425808e-06	0.999997821551936
chr2	197595616	59	18	23.38	2.08522	2	77	1	3	1.0000594899909e-09	0.0123512234990408	0.987592920742348	5.58587585513093e-05
chr2	227599186	42	16	27.59	2.08522	2	58	1	2	4.88133165202519e-09	0.528218791707786	0.471779994568633	1.21284225022298e-06
chr2	234094469	44	27	38.03	2.08522	2	71	1	2	0.00879783172959563	0.991133515228595	6.86560415465423e-05	1.00026313355636e-09
chr2	242512651	48	11	18.64	1.95857	2	59	1	3	1.00000000000693e-09	3.52622889940615e-05	0.996767441359629	0.00319729935137703
chr20	25753715	107	25	18.94	2.12299	2	132	1	3	1.00000000002124e-09	5.28963474732456e-05	0.997525366234276	0.00242174041825053
chr20	25900262	140	42	23.08	2.12299	2	182	1	3	1.0000238796738e-09	0.00880148494906417	0.99112756746737	7.09505835418277e-05
chr20	26064389	70	17	19.54	2.12299	2	87	1	3	1.00000000018978e-09	0.000117145446958708	0.998479454953043	0.00140340259999858
chr20	26064412	71	16	18.39	2.12299	2	87	1	3	1.00000000000269e-09	2.50428562023117e-05	0.995934165054584	0.00404079508921389
chr20	26188828	20	2	9.09	2.12299	2	22	0	NA	NA	NA	NA	NA
chr20	26188852	29	4	12.12	2.12299	2	33	1	4	1e-09	1.16740186731938e-09	0.179845082304326	0.820154919528272
chr20	26188875	40	4	9.09	2.12299	2	44	1	4	1e-09	1.00000224509787e-09	0.00208131325417895	0.997918688745819
chr20	26188880	30	4	11.76	2.12299	2	34	1	4	1e-09	1.05361685615207e-09	0.118021403280621	0.881978598665763
chr20	26188905	51	7	12.07	2.12299	2	58	1	4	1e-09	1.14344821456683e-09	0.170059748470565	0.829940253385987
chr20	26188909	46	6	11.54	2.12299	2	52	1	4	1e-09	1.02597292956236e-09	0.08949246079814	0.910507541175887
chr20	29624258	95	8	7.77	2.12299	2	103	1	4	1e-09	1.00000000497336e-09	0.000172267517485461	0.999827734482515
chr20	29625965	410	36	8.07	2.12299	2	446	1	4	1e-09	1.00000002163031e-09	0.00031371596940229	0.999686286030598
chr20	29626101	108	14	11.48	2.12299	2	122	1	4	1e-09	1.02123761650775e-09	0.0827987449197342	0.917201257059028
chr20	29628205	288	18	5.88	2.12299	2	306	1	4	1e-09	1.00000000000011e-09	2.18044806425808e-06	0.999997821551936
chr20	29628229	299	24	7.43	2.12299	2	323	1	4	1e-09	1.00000000088022e-09	8.50166279760113e-05	0.999914985372024
chr20	29631702	103	8	7.21	2.12299	2	111	1	4	1e-09	1.00000000027577e-09	5.29594690381141e-05	0.999947042530962
chr20	29637739	49	11	18.33	2.12299	2	60	1	3	1.00000000000214e-09	2.30543692002491e-05	0.995701064077817	0.00427588455298266
chr20	30919521	16	4	20	2.12299	2	20	0	NA	NA	NA	NA	NA
chr20	30919530	18	4	18.18	2.12299	2	22	0	NA	NA	NA	NA	NA
chr20	35156558	16	4	20	2.12299	2	20	0	NA	NA	NA	NA	NA
chr20	48123715	39	14	26.42	2.12299	2	53	1	3	1.27431940051963e-09	0.252848594897065	0.747147036284091	4.37154452477343e-06
chr20	50305681	36	14	28	2.12299	2	50	1	2	9.84214115207744e-09	0.628062956164406	0.371936316836254	7.21157198280534e-07
chr20	61578081	68	22	24.44	2.12299	2	90	1	3	1.0013535884243e-09	0.0392582950759474	0.960717645157853	2.40627648455706e-05
chr20	62724252	24	3	11.11	2.12299	2	27	0	NA	NA	NA	NA	NA
chr21	9756052	44	7	13.73	2.2035	2	51	1	3	1e-09	1.27421790806357e-08	0.632562689360162	0.367437300897659
chr21	9919664	21	8	27.59	2.2035	2	29	0	NA	NA	NA	NA	NA
chr21	9921993	25	9	26.47	2.2035	2	34	1	3	1.30993308357924e-09	0.262775733704328	0.737220106712997	4.16227274155434e-06
chr21	9926991	193	20	9.39	2.2035	2	213	1	4	1e-09	1.00000801648136e-09	0.00349458007012925	0.996505421929863
chr21	9968471	52	4	7.14	2.2035	2	56	1	4	1e-09	1.0000000001893e-09	4.54254548727866e-05	0.999954576545127
chr21	10164401	154	12	7.23	2.2035	2	166	1	4	1e-09	1.00000000030688e-09	5.53188321299114e-05	0.99994468316787
chr21	10969886	22	4	15.38	2.2035	2	26	0	NA	NA	NA	NA	NA
chr21	11039527	87	9	9.38	2.2035	2	96	1	4	1e-09	1.00000768826018e-09	0.00343562680661827	0.996564375193374
chr21	11058085	174	14	7.45	2.2035	2	188	1	4	1e-09	1.00000000097659e-09	8.86964806405794e-05	0.999911305519359
chr21	15320342	101	5	4.72	2.2035	2	106	1	4	1e-09	1e-09	7.34572728409088e-08	0.999999928542727
chr21	15329614	107	13	10.83	2.2035	2	120	1	4	1e-09	1.00218723896856e-09	0.0337937234312056	0.966206278566607
chr21	15329615	106	13	10.92	2.2035	2	119	1	4	1e-09	1.00302570599007e-09	0.0384645323942489	0.961535469602725
chr21	15336810	23	6	20.69	2.2035	2	29	0	NA	NA	NA	NA	NA
chr21	15336812	23	6	20.69	2.2035	2	29	0	NA	NA	NA	NA	NA
chr21	15343502	208	13	5.88	2.2035	2	221	1	4	1e-09	1.00000000000011e-09	2.18044806425808e-06	0.999997821551936
chr21	34399524	33	12	26.67	2.2035	2	45	1	3	1.50126781662441e-09	0.304758502905191	0.695238094763746	3.40482979549708e-06
chr21	38124443	48	23	32.39	2.2035	2	71	1	2	8.312046646641e-06	0.990914069617741	0.00907762033600517	1.99960718230175e-09
chr22	18769261	46	3	6.12	1.78312	2	49	1	4	1e-09	1.00000000000051e-09	4.06571821023972e-06	0.99999593628179
chr22	18841011	53	13	19.7	1.78312	2	66	1	3	1.00000000033663e-09	0.000144316472594922	0.998639627705085	0.00121605882232015
chr22	21045443	134	22	14.1	1.78312	2	156	1	3	1e-09	2.67424709173131e-08	0.728399949065833	0.271600027191696
chr22	21045452	145	21	12.65	1.78312	2	166	1	4	1e-09	1.79452744478633e-09	0.307126940128655	0.692873061076818
chr22	21050335	196	21	9.68	1.78312	2	217	1	4	1e-09	1.00002646654658e-09	0.00568028064571534	0.994319721354258
chr22	21403375	66	13	16.46	1.78312	2	79	1	3	1e-09	1.52902505237369e-06	0.97335288551991	0.0266455884550378
chr22	21403376	67	13	16.25	1.78312	2	80	1	3	1e-09	1.10557967159841e-06	0.967047608405985	0.0329512890143439
chr22	22975936	48	3	5.88	1.78312	2	51	1	4	1e-09	1.00000000000011e-09	2.18044806425808e-06	0.999997821551936
chr22	23741995	23	2	8	1.78312	2	25	0	NA	NA	NA	NA	NA
chr22	25006483	43	13	23.21	1.78312	2	56	1	3	1.00003551899046e-09	0.0101991498309867	0.989736896295215	6.39568737628209e-05
chr22	25044103	131	10	7.09	1.78312	2	141	1	4	1e-09	1.00000000014438e-09	4.06741469839231e-05	0.999959327853016
chr22	25044108	133	10	6.99	1.78312	2	143	1	4	1e-09	1.00000000008353e-09	3.25381480025212e-05	0.999967463851997
chr22	25044982	70	15	17.65	1.78312	2	85	1	3	1.00000000000015e-09	8.87327819400534e-06	0.991795655320922	0.00819547440088429
chr22	29709880	21	3	12.5	1.45015	NA	24	0	NA	NA	NA	NA	NA
chr22	30637367	33	3	8.33	1.45015	NA	36	1	NA	NA	NA	NA	NA
chr22	38776379	79	11	12.22	1.45015	NA	90	1	NA	NA	NA	NA	NA
chr22	51117787	25	3	10.71	1.34966	NA	28	0	NA	NA	NA	NA	NA
chr3	10085406	43	7	14	1.9156	2	50	1	3	1e-09	2.19450451049363e-08	0.704271671185522	0.295728309869433
chr3	10089480	19	8	29.63	1.9156	2	27	0	NA	NA	NA	NA	NA
chr3	10089497	28	10	26.32	1.9156	2	38	1	3	1.21443245981994e-09	0.233713859579038	0.766281327371647	4.81583488338549e-06
chr3	10089499	32	9	21.95	1.9156	2	41	1	3	1.00000068708883e-09	0.00236368534402246	0.997459108825729	0.000177208830248221
chr3	16357885	62	3	4.62	1.9156	2	65	1	4	1e-09	1e-09	5.30868421676926e-08	0.999999948913158
chr3	38156627	16	4	20	1.9156	2	20	0	NA	NA	NA	NA	NA
chr3	41275104	38	11	22.45	1.9156	2	49	1	3	1.00000337500238e-09	0.00425975962151354	0.995622448466974	0.00011779491150928
chr3	48481878	34	2	5.56	1.9156	2	36	1	4	1e-09	1.00000000000001e-09	9.14223055427688e-07	0.999999087776945
chr3	48619865	48	2	4	1.9156	2	50	1	4	1e-09	1e-09	6.68686822524829e-09	0.999999995313132
chr3	48619999	48	2	4	1.9156	2	50	1	4	1e-09	1e-09	6.68686822524829e-09	0.999999995313132
chr3	49724011	74	5	6.33	1.9156	2	79	1	4	1e-09	1.00000000000185e-09	6.88318195082769e-06	0.999993118818049
chr3	49724014	71	7	8.97	1.9156	2	78	1	4	1e-09	1.00000133454612e-09	0.00168388277785722	0.998316119222141
chr3	50005069	18	2	10	1.9156	2	20	0	NA	NA	NA	NA	NA
chr3	50686492	43	4	8.51	1.9156	2	47	1	4	1e-09	1.00000017076043e-09	0.000728432902000292	0.999271569097999
chr3	70008391	28	15	34.88	1.9156	2	43	1	2	0.000210717262228782	0.998785796852525	0.00100348886106801	1.0241776439197e-09
chr3	75406025	166	10	5.68	1.9156	2	176	1	4	1e-09	1.00000000000003e-09	1.27337257791181e-06	0.999998728627422
chr3	75713720	176	26	12.87	1.9156	2	202	1	4	1e-09	2.44969645397249e-09	0.370723813840032	0.629276186710272
chr3	75714231	184	18	8.91	1.9156	2	202	1	4	1e-09	1.00000102640973e-09	0.00151306853651161	0.998486933463487
chr3	75786736	344	34	8.99	1.9156	2	378	1	4	1e-09	1.00000145606065e-09	0.0017447396876502	0.998255262312349
chr3	75790920	62	9	12.68	1.9156	2	71	1	4	1e-09	1.86381134461097e-09	0.315498537661797	0.684501463474392
chr3	121139633	41	10	19.61	1.9156	2	51	1	3	1.00000000024399e-09	0.000128361205361323	0.998553661365793	0.00131798042884541
chr3	127540637	35	3	7.89	1.9156	2	38	1	4	1e-09	1.00000000901024e-09	0.000219507455679971	0.99978049454432
chr3	128859242	52	20	27.78	2.62679	NA	72	1	NA	NA	NA	NA	NA
chr3	130132487	47	13	21.67	2.62679	NA	60	1	NA	NA	NA	NA	NA
chr3	149678575	59	32	35.16	2.62679	NA	91	1	NA	NA	NA	NA	NA
chr3	150396303	80	14	14.89	2.62679	NA	94	1	NA	NA	NA	NA	NA
chr3	153840498	36	9	20	2.62679	NA	45	1	NA	NA	NA	NA	NA
chr3	195412621	42	18	30	2.62679	NA	60	1	NA	NA	NA	NA	NA
chr3	195506325	31	4	11.43	2.62679	NA	35	1	NA	NA	NA	NA	NA
chr3	195506339	20	5	20	2.62679	NA	25	0	NA	NA	NA	NA	NA
chr3	195506341	20	5	20	2.62679	NA	25	0	NA	NA	NA	NA	NA
chr3	195506342	20	5	20	2.62679	NA	25	0	NA	NA	NA	NA	NA
chr3	195508005	313	34	9.8	2.62679	NA	347	1	NA	NA	NA	NA	NA
chr3	195509651	535	98	15.48	2.62679	NA	633	1	NA	NA	NA	NA	NA
chr3	195511273	979	44	4.3	2.62679	NA	1023	1	NA	NA	NA	NA	NA
chr3	195511364	521	43	7.62	2.62679	NA	564	1	NA	NA	NA	NA	NA
chr3	195511369	465	34	6.81	2.62679	NA	499	1	NA	NA	NA	NA	NA
chr3	195511465	140	15	9.68	2.62679	NA	155	1	NA	NA	NA	NA	NA
chr3	195511493	153	11	6.71	2.62679	NA	164	1	NA	NA	NA	NA	NA
chr3	195512631	747	74	9.01	2.62679	NA	821	1	NA	NA	NA	NA	NA
chr3	195512646	708	31	4.19	2.62679	NA	740	1	NA	NA	NA	NA	NA
chr3	195513207	456	29	5.98	2.62679	NA	485	1	NA	NA	NA	NA	NA
chr3	195513667	485	48	9.01	2.62679	NA	533	1	NA	NA	NA	NA	NA
chr3	195690233	188	29	13.36	2.62679	NA	217	1	NA	NA	NA	NA	NA
chr3	195690251	179	27	13.11	2.62679	NA	206	1	NA	NA	NA	NA	NA
chr3	195692419	82	23	21.9	2.62679	NA	105	1	NA	NA	NA	NA	NA
chr3	197947492	65	4	5.8	2.62679	NA	69	1	NA	NA	NA	NA	NA
chr4	466410	94	11	10.48	2.14875	2	105	1	4	1e-09	1.00060159064982e-09	0.0201297298025048	0.979870272196894
chr4	466424	97	9	8.49	2.14875	2	106	1	4	1e-09	1.00000015579359e-09	0.000701696634455946	0.999298305365544
chr4	466426	101	9	8.18	2.14875	2	110	1	4	1e-09	1.00000003660999e-09	0.000388797044185139	0.999611204955815
chr4	466427	103	8	7.21	2.14875	2	111	1	4	1e-09	1.00000000027577e-09	5.29594690381141e-05	0.999947042530962
chr4	4190576	84	10	10.64	2.14875	2	94	1	4	1e-09	1.00109153347499e-09	0.0255808902692389	0.97441911172967
chr4	4190577	85	10	10.53	2.14875	2	95	1	4	1e-09	1.0007254391999e-09	0.0217059140107319	0.978294087988543
chr4	4190595	82	27	24.77	2.14875	2	109	1	3	1.00346013264625e-09	0.0553708429467722	0.944610701044789	1.84590049787418e-05
chr4	56308735	38	11	22.45	2.14875	2	49	1	3	1.00000337500238e-09	0.00425975962151354	0.995622448466974	0.00011779491150928
chr4	158142019	55	19	25.68	2.14875	2	74	1	3	1.04161639848669e-09	0.134737028064778	0.865254340683035	8.63421057068083e-06
chr4	190805677	274	28	9.27	2.14875	2	302	1	4	1e-09	1.00000484064558e-09	0.00284588404219074	0.997154117957804
chr5	256374	44	7	13.73	2.52415	NA	51	1	NA	NA	NA	NA	NA
chr5	256379	48	7	12.73	2.52415	NA	55	1	NA	NA	NA	NA	NA
chr5	256514	142	27	15.98	2.52415	NA	169	1	NA	NA	NA	NA	NA
chr5	710669	124	8	6.06	2.52415	NA	132	1	NA	NA	NA	NA	NA
chr5	710682	111	17	13.28	2.52415	NA	128	1	NA	NA	NA	NA	NA
chr5	710726	125	32	20.38	2.52415	NA	157	1	NA	NA	NA	NA	NA
chr5	710747	152	19	11.11	2.52415	NA	171	1	NA	NA	NA	NA	NA
chr5	710756	157	11	6.55	2.52415	NA	168	1	NA	NA	NA	NA	NA
chr5	1401206	19	5	20.83	2.52415	NA	24	0	NA	NA	NA	NA	NA
chr5	33458848	27	25	48.08	2.32012	NA	52	1	NA	NA	NA	NA	NA
chr5	54274744	34	3	8.11	2.32012	NA	37	1	NA	NA	NA	NA	NA
chr5	70074142	74	12	13.95	1.66486	NA	86	1	NA	NA	NA	NA	NA
chr5	80064644	18	18	50	1.66486	NA	36	1	NA	NA	NA	NA	NA
chr5	140176573	21	2	8.7	1.66486	NA	23	0	NA	NA	NA	NA	NA
chr5	140621344	47	2	4.08	1.66486	NA	49	1	NA	NA	NA	NA	NA
chr5	140627153	44	2	4.35	1.66486	NA	46	1	NA	NA	NA	NA	NA
chr5	140746091	35	19	35.19	1.66486	NA	54	1	NA	NA	NA	NA	NA
chr5	156569862	41	3	6.82	1.66486	NA	44	1	NA	NA	NA	NA	NA
chr5	177483087	90	16	15.09	1.66486	NA	106	1	NA	NA	NA	NA	NA
chr6	3225759	84	31	26.96	1.48792	NA	115	1	NA	NA	NA	NA	NA
chr6	3225770	75	25	25	1.48792	NA	100	1	NA	NA	NA	NA	NA
chr6	11105361	40	4	9.09	1.48792	NA	44	1	NA	NA	NA	NA	NA
chr6	26865480	35	3	7.89	1.48792	NA	38	1	NA	NA	NA	NA	NA
chr6	26865493	35	3	7.89	1.48792	NA	38	1	NA	NA	NA	NA	NA
chr6	27114425	70	5	6.67	1.48792	NA	75	1	NA	NA	NA	NA	NA
chr6	29716056	16	12	42.86	1.56689	NA	28	0	NA	NA	NA	NA	NA
chr6	30878442	28	2	6.67	1.56689	NA	30	1	NA	NA	NA	NA	NA
chr6	30954888	65	10	13.33	1.56689	NA	75	1	NA	NA	NA	NA	NA
chr6	30954978	53	14	20.9	1.56689	NA	67	1	NA	NA	NA	NA	NA
chr6	30955024	53	9	14.52	1.56689	NA	62	1	NA	NA	NA	NA	NA
chr6	30955127	21	6	22.22	1.56689	NA	27	0	NA	NA	NA	NA	NA
chr6	32497868	18	9	33.33	1.56689	NA	27	0	NA	NA	NA	NA	NA
chr6	32497905	14	12	46.15	1.56689	NA	26	0	NA	NA	NA	NA	NA
chr6	33245847	31	3	8.82	1.56689	NA	34	1	NA	NA	NA	NA	NA
chr6	42897023	24	2	7.69	1.56689	NA	26	0	NA	NA	NA	NA	NA
chr6	42934384	37	3	7.5	1.56689	NA	40	1	NA	NA	NA	NA	NA
chr6	43972368	44	3	6.38	1.56689	NA	47	1	NA	NA	NA	NA	NA
chr6	43972369	45	3	6.25	1.56689	NA	48	1	NA	NA	NA	NA	NA
chr6	54074949	106	12	10.17	1.56689	NA	118	1	NA	NA	NA	NA	NA
chr6	90012334	25	2	7.41	1.56689	NA	27	0	NA	NA	NA	NA	NA
chr6	111179512	42	7	14.29	1.56689	NA	49	1	NA	NA	NA	NA	NA
chr6	111179575	71	14	16.47	1.56689	NA	85	1	NA	NA	NA	NA	NA
chr6	136582203	44	6	12	1.56689	NA	50	1	NA	NA	NA	NA	NA
chr6	170627667	141	12	7.84	1.803	2	153	1	4	1e-09	1.00000000704125e-09	0.00019850915655609	0.999801492843444
chr7	6049027	34	2	5.56	2.00959	2	36	1	4	1e-09	1.00000000000001e-09	9.14223055427688e-07	0.999999087776945
chr7	6862125	50	8	13.79	2.00959	2	58	1	3	1e-09	1.43923967745516e-08	0.649266477864044	0.350733510743559
chr7	44613323	17	2	10.53	1.94073	2	19	0	NA	NA	NA	NA	NA
chr7	45009196	30	3	9.09	1.94073	2	33	1	4	1e-09	1.00000224509787e-09	0.00208131325417895	0.997918688745819
chr7	48965435	125	11	8.09	1.94073	2	136	1	4	1e-09	1.0000000238139e-09	0.000326263012050265	0.99967373898795
chr7	56871964	74	6	7.5	1.94073	2	80	1	4	1e-09	1.00000000126482e-09	9.85621928434687e-05	0.999901439807156
chr7	56880539	43	4	8.51	1.94073	2	47	1	4	1e-09	1.00000017076043e-09	0.000728432902000292	0.999271569097999
chr7	57710140	124	23	15.65	1.94073	2	147	1	3	1e-09	4.25089194428721e-07	0.93935988047025	0.0606396974405557
chr7	63206030	35	2	5.41	1.94073	2	37	1	4	1e-09	1e-09	5.98440583654687e-07	0.999999403559416
chr7	63206031	37	2	5.13	1.94073	2	39	1	4	1e-09	1e-09	2.6331664489257e-07	0.999999738683355
chr7	63210111	101	5	4.72	1.94073	2	106	1	4	1e-09	1e-09	7.34572728409088e-08	0.999999928542727
chr7	65306639	58	10	14.71	1.94073	2	68	1	3	1e-09	8.46549397164925e-08	0.844971126622745	0.155028791722315
chr7	65306646	54	9	14.29	1.94073	2	63	1	3	1e-09	3.86773059948918e-08	0.770338478546724	0.22966148577597
chr7	65306648	53	10	15.87	1.94073	2	63	1	3	1e-09	6.06840768178883e-07	0.951520053186708	0.0484793429725238
chr7	66460520	20	2	9.09	1.94073	2	22	0	NA	NA	NA	NA	NA
chr7	72722808	18	2	10	1.94073	2	20	0	NA	NA	NA	NA	NA
chr7	75122897	97	8	7.62	1.94073	2	105	1	4	1e-09	1.00000000233744e-09	0.000126613564438064	0.999873388435562
chr7	75132834	132	15	10.2	1.94073	2	147	1	4	1e-09	1.00020726503919e-09	0.0130905461624837	0.986909455837309
chr7	76908312	76	24	24	1.94073	2	100	1	3	1.00037728493805e-09	0.0245001267729113	0.975465726833629	3.41493930826467e-05
chr7	90895879	49	2	3.92	1.94073	2	51	1	4	1e-09	1e-09	5.17241330256053e-09	0.999999996827587
chr7	100643367	1328	55	3.98	1.94073	2	1382	1	4	1e-09	1e-09	6.26620344405791e-09	0.999999995733796
chr7	100644059	66	13	16.46	1.94073	2	79	1	3	1e-09	1.52902505237369e-06	0.97335288551991	0.0266455884550378
chr7	100679318	167	19	10.22	1.94073	2	186	1	4	1e-09	1.00022387470463e-09	0.0135052483354322	0.986494753664344
chr7	100680204	121	7	5.47	1.94073	2	128	1	4	1e-09	1.00000000000001e-09	7.09902867403943e-07	0.999999292097133
chr7	100680226	108	8	6.9	1.94073	2	116	1	4	1e-09	1.00000000005072e-09	2.6548233218856e-05	0.999973453766781
chr7	100680231	108	8	6.9	1.94073	2	116	1	4	1e-09	1.00000000005072e-09	2.6548233218856e-05	0.999973453766781
chr7	100680234	107	8	6.96	1.94073	2	115	1	4	1e-09	1.00000000007078e-09	3.04130674772749e-05	0.999969588932523
chr7	100680243	100	10	9.09	1.94073	2	110	1	4	1e-09	1.00000224509787e-09	0.00208131325417895	0.997918688745819
chr7	100680251	93	12	11.43	1.94073	2	105	1	4	1e-09	1.01793746787478e-09	0.0775501140762204	0.922449887905842
chr7	102782033	142	33	18.86	1.94073	2	175	1	3	1.00000000001578e-09	4.75001164679997e-05	0.99734540083917	0.00260710204436193
chr7	102782043	137	34	19.88	1.94073	2	171	1	3	1.00000000063806e-09	0.000182183486928609	0.998781681374537	0.0010361381385349
chr7	102782044	137	34	19.88	1.94073	2	171	1	3	1.00000000063806e-09	0.000182183486928609	0.998781681374537	0.0010361381385349
chr7	102782051	140	34	19.54	1.94073	2	174	1	3	1.00000000018978e-09	0.000117145446958708	0.998479454953043	0.00140340259999858
chr7	102782077	138	23	14.29	1.94073	2	161	1	3	1e-09	3.86773059948918e-08	0.770338478546724	0.22966148577597
chr7	102782079	140	23	14.11	1.94073	2	163	1	3	1e-09	2.72729671582003e-08	0.730735794663215	0.269264181063817
chr7	102782080	143	23	13.86	1.94073	2	166	1	3	1e-09	1.65796771288737e-08	0.668222344057042	0.331777642363281
chr7	102782082	144	20	12.2	1.94073	2	164	1	4	1e-09	1.21376636852299e-09	0.196324757127581	0.803675244658653
chr7	102782113	137	28	16.97	1.94073	2	165	1	3	1.00000000000001e-09	3.29850156406087e-06	0.984013303000309	0.0159834014981267
chr7	102782144	124	23	15.65	1.94073	2	147	1	3	1e-09	4.25089194428721e-07	0.93935988047025	0.0606396974405557
chr7	102782145	122	23	15.86	1.94073	2	145	1	3	1e-09	5.9718832780483e-07	0.951024230643884	0.0489751751677884
chr7	102782159	125	20	13.79	1.94073	2	145	1	3	1e-09	1.43923967745516e-08	0.649266477864044	0.350733510743559
chr7	102782162	128	20	13.51	1.94073	2	148	1	3	1e-09	8.14107145187300e-09	0.568236922235544	0.431763072623385
chr7	102782179	110	17	13.39	1.94073	2	127	1	3	1e-09	6.38747956603431e-09	0.53159485285279	0.468405143759731
chr7	102782190	115	10	8	1.94073	2	125	1	4	1e-09	1.0000000154209e-09	0.000273283909274495	0.999726718090725
chr7	121653910	21	4	16	1.94073	2	25	0	NA	NA	NA	NA	NA
chr7	128292353	118	9	7.09	1.94073	2	127	1	4	1e-09	1.00000000014438e-09	4.06741469839231e-05	0.999959327853016
chr7	128293148	142	7	4.7	1.94073	2	149	1	4	1e-09	1e-09	6.88651219554493e-08	0.999999933134878
chr7	128532801	53	3	5.36	1.94073	2	56	1	4	1e-09	1e-09	5.18344934377992e-07	0.999999483655066
chr7	128852534	26	3	10.34	1.94073	2	29	0	NA	NA	NA	NA	NA
chr7	130146404	45	5	10	1.94073	2	50	1	4	1e-09	1.00009508524637e-09	0.00954711983212865	0.990452882167776
chr7	137407291	98	25	20.33	1.94073	2	123	1	3	1.0000000030818e-09	0.000323779281224661	0.998978481833166	0.000697741885609325
chr7	137407298	102	21	17.07	1.94073	2	123	1	3	1.00000000000001e-09	3.82437225062698e-06	0.985523114881735	0.0144730637460138
chr7	142459986	29	7	19.44	1.94073	2	36	1	3	1.00000000013234e-09	0.000102753011870746	0.99836165541691	0.00153559457121918
chr7	142460005	19	7	26.92	1.94073	2	26	0	NA	NA	NA	NA	NA
chr7	142460216	66	21	24.14	1.94073	2	87	1	3	1.00056826642464e-09	0.0285068858417953	0.971462560034016	3.05571236205405e-05
chr7	142460660	12	6	33.33	1.94073	2	18	0	NA	NA	NA	NA	NA
chr7	142460669	18	6	25	1.94073	2	24	0	NA	NA	NA	NA	NA
chr7	142460671	18	7	28	1.94073	2	25	0	NA	NA	NA	NA	NA
chr7	142460744	35	9	20.45	1.94073	2	44	1	3	1.00000000466396e-09	0.00037677735974561	0.998994587962639	0.000628637677615053
chr7	142478905	40	11	21.57	1.94073	2	51	1	3	1.00000020017974e-09	0.00149926522041832	0.998258010934173	0.000242726845408771
chr7	142478913	39	9	18.75	1.94073	2	48	1	3	1.00000000001047e-09	4.09415504505763e-05	0.997072564985768	0.00288649646378101
chr7	142478914	39	8	17.02	1.94073	2	47	1	3	1.00000000000001e-09	3.55210589946645e-06	0.984787595355316	0.0152088555387846
chr7	142478922	33	10	23.26	1.94073	2	43	1	3	1.00004135379236e-09	0.0107915787961402	0.9891469661104	6.14580934183764e-05
chr7	142478931	33	9	21.43	1.94073	2	42	1	3	1.00000012642003e-09	0.00126564581814113	0.998461528933962	0.000272828247896265
chr7	142478932	35	9	20.45	1.94073	2	44	1	3	1.00000000466396e-09	0.00037677735974561	0.998994587962639	0.000628637677615053
chr7	142478933	33	9	21.43	1.94073	2	42	1	3	1.00000012642003e-09	0.00126564581814113	0.998461528933962	0.000272828247896265
chr7	143882697	474	22	4.44	1.94073	2	495	1	4	1e-09	1e-09	2.92480371237823e-08	0.999999972751963
chr7	149588126	23	4	14.81	1.94073	2	27	0	NA	NA	NA	NA	NA
chr7	151932830	39	8	17.02	1.94073	2	47	1	3	1.00000000000001e-09	3.55210589946645e-06	0.984787595355316	0.0152088555387846
chr7	151932846	44	8	15.38	1.94073	2	52	1	3	1e-09	2.71902796438185e-07	0.92025823287387	0.0797414982233338
chr8	8095880	57	5	8.06	1.47019	NA	62	1	NA	NA	NA	NA	NA
chr8	8096096	46	2	4.17	1.47019	NA	48	1	NA	NA	NA	NA	NA
chr8	20104232	25	2	7.41	2.42856	NA	27	0	NA	NA	NA	NA	NA
chr8	22876633	19	2	9.52	2.42856	NA	21	0	NA	NA	NA	NA	NA
chr8	52731080	143	9	5.92	2.42856	NA	152	1	NA	NA	NA	NA	NA
chr8	52731091	131	12	8.39	2.42856	NA	143	1	NA	NA	NA	NA	NA
chr8	52731093	135	13	8.78	2.42856	NA	148	1	NA	NA	NA	NA	NA
chr8	52731494	115	20	14.81	2.42856	NA	135	1	NA	NA	NA	NA	NA
chr8	86567934	1132	77	6.37	2.42856	NA	1209	1	NA	NA	NA	NA	NA
chr8	86567936	1021	59	5.46	2.42856	NA	1081	1	NA	NA	NA	NA	NA
chr8	86569766	94	21	18.26	2.42856	NA	115	1	NA	NA	NA	NA	NA
chr8	86569919	34	11	24.44	2.42856	NA	45	1	NA	NA	NA	NA	NA
chr8	144342357	140	8	5.41	2.42856	NA	148	1	NA	NA	NA	NA	NA
chr8	144940290	219	33	13.1	2.42856	NA	252	1	NA	NA	NA	NA	NA
chr9	14764	142	6	4.05	0.877335	1	148	1	NA	NA	NA	NA	NA
chr9	116510	201	9	4.29	0.877335	1	210	1	NA	NA	NA	NA	NA
chr9	33795415	75	13	14.77	1.83248	2	88	1	3	1e-09	9.43456372960445e-08	0.853717368969245	0.146282539685118
chr9	33796758	140	9	6.04	1.83248	2	149	1	4	1e-09	1.00000000000031e-09	3.31186983474827e-06	0.999996690130165
chr9	33796762	137	9	6.16	1.83248	2	146	1	4	1e-09	1.00000000000065e-09	4.50045915405868e-06	0.999995501540846
chr9	38541344	54	12	18.18	1.83248	2	66	1	3	1.0000000000012e-09	1.87272818282252e-05	0.995053084846941	0.0049281908712311
chr9	38543671	98	7	6.67	1.83248	2	105	1	4	1e-09	1.00000000001378e-09	1.56025500481949e-05	0.999984399449952
chr9	38543676	100	8	7.41	1.83248	2	108	1	4	1e-09	1.00000000079314e-09	8.14806996184683e-05	0.999918521300381
chr9	38543685	94	9	8.74	1.83248	2	103	1	4	1e-09	1.00000048344317e-09	0.00111330034637815	0.998886701653621
chr9	40701675	71	14	16.47	1.83248	2	85	1	3	1e-09	1.55263395858348e-06	0.973620369601746	0.0263780807642954
chr9	44076969	210	10	4.55	1.83248	2	220	1	4	1e-09	1e-09	4.21709493042899e-08	0.999999959829051
chr9	44091519	84	19	18.45	1.83248	2	103	1	3	1.00000000000338e-09	2.71964811497464e-05	0.996153646619971	0.00381915989887882
chr9	45727952	143	11	7.14	1.83248	2	154	1	4	1e-09	1.0000000001893e-09	4.54254548727866e-05	0.999954576545127
chr9	45728020	226	14	5.83	1.83248	2	240	1	4	1e-09	1.00000000000008e-09	1.90923647995972e-06	0.99999809276352
chr9	45728086	433	21	4.63	1.83248	2	454	1	4	1e-09	1e-09	5.48514241937748e-08	0.999999947148576
chr9	45728228	475	31	6.13	1.83248	2	506	1	4	1e-09	1.00000000000054e-09	4.17054389231234e-06	0.999995831456108
chr9	45730588	60	11	15.49	1.83248	2	71	1	3	1e-09	3.26656859940359e-07	0.928662588251479	0.0713370880916608
chr9	45730605	51	3	5.56	1.83248	2	54	1	4	1e-09	1.00000000000001e-09	9.14223055427688e-07	0.999999087776945
chr9	45730650	46	2	4.17	1.83248	2	48	1	4	1e-09	1e-09	1.17699535603566e-08	0.999999990230047
chr9	66500538	36	4	10	1.83248	2	40	1	4	1e-09	1.00009508524637e-09	0.00954711983212865	0.990452882167776
chr9	66500901	274	24	8.05	1.83248	2	298	1	4	1e-09	1.00000001964256e-09	0.000301623923832071	0.999698378076168
chr9	66502336	279	23	7.62	1.83248	2	302	1	4	1e-09	1.00000000233744e-09	0.000126613564438064	0.999873388435562
chr9	66502341	245	44	15.22	1.83248	2	289	1	3	1e-09	2.07441941105772e-07	0.90630348589102	0.093696309667039
chr9	66512946	239	16	6.27	1.83248	2	255	1	4	1e-09	1.00000000000129e-09	5.93200742045607e-06	0.99999406999258
chr9	66513513	293	25	7.86	1.83248	2	318	1	4	1e-09	1.00000000777251e-09	0.000206670883271773	0.999793331116728
chr9	66664940	139	6	4.14	1.83248	2	145	1	4	1e-09	1e-09	1.06399727673879e-08	0.999999991360027
chr9	67290898	45	15	25	1.83248	2	60	1	3	1.00658450353243e-09	0.0699565857572375	0.930028108204777	1.53090314007347e-05
chr9	67301470	79	21	21	1.83248	2	100	1	3	1.00000003026025e-09	0.000747957293911179	0.998859965486427	0.000392080219662096
chr9	67303044	178	30	14.42	1.83248	2	208	1	3	1e-09	4.9524003650454e-08	0.79605153689444	0.203948416581556
chr9	67936258	32	3	8.57	1.83248	2	35	1	4	1e-09	1.00000022458367e-09	0.000814508373784155	0.999185493626215
chr9	68430319	721	41	5.38	1.83248	2	762	1	4	1e-09	1e-09	5.49091026161667e-07	0.999999452908974
chr9	68430411	393	36	8.39	1.83248	2	429	1	4	1e-09	1.00000009818343e-09	0.000581306778443869	0.999418695221556
chr9	68438656	174	22	11.22	1.83248	2	196	1	4	1e-09	1.00872730192795e-09	0.058512322369679	0.941487679621594
chr9	68438669	180	17	8.63	1.83248	2	197	1	4	1e-09	1.00000029484534e-09	0.000910087181837008	0.999089914818163
chr9	68438712	127	16	11.19	1.83248	2	143	1	4	1e-09	1.0078624477268e-09	0.056157514021259	0.943842487970878
chr9	68438730	153	21	12.07	1.83248	2	174	1	4	1e-09	1.14344821456683e-09	0.170059748470565	0.829940253385987
chr9	69081981	32	8	20	1.83248	2	40	1	3	1.00000000097427e-09	0.000212595616063414	0.998855587895388	0.000931819488548449
chr9	69081998	29	25	46.3	1.83248	2	54	1	1	0.974714686774909	0.025285312800118	3.42497286770815e-09	1.00000000010093e-09
chr9	69082196	54	14	20.59	1.83248	2	68	1	3	1.00000000754101e-09	0.000449259752605856	0.998993794340583	0.000556948906811062
chr9	69389806	64	6	8.57	1.83248	2	70	1	4	1e-09	1.00000022458367e-09	0.000814508373784155	0.999185493626215
chr9	69403041	133	29	17.9	1.83248	2	162	1	3	1.00000000000041e-09	1.26525214557542e-05	0.993548652649254	0.00643869782929034
chr9	69423664	141	16	10.19	1.83248	2	157	1	4	1e-09	1.00019941691294e-09	0.0128876625150695	0.987112339484731
chr9	70176186	31	6	16.22	1.83248	2	37	1	3	1e-09	1.0551114068065e-06	0.96603005024908	0.0339688976395129
chr9	70919525	22	2	8.33	1.83248	2	24	0	NA	NA	NA	NA	NA
chr9	100777978	76	33	30.28	1.83248	2	109	1	2	4.14069435435664e-07	0.939231145347889	0.0607684179187596	2.66639159114223e-08
chr9	100777982	79	33	29.46	1.83248	2	112	1	2	1.16432427705633e-07	0.87597569959841	0.124024097216212	9.07529502380622e-08
chr9	100777995	85	34	28.57	1.83248	2	119	1	2	2.65818701444933e-08	0.748083483506344	0.251916162088569	3.31823217101055e-07
chr9	123614114	69	23	25	1.83248	2	92	1	3	1.00658450353243e-09	0.0699565857572375	0.930028108204777	1.53090314007347e-05
chr9	130210910	29	4	12.12	1.83248	2	33	1	4	1e-09	1.16740186731938e-09	0.179845082304326	0.820154919528272
chr9	133968033	18	2	10	1.83248	2	20	0	NA	NA	NA	NA	NA
chr9	139306786	28	3	9.68	1.83248	2	31	1	4	1e-09	1.00002646654658e-09	0.00568028064571534	0.994319721354258
chrX	1537988	38	2	5	1.62192	NA	40	1	NA	NA	NA	NA	NA
chrX	8139147	56	6	9.68	1.62192	NA	62	1	NA	NA	NA	NA	NA
chrX	11316966	19	2	9.52	1.62192	NA	21	0	NA	NA	NA	NA	NA
chrX	23094778	15	4	21.05	1.62192	NA	19	0	NA	NA	NA	NA	NA
chrX	51639703	49	3	5.77	1.62192	NA	52	1	NA	NA	NA	NA	NA
chrX	65176559	115	13	10.16	1.62192	NA	128	1	NA	NA	NA	NA	NA
chrX	65483506	34	24	41.38	1.62192	NA	58	1	NA	NA	NA	NA	NA
chrX	73811695	44	5	10.2	1.62192	NA	49	1	NA	NA	NA	NA	NA
chrX	106114032	45	27	37.5	1.62192	NA	72	1	NA	NA	NA	NA	NA
chrX	106171724	37	3	7.5	1.62192	NA	40	1	NA	NA	NA	NA	NA
chrX	134988651	101	15	12.93	1.62192	NA	116	1	NA	NA	NA	NA	NA
chrX	135029262	59	3	4.84	1.62192	NA	62	1	NA	NA	NA	NA	NA
chrX	135122356	22	3	12	1.62192	NA	25	0	NA	NA	NA	NA	NA
chrX	153736960	20	2	9.09	1.62192	NA	22	0	NA	NA	NA	NA	NA
chrX	155235508	29	4	12.12	1.62192	NA	33	1	NA	NA	NA	NA	NA
chrX	155239804	21	3	12.5	1.62192	NA	24	0	NA	NA	NA	NA	NA
chrX	155251631	47	29	38.16	1.62192	NA	76	1	NA	NA	NA	NA	NA
chrX	155251634	46	27	36.99	1.62192	NA	73	1	NA	NA	NA	NA	NA
