chr	st	BC47T.ref	BC47T.var	BC47T.vaf	BC47T.cn	BC47T.cleancn	BC47T.depth	adequateDepth	cluster	cluster.prob
chr1	136880	123	25	16.89	1.7841	2	148	1	1	1.000000001
chr1	11083281	56	15	21.13	1.7841	2	71	1	1	1.000000001
chr1	12855990	175	25	12.5	1.7841	2	200	1	1	1.000000001
chr1	12855995	181	23	11.27	1.7841	2	204	1	1	1.000000001
chr1	12855996	182	24	11.65	1.7841	2	206	1	1	1.000000001
chr1	12856079	167	23	12.11	1.7841	2	190	1	1	1.000000001
chr1	12919041	139	20	12.58	1.7841	2	159	1	1	1.000000001
chr1	12920946	23	8	25.81	1.7841	2	31	1	1	1.000000001
chr1	12939208	198	23	10.41	1.7841	2	221	1	1	1.000000001
chr1	12939210	195	24	10.96	1.7841	2	219	1	1	1.000000001
chr1	12939217	181	26	12.56	1.7841	2	207	1	1	1.000000001
chr1	12939504	155	21	11.93	1.7841	2	176	1	1	1.000000001
chr1	12941617	19	7	26.92	1.7841	2	26	0	NA	NA
chr1	12941645	21	7	25	1.7841	2	28	0	NA	NA
chr1	12942289	25	9	26.47	1.7841	2	34	1	1	1.000000001
chr1	12958026	21	7	25	1.7841	2	28	0	NA	NA
chr1	12958039	29	8	21.62	1.7841	2	37	1	1	1.000000001
chr1	12979728	35	12	25.53	1.7841	2	47	1	1	1.000000001
chr1	13165380	15	8	34.78	1.7841	2	23	0	NA	NA
chr1	13165383	14	8	36.36	1.7841	2	22	0	NA	NA
chr1	13165403	17	13	43.33	1.7841	2	30	1	1	1.000000001
chr1	13165470	18	9	33.33	1.7841	2	27	0	NA	NA
chr1	13165486	24	7	22.58	1.7841	2	31	1	1	1.000000001
chr1	13165492	26	7	21.21	1.7841	2	33	1	1	1.000000001
chr1	13165501	27	9	25	1.7841	2	36	1	1	1.000000001
chr1	13165515	31	15	32.61	1.7841	2	46	1	1	1.000000001
chr1	13184041	59	7	10.61	1.7841	2	66	1	1	1.000000001
chr1	13184205	98	11	10.09	1.7841	2	109	1	1	1.000000001
chr1	13184207	103	11	9.65	1.7841	2	114	1	1	1.000000001
chr1	13184211	105	10	8.7	1.7841	2	115	1	1	1.000000001
chr1	13184213	106	11	9.4	1.7841	2	117	1	1	1.000000001
chr1	13736923	32	11	25.58	1.7841	2	43	1	1	1.000000001
chr1	16890331	724	83	10.29	1.7841	2	807	1	1	1.000000001
chr1	16891956	267	38	12.46	1.7841	2	305	1	1	1.000000001
chr1	16892256	81	16	16.49	1.7841	2	97	1	1	1.000000001
chr1	16893701	925	55	5.61	1.7841	2	980	1	1	1.000000001
chr1	16902844	167	15	8.24	1.7841	2	182	1	1	1.000000001
chr1	16903727	86	6	6.52	1.7841	2	92	1	1	1.000000001
chr1	16903728	87	6	6.45	1.7841	2	93	1	1	1.000000001
chr1	16914332	241	21	8.02	1.7841	2	262	1	1	1.000000001
chr1	17199370	18	9	33.33	1.7841	2	27	0	NA	NA
chr1	25656673	46	9	16.36	1.7841	2	55	1	1	1.000000001
chr1	28929830	50	16	24.24	1.7841	2	66	1	1	1.000000001
chr1	36367903	22	13	37.14	1.7841	2	35	1	1	1.000000001
chr1	68627137	216	30	12.2	1.7841	2	246	1	1	1.000000001
chr1	68627192	151	21	12.21	1.7841	2	172	1	1	1.000000001
chr1	109867565	15	6	28.57	1.7841	2	21	0	NA	NA
chr1	121129442	30	9	23.08	2.61552	NA	39	1	NA	NA
chr1	142619283	129	11	7.86	2.61552	NA	140	1	NA	NA
chr1	142660157	60	10	14.29	2.61552	NA	70	1	NA	NA
chr1	142660256	48	5	9.43	2.61552	NA	53	1	NA	NA
chr1	142670625	77	13	14.44	2.61552	NA	90	1	NA	NA
chr1	142723003	22	7	24.14	2.61552	NA	29	0	NA	NA
chr1	142803091	210	17	7.49	2.61552	NA	227	1	NA	NA
chr1	142803176	241	33	12.04	2.61552	NA	274	1	NA	NA
chr1	142803200	211	25	10.59	2.61552	NA	236	1	NA	NA
chr1	142805268	299	24	7.43	2.61552	NA	323	1	NA	NA
chr1	142805295	403	30	6.93	2.61552	NA	433	1	NA	NA
chr1	142806648	268	23	7.9	2.61552	NA	291	1	NA	NA
chr1	142806665	352	31	8.09	2.61552	NA	383	1	NA	NA
chr1	142806806	412	39	8.65	2.61552	NA	451	1	NA	NA
chr1	142806817	459	30	6.13	2.61552	NA	489	1	NA	NA
chr1	142806835	487	54	9.98	2.61552	NA	541	1	NA	NA
chr1	142809584	86	14	14	2.61552	NA	100	1	NA	NA
chr1	142813414	269	34	11.22	2.61552	NA	303	1	NA	NA
chr1	142813421	271	29	9.67	2.61552	NA	300	1	NA	NA
chr1	142815637	241	27	10.07	2.61552	NA	268	1	NA	NA
chr1	142815656	256	31	10.8	2.61552	NA	287	1	NA	NA
chr1	142816234	405	30	6.9	2.61552	NA	435	1	NA	NA
chr1	142816557	168	12	6.67	2.61552	NA	180	1	NA	NA
chr1	142819629	78	9	10.34	2.61552	NA	87	1	NA	NA
chr1	142819635	73	9	10.98	2.61552	NA	82	1	NA	NA
chr1	142820079	299	20	6.27	2.61552	NA	319	1	NA	NA
chr1	142820146	296	36	10.84	2.61552	NA	332	1	NA	NA
chr1	142825187	112	9	7.44	2.61552	NA	121	1	NA	NA
chr1	142825238	64	4	5.88	2.61552	NA	68	1	NA	NA
chr1	142827795	296	38	11.38	2.61552	NA	334	1	NA	NA
chr1	143219938	346	32	8.47	2.61552	NA	378	1	NA	NA
chr1	143358148	58	12	17.14	2.61552	NA	70	1	NA	NA
chr1	143380533	40	8	16.67	2.61552	NA	48	1	NA	NA
chr1	143767878	41	25	37.88	2.61552	NA	66	1	NA	NA
chr1	144617976	55	5	8.33	2.61552	NA	60	1	NA	NA
chr1	144617992	70	6	7.89	2.61552	NA	76	1	NA	NA
chr1	144617994	74	6	7.5	2.61552	NA	80	1	NA	NA
chr1	144618009	81	11	11.96	2.61552	NA	92	1	NA	NA
chr1	144621667	55	9	14.06	2.61552	NA	64	1	NA	NA
chr1	144823303	49	15	23.44	2.61552	NA	64	1	NA	NA
chr1	144823317	47	13	21.67	2.61552	NA	60	1	NA	NA
chr1	145293269	646	51	7.32	2.61552	NA	697	1	NA	NA
chr1	145297932	76	14	15.56	2.61552	NA	90	1	NA	NA
chr1	145299787	203	31	13.25	2.61552	NA	234	1	NA	NA
chr1	145304787	125	17	11.97	2.61552	NA	142	1	NA	NA
chr1	145323388	178	20	10.1	2.61552	NA	198	1	NA	NA
chr1	145323774	54	22	28.95	2.61552	NA	76	1	NA	NA
chr1	145359447	19	8	29.63	2.61552	NA	27	0	NA	NA
chr1	145368518	528	80	13.16	2.61552	NA	608	1	NA	NA
chr1	148004386	242	47	16.26	2.61552	NA	289	1	NA	NA
chr1	148004567	323	44	11.99	2.61552	NA	367	1	NA	NA
chr1	148004568	326	43	11.65	2.61552	NA	369	1	NA	NA
chr1	148005065	45	6	11.76	2.61552	NA	51	1	NA	NA
chr1	148005107	21	12	36.36	2.61552	NA	33	1	NA	NA
chr1	148005110	23	11	32.35	2.61552	NA	34	1	NA	NA
chr1	148017421	60	8	11.76	2.61552	NA	68	1	NA	NA
chr1	148017435	65	23	26.14	2.61552	NA	88	1	NA	NA
chr1	148346783	166	15	8.29	2.61552	NA	181	1	NA	NA
chr1	148346785	163	15	8.43	2.61552	NA	178	1	NA	NA
chr1	148853833	156	19	10.86	2.61552	NA	175	1	NA	NA
chr1	148853834	155	19	10.92	2.61552	NA	174	1	NA	NA
chr1	148853852	166	21	11.23	2.61552	NA	187	1	NA	NA
chr1	148853876	167	17	9.24	2.61552	NA	184	1	NA	NA
chr1	148853879	158	17	9.71	2.61552	NA	175	1	NA	NA
chr1	148853907	159	24	13.11	2.61552	NA	183	1	NA	NA
chr1	149264785	85	12	12.37	2.61552	NA	97	1	NA	NA
chr1	152188062	414	47	10.2	2.61552	NA	461	1	NA	NA
chr1	152190237	26	3	10.34	2.61552	NA	29	0	NA	NA
chr1	152975715	15	8	34.78	2.61552	NA	23	0	NA	NA
chr1	160192611	25	12	32.43	2.61552	NA	37	1	NA	NA
chr1	193147917	65	17	20.73	2.61552	NA	82	1	NA	NA
chr1	201178876	332	56	14.43	2.61552	NA	388	1	NA	NA
chr1	201179068	420	43	9.29	2.61552	NA	463	1	NA	NA
chr1	202138977	30	6	16.67	2.61552	NA	36	1	NA	NA
chr1	231472204	30	24	44.44	2.61552	NA	54	1	NA	NA
chr1	243219965	346	35	9.19	2.61552	NA	381	1	NA	NA
chr10	26935656	172	28	14	1.87177	2	200	1	1	1.000000001
chr10	26935661	176	29	14.15	1.87177	2	205	1	1	1.000000001
chr10	26935666	173	31	15.2	1.87177	2	204	1	1	1.000000001
chr10	26935677	166	30	15.31	1.87177	2	196	1	1	1.000000001
chr10	26936402	167	18	9.73	1.87177	2	185	1	1	1.000000001
chr10	26936429	151	23	13.22	1.87177	2	174	1	1	1.000000001
chr10	31650073	104	6	5.45	1.87177	2	110	1	1	1.000000001
chr10	37433982	37	8	17.78	1.87177	2	45	1	1	1.000000001
chr10	37433983	38	8	17.39	1.87177	2	46	1	1	1.000000001
chr10	38711740	82	16	16.33	1.80238	2	98	1	1	1.000000001
chr10	38738560	65	4	5.8	1.80238	2	69	1	1	1.000000001
chr10	42831134	95	14	12.84	1.80238	2	109	1	1	1.000000001
chr10	42832104	116	11	8.66	1.80238	2	127	1	1	1.000000001
chr10	42832186	138	8	5.48	1.80238	2	146	1	1	1.000000001
chr10	42947104	44	7	13.73	1.80238	2	51	1	1	1.000000001
chr10	42949309	67	21	23.86	1.80238	2	88	1	1	1.000000001
chr10	47087070	62	8	11.43	1.80238	2	70	1	1	1.000000001
chr10	81430691	28	4	12.5	1.80238	2	32	1	1	1.000000001
chr10	124271528	26	6	18.75	1.8451	2	32	1	1	1.000000001
chr10	126676954	324	22	6.36	1.8451	2	346	1	1	1.000000001
chr10	126677158	908	82	8.28	1.8451	2	990	1	1	1.000000001
chr10	126683146	64	27	29.67	1.8451	2	91	1	1	1.000000001
chr10	126683152	58	24	29.27	1.8451	2	82	1	1	1.000000001
chr10	126727630	58	40	40.82	1.8451	2	98	1	1	1.000000001
chr10	126727647	129	9	6.52	1.8451	2	138	1	1	1.000000001
chr10	135439196	29	16	35.56	1.8451	2	45	1	1	1.000000001
chr10	135439220	24	18	42.86	1.8451	2	42	1	1	1.000000001
chr11	128881	71	15	17.44	1.78472	2	86	1	1	1.000000001
chr11	1016801	710	43	5.71	1.78472	2	753	1	1	1.000000001
chr11	1016809	780	50	6.02	1.78472	2	831	1	1	1.000000001
chr11	1016900	606	36	5.61	1.78472	2	642	1	1	1.000000001
chr11	1016905	580	34	5.54	1.78472	2	614	1	1	1.000000001
chr11	1017782	309	19	5.79	1.78472	2	328	1	1	1.000000001
chr11	1017786	305	18	5.57	1.78472	2	323	1	1	1.000000001
chr11	1017806	382	26	6.37	1.78472	2	408	1	1	1.000000001
chr11	1017822	408	31	7.06	1.78472	2	439	1	1	1.000000001
chr11	1017848	545	50	8.4	1.78472	2	595	1	1	1.000000001
chr11	1017869	523	68	11.51	1.78472	2	591	1	1	1.000000001
chr11	1017932	392	53	11.91	1.78472	2	445	1	1	1.000000001
chr11	1017939	350	51	12.72	1.78472	2	401	1	1	1.000000001
chr11	55563103	47	13	21.67	1.78472	2	60	1	1	1.000000001
chr11	71249152	53	4	7.02	1.78472	2	57	1	1	1.000000001
chr11	71249158	65	5	7.14	1.78472	2	70	1	1	1.000000001
chr11	71504330	28	6	17.65	1.78472	2	34	1	1	1.000000001
chr11	71504337	29	8	21.62	1.78472	2	37	1	1	1.000000001
chr11	71932649	26	16	38.1	1.78472	2	42	1	1	1.000000001
chr11	89385884	34	11	24.44	1.78472	2	45	1	1	1.000000001
chr12	87715	71	16	18.39	1.81542	2	87	1	1	1.000000001
chr12	7869817	78	5	6.02	1.81542	2	83	1	1	1.000000001
chr12	8353403	106	16	13.11	1.81542	2	122	1	1	1.000000001
chr12	8353416	120	18	13.04	1.81542	2	138	1	1	1.000000001
chr12	11286702	72	13	15.29	1.81542	2	85	1	1	1.000000001
chr12	11286713	73	14	16.09	1.81542	2	87	1	1	1.000000001
chr12	11286736	56	15	21.13	1.81542	2	71	1	1	1.000000001
chr12	11286745	56	14	20	1.81542	2	70	1	1	1.000000001
chr12	11286746	54	14	20.59	1.81542	2	68	1	1	1.000000001
chr12	11286760	56	10	15.15	1.81542	2	66	1	1	1.000000001
chr12	12264382	66	15	18.52	1.81542	2	81	1	1	1.000000001
chr12	42479504	51	14	21.54	1.81542	2	65	1	1	1.000000001
chr12	52843729	78	8	9.3	1.81542	2	86	1	1	1.000000001
chr12	52843733	75	9	10.71	1.81542	2	84	1	1	1.000000001
chr12	58217316	20	5	20	1.81542	2	25	0	NA	NA
chr13	19427371	69	23	25	1.3932	NA	92	1	NA	NA
chr13	19427382	71	19	21.11	1.3932	NA	90	1	NA	NA
chr13	19427388	72	20	21.74	1.3932	NA	92	1	NA	NA
chr13	19427390	73	20	21.51	1.3932	NA	93	1	NA	NA
chr13	19433800	147	12	7.55	1.3932	NA	159	1	NA	NA
chr13	19433836	169	33	16.34	1.3932	NA	202	1	NA	NA
chr13	19433845	162	33	16.92	1.3932	NA	195	1	NA	NA
chr13	19436119	51	22	30.14	1.3932	NA	73	1	NA	NA
chr13	19436148	74	17	18.68	1.3932	NA	91	1	NA	NA
chr13	19439043	37	7	15.91	1.3932	NA	44	1	NA	NA
chr13	19997604	24	9	27.27	1.3932	NA	33	1	NA	NA
chr13	53050599	36	3	7.69	1.3932	NA	39	1	NA	NA
chr14	21679118	135	10	6.9	1.81466	2	145	1	1	1.000000001
chr14	21679132	132	12	8.33	1.81466	2	144	1	1	1.000000001
chr14	21679141	131	24	15.48	1.81466	2	155	1	1	1.000000001
chr14	21679160	142	28	16.47	1.81466	2	170	1	1	1.000000001
chr14	21679176	133	27	16.88	1.81466	2	160	1	1	1.000000001
chr14	21679183	141	25	15.06	1.81466	2	166	1	1	1.000000001
chr14	21679192	137	24	14.91	1.81466	2	161	1	1	1.000000001
chr14	21679197	140	24	14.63	1.81466	2	164	1	1	1.000000001
chr14	21679212	137	19	12.18	1.81466	2	156	1	1	1.000000001
chr14	21679219	141	13	8.44	1.81466	2	154	1	1	1.000000001
chr14	21679222	142	13	8.39	1.81466	2	155	1	1	1.000000001
chr14	23371268	19	8	29.63	1.81466	2	27	0	NA	NA
chr14	105415410	100	23	18.7	1.81466	2	123	1	1	1.000000001
chr14	105415411	102	20	16.39	1.81466	2	122	1	1	1.000000001
chr14	105415413	96	22	18.64	1.81466	2	118	1	1	1.000000001
chr14	105415497	103	15	12.71	1.81466	2	118	1	1	1.000000001
chr15	30438092	43	12	21.82	1.79452	2	55	1	1	1.000000001
chr15	30909443	34	11	24.44	1.79452	2	45	1	1	1.000000001
chr15	34042470	24	7	22.58	1.79452	2	31	1	1	1.000000001
chr15	38751093	19	15	44.12	1.79452	2	34	1	1	1.000000001
chr15	38751105	15	11	42.31	1.79452	2	26	0	NA	NA
chr15	38751107	15	12	44.44	1.79452	2	27	0	NA	NA
chr15	38751124	14	11	44	1.79452	2	25	0	NA	NA
chr15	45389873	21	7	25	1.79452	2	28	0	NA	NA
chr15	76077760	28	9	24.32	1.79452	2	37	1	1	1.000000001
chr15	76077762	24	9	27.27	1.79452	2	33	1	1	1.000000001
chr15	82934872	136	9	6.21	1.79452	2	145	1	1	1.000000001
chr15	102501667	23	10	30.3	1.79452	2	33	1	1	1.000000001
chr16	848454	28	3	9.68	1.54264	NA	31	1	NA	NA
chr16	27799458	41	16	28.07	1.54264	NA	57	1	NA	NA
chr16	28943447	11	9	45	1.54264	NA	20	0	NA	NA
chr16	29870688	23	5	17.86	1.54264	NA	28	0	NA	NA
chr16	32095465	17	4	19.05	1.54264	NA	21	0	NA	NA
chr16	32095480	22	9	29.03	1.54264	NA	31	1	NA	NA
chr16	32095521	51	7	12.07	1.54264	NA	58	1	NA	NA
chr16	32095555	50	6	10.71	1.54264	NA	56	1	NA	NA
chr16	33497978	51	6	10.53	1.54264	NA	57	1	NA	NA
chr16	33542293	100	7	6.54	1.54264	NA	107	1	NA	NA
chr16	33542315	141	8	5.37	1.54264	NA	149	1	NA	NA
chr16	33545029	27	12	30.77	1.54264	NA	39	1	NA	NA
chr16	33942005	352	49	12.22	1.54264	NA	401	1	NA	NA
chr16	50766217	20	2	9.09	1.54264	NA	22	0	NA	NA
chr16	67865729	20	2	9.09	1.54264	NA	22	0	NA	NA
chr16	84256553	22	2	8.33	1.54264	NA	24	0	NA	NA
chr16	90160411	20	5	20	1.54264	NA	25	0	NA	NA
chr16	90160413	15	10	40	1.54264	NA	25	0	NA	NA
chr16	90235773	67	9	11.84	1.54264	NA	76	1	NA	NA
chr16	90236122	20	10	33.33	1.54264	NA	30	1	NA	NA
chr17	417718	109	10	8.4	1.27872	NA	119	1	NA	NA
chr17	5035683	26	4	13.33	1.27872	NA	30	1	NA	NA
chr17	7386234	62	4	6.06	1.27872	NA	66	1	NA	NA
chr17	7577534	14	8	36.36	1.27872	NA	22	0	NA	NA
chr17	14139347	69	17	19.77	1.27872	NA	86	1	NA	NA
chr17	14139580	97	21	17.8	1.27872	NA	118	1	NA	NA
chr17	21207835	21	6	22.22	1.27872	NA	27	0	NA	NA
chr17	21319767	29	34	53.97	1.27872	NA	63	1	NA	NA
chr17	21904868	1361	113	7.67	6.80314	NA	1473	1	NA	NA
chr17	21904896	1470	92	5.89	6.80314	NA	1562	1	NA	NA
chr17	21904951	735	111	13.12	6.80314	NA	846	1	NA	NA
chr17	25919473	49	142	74.35	6.80314	NA	191	1	NA	NA
chr17	25919515	46	118	71.95	2	2	164	1	1	1.000000001
chr17	33341800	35	148	80.87	3.78344	4	183	1	NA	NA
chr17	33344516	26	83	76.15	3.78344	4	109	1	NA	NA
chr17	33348310	18	6	25	3.78344	4	24	0	NA	NA
chr17	34091670	29	65	69.15	7.85766	NA	94	1	NA	NA
chr17	34091780	25	99	79.84	7.85766	NA	124	1	NA	NA
chr17	34091784	26	108	80.6	7.85766	NA	134	1	NA	NA
chr17	34091940	44	118	72.84	7.85766	NA	162	1	NA	NA
chr17	34091977	55	147	72.77	7.85766	NA	202	1	NA	NA
chr17	34092004	61	147	70.67	7.85766	NA	208	1	NA	NA
chr17	34092034	74	163	68.78	7.85766	NA	237	1	NA	NA
chr17	34092060	74	141	65.58	7.85766	NA	215	1	NA	NA
chr17	34092082	60	115	65.71	7.85766	NA	175	1	NA	NA
chr17	34092142	41	75	64.66	2	2	116	1	1	1.000000001
chr17	34797287	146	18	10.98	2.16475	2	164	1	1	1.000000001
chr17	36885363	20	63	75.9	9.3295	NA	83	1	NA	NA
chr17	36885406	26	106	80.3	9.3295	NA	132	1	NA	NA
chr17	39389466	150	13	7.98	1.74448	NA	163	1	NA	NA
chr17	39389475	145	13	8.23	1.74448	NA	158	1	NA	NA
chr17	39389487	143	14	8.92	1.74448	NA	157	1	NA	NA
chr17	39389493	145	14	8.81	1.74448	NA	159	1	NA	NA
chr17	39389501	143	14	8.92	1.74448	NA	157	1	NA	NA
chr17	39389509	145	13	8.23	1.74448	NA	158	1	NA	NA
chr17	39389518	147	10	6.37	1.74448	NA	157	1	NA	NA
chr17	45214558	498	78	13.54	1.70622	NA	576	1	NA	NA
chr17	45214564	557	40	6.7	1.70622	NA	597	1	NA	NA
chr17	45214604	354	23	6.1	1.70622	NA	377	1	NA	NA
chr17	45214606	328	29	8.12	1.70622	NA	357	1	NA	NA
chr17	45214690	278	42	13.12	1.70622	NA	320	1	NA	NA
chr17	45219284	139	26	15.76	1.70622	NA	165	1	NA	NA
chr17	45219309	59	68	53.54	1.70622	NA	127	1	NA	NA
chr17	45219312	63	62	49.6	1.70622	NA	125	1	NA	NA
chr17	45219313	56	67	54.47	1.70622	NA	123	1	NA	NA
chr17	45219315	53	68	56.2	1.70622	NA	121	1	NA	NA
chr17	45219710	81	9	10	1.70622	NA	90	1	NA	NA
chr17	45219714	78	10	11.36	1.70622	NA	88	1	NA	NA
chr17	45219723	75	10	11.76	1.70622	NA	85	1	NA	NA
chr17	45249316	29	14	32.56	1.70622	NA	43	1	NA	NA
chr17	45249330	31	17	35.42	1.70622	NA	48	1	NA	NA
chr17	45249365	36	17	32.08	1.70622	NA	53	1	NA	NA
chr17	45249372	40	13	24.53	1.70622	NA	53	1	NA	NA
chr17	45266562	132	15	10.2	1.70622	NA	147	1	NA	NA
chr17	45668303	155	19	10.92	1.70622	NA	174	1	NA	NA
chr17	53007380	84	15	15.15	7.14236	NA	99	1	NA	NA
chr17	53007394	93	16	14.68	7.14236	NA	109	1	NA	NA
chr17	73726952	20	7	25.93	2.02497	2	27	0	NA	NA
chr18	48011	74	6	7.5	1.86581	2	80	1	1	1.000000001
chr18	14183574	22	7	24.14	1.86581	2	29	0	NA	NA
chr18	14184100	213	27	11.25	1.86581	2	240	1	1	1.000000001
chr18	15323276	56	12	17.65	1.86581	2	68	1	1	1.000000001
chr19	199295	17	5	22.73	1.74521	NA	22	0	NA	NA
chr19	199802	16	3	15.79	1.74521	NA	19	0	NA	NA
chr19	199826	23	6	20.69	1.74521	NA	29	0	NA	NA
chr19	199844	35	8	18.6	1.74521	NA	43	1	NA	NA
chr19	200181	84	16	16	1.74521	NA	100	1	NA	NA
chr19	501786	15	6	28.57	1.74521	NA	21	0	NA	NA
chr19	8992971	26	15	36.59	1.74521	NA	41	1	NA	NA
chr19	8992972	25	15	37.5	1.74521	NA	40	1	NA	NA
chr19	8992980	26	14	35	1.74521	NA	40	1	NA	NA
chr19	8992981	27	14	34.15	1.74521	NA	41	1	NA	NA
chr19	8992988	24	13	35.14	1.74521	NA	37	1	NA	NA
chr19	8992993	25	12	32.43	1.74521	NA	37	1	NA	NA
chr19	8992996	30	12	28.57	1.74521	NA	42	1	NA	NA
chr19	8992997	31	12	27.91	1.74521	NA	43	1	NA	NA
chr19	8993008	43	11	20.37	1.74521	NA	54	1	NA	NA
chr19	8999395	42	8	16	1.74521	NA	50	1	NA	NA
chr19	8999445	57	11	16.18	1.74521	NA	68	1	NA	NA
chr19	8999462	66	14	17.5	1.74521	NA	80	1	NA	NA
chr19	8999468	65	15	18.75	1.74521	NA	80	1	NA	NA
chr19	9002576	33	9	21.43	1.74521	NA	42	1	NA	NA
chr19	9012840	24	7	22.58	1.74521	NA	31	1	NA	NA
chr19	9012947	14	6	30	1.74521	NA	20	0	NA	NA
chr19	9017476	22	6	21.43	1.74521	NA	28	0	NA	NA
chr19	9017484	24	6	20	1.74521	NA	30	1	NA	NA
chr19	9017485	24	6	20	1.74521	NA	30	1	NA	NA
chr19	12503074	30	7	18.92	1.74521	NA	37	1	NA	NA
chr19	12503077	27	7	20.59	1.74521	NA	34	1	NA	NA
chr19	21567531	249	23	8.46	1.74521	NA	272	1	NA	NA
chr19	21567584	259	25	8.8	1.74521	NA	284	1	NA	NA
chr19	21567587	245	34	12.19	1.74521	NA	279	1	NA	NA
chr19	21567595	224	28	11.11	1.74521	NA	252	1	NA	NA
chr19	21567604	246	17	6.46	1.74521	NA	263	1	NA	NA
chr19	21567613	213	29	11.98	1.74521	NA	242	1	NA	NA
chr19	22155783	311	18	5.47	1.74521	NA	329	1	NA	NA
chr19	22171646	99	7	6.6	1.74521	NA	106	1	NA	NA
chr19	22171651	99	7	6.6	1.74521	NA	106	1	NA	NA
chr19	22171667	97	6	5.83	1.74521	NA	103	1	NA	NA
chr19	22270783	29	6	17.14	1.74521	NA	35	1	NA	NA
chr19	22270882	52	12	18.75	1.74521	NA	64	1	NA	NA
chr19	22270897	63	6	8.7	1.74521	NA	69	1	NA	NA
chr19	22270899	65	6	8.45	1.74521	NA	71	1	NA	NA
chr19	22270912	67	6	8.22	1.74521	NA	73	1	NA	NA
chr19	23544769	281	19	6.33	1.74521	NA	300	1	NA	NA
chr19	43348370	18	6	25	1.74521	NA	24	0	NA	NA
chr19	52570342	149	48	24.37	1.74521	NA	197	1	NA	NA
chr19	53013986	129	31	19.38	1.74521	NA	160	1	NA	NA
chr19	53391486	40	7	14.89	1.74521	NA	47	1	NA	NA
chr19	55377853	52	10	16.13	1.74521	NA	62	1	NA	NA
chr19	55377871	47	10	17.54	1.74521	NA	57	1	NA	NA
chr19	55377875	43	9	17.31	1.74521	NA	52	1	NA	NA
chr19	55377884	35	8	18.6	1.74521	NA	43	1	NA	NA
chr19	55377891	31	7	18.42	1.74521	NA	38	1	NA	NA
chr19	55377903	30	5	14.29	1.74521	NA	35	1	NA	NA
chr2	36776776	53	16	23.19	1.84293	2	69	1	1	1.000000001
chr2	86066366	24	10	29.41	1.84293	2	34	1	1	1.000000001
chr2	87356024	23	5	17.86	1.84293	2	28	0	NA	NA
chr2	89082520	16	6	27.27	1.84293	2	22	0	NA	NA
chr2	89102315	242	31	11.36	1.84293	2	273	1	1	1.000000001
chr2	89104301	115	17	12.88	1.84293	2	132	1	1	1.000000001
chr2	89105221	227	21	8.47	1.84293	2	248	1	1	1.000000001
chr2	91886002	76	17	18.28	1.84293	2	93	1	1	1.000000001
chr2	91968774	28	3	9.68	1.84293	2	31	1	1	1.000000001
chr2	95495124	111	14	11.2	1.84293	2	125	1	1	1.000000001
chr2	95495142	113	17	13.08	1.84293	2	130	1	1	1.000000001
chr2	95495169	95	14	12.84	1.84293	2	109	1	1	1.000000001
chr2	95495232	98	18	15.52	1.84293	2	116	1	1	1.000000001
chr2	96517057	15	5	25	1.02059	1	20	0	NA	NA
chr2	96517085	18	6	25	1.02059	1	24	0	NA	NA
chr2	96593100	139	20	12.58	1.7632	2	159	1	1	1.000000001
chr2	96593257	39	8	17.02	1.7632	2	47	1	1	1.000000001
chr2	96604473	72	15	17.24	1.7632	2	87	1	1	1.000000001
chr2	97833546	184	27	12.8	1.7632	2	211	1	1	1.000000001
chr2	97909778	86	14	14	1.7632	2	100	1	1	1.000000001
chr2	97916016	47	4	7.84	1.7632	2	51	1	1	1.000000001
chr2	132044787	252	18	6.67	1.82323	2	270	1	1	1.000000001
chr2	132861758	129	23	15.13	1.82323	2	152	1	1	1.000000001
chr2	132912316	83	15	15.31	1.82323	2	98	1	1	1.000000001
chr2	132912327	82	14	14.58	1.82323	2	96	1	1	1.000000001
chr2	190635188	29	14	32.56	1.85806	2	43	1	1	1.000000001
chr2	190788804	141	19	11.88	1.85806	2	160	1	1	1.000000001
chr2	190788824	122	7	5.43	1.85806	2	129	1	1	1.000000001
chr2	190788825	118	7	5.6	1.85806	2	125	1	1	1.000000001
chr2	202901190	28	3	9.68	1.85806	2	31	1	1	1.000000001
chr2	234224638	20	8	28.57	1.85806	2	28	0	NA	NA
chr20	1287155	26	3	10.34	2.07067	2	29	0	NA	NA
chr20	1459054	23	15	39.47	2.07067	2	38	1	1	1.000000001
chr20	25754160	126	22	14.86	2.07067	2	148	1	1	1.000000001
chr20	25754253	137	24	14.91	2.07067	2	161	1	1	1.000000001
chr20	26084066	16	6	27.27	2.07067	2	22	0	NA	NA
chr20	29624263	67	9	11.84	2.07067	2	76	1	1	1.000000001
chr20	29625895	508	43	7.8	2.07067	2	551	1	1	1.000000001
chr20	29625946	391	36	8.43	2.07067	2	427	1	1	1.000000001
chr20	29628038	23	4	14.81	2.07067	2	27	0	NA	NA
chr20	29631750	38	10	20.83	2.07067	2	48	1	1	1.000000001
chr20	29632574	224	18	7.44	2.07067	2	242	1	1	1.000000001
chr20	29632686	547	31	5.36	2.07067	2	578	1	1	1.000000001
chr20	29633945	303	29	8.73	2.07067	2	332	1	1	1.000000001
chr20	57599654	44	14	24.14	2.07067	2	58	1	1	1.000000001
chr21	9750234	28	5	15.15	1.76284	2	33	1	1	1.000000001
chr21	9865843	329	32	8.86	1.76284	2	361	1	1	1.000000001
chr21	9897937	36	9	20	1.76284	2	45	1	1	1.000000001
chr21	9909012	25	5	16.67	1.76284	2	30	1	1	1.000000001
chr21	9909015	25	6	19.35	1.76284	2	31	1	1	1.000000001
chr21	9909204	43	7	14	1.76284	2	50	1	1	1.000000001
chr21	9909821	19	3	13.64	1.76284	2	22	0	NA	NA
chr21	9921469	68	11	13.92	1.76284	2	79	1	1	1.000000001
chr21	9921526	83	14	14.43	1.76284	2	97	1	1	1.000000001
chr21	9967943	199	26	11.56	1.76284	2	225	1	1	1.000000001
chr21	10164401	89	8	8.25	1.76284	2	97	1	1	1.000000001
chr21	11021134	256	26	9.22	1.76284	2	282	1	1	1.000000001
chr21	11039079	453	41	8.3	1.76284	2	494	1	1	1.000000001
chr21	11057735	106	13	10.92	1.76284	2	119	1	1	1.000000001
chr21	11057743	123	20	13.99	1.76284	2	143	1	1	1.000000001
chr21	11057893	501	29	5.47	1.76284	2	530	1	1	1.000000001
chr21	15343496	145	23	13.69	1.76284	2	168	1	1	1.000000001
chr21	32201475	51	23	31.08	1.76284	2	74	1	1	1.000000001
chr21	38886348	77	7	8.33	1.76284	2	84	1	1	1.000000001
chr21	43857605	31	9	22.5	1.76284	2	40	1	1	1.000000001
chr22	18841011	16	8	33.33	1.6881	NA	24	0	NA	NA
chr22	21044188	95	10	9.52	1.6881	NA	105	1	NA	NA
chr22	21050335	211	39	15.6	1.6881	NA	250	1	NA	NA
chr22	21646825	22	3	12	1.6881	NA	25	0	NA	NA
chr22	21802951	28	14	33.33	1.6881	NA	42	1	NA	NA
chr22	23982904	30	10	25	1.6881	NA	40	1	NA	NA
chr22	23982929	29	7	19.44	1.6881	NA	36	1	NA	NA
chr22	23982932	27	7	20.59	1.6881	NA	34	1	NA	NA
chr22	23982933	26	7	21.21	1.6881	NA	33	1	NA	NA
chr22	23982957	28	8	22.22	1.6881	NA	36	1	NA	NA
chr22	23982971	26	8	23.53	1.6881	NA	34	1	NA	NA
chr22	23982978	24	7	22.58	1.6881	NA	31	1	NA	NA
chr22	24656027	69	11	13.75	1.6881	NA	80	1	NA	NA
chr22	25042887	86	8	8.51	1.6881	NA	94	1	NA	NA
chr22	25042908	82	5	5.75	1.6881	NA	87	1	NA	NA
chr22	25048094	34	9	20.93	1.6881	NA	43	1	NA	NA
chr22	36138978	31	8	20.51	1.6881	NA	39	1	NA	NA
chr3	37408106	52	5	8.77	1.64251	NA	57	1	NA	NA
chr3	37408146	45	9	16.67	1.64251	NA	54	1	NA	NA
chr3	37408164	43	9	17.31	1.64251	NA	52	1	NA	NA
chr3	75714382	23	105	82.03	1.64251	NA	128	1	NA	NA
chr3	75786430	397	93	18.98	1.64251	NA	490	1	NA	NA
chr3	75786483	385	88	18.6	1.64251	NA	473	1	NA	NA
chr3	75786921	350	51	12.72	1.64251	NA	401	1	NA	NA
chr3	75787174	446	80	15.21	1.64251	NA	526	1	NA	NA
chr3	75787218	354	48	11.94	1.64251	NA	402	1	NA	NA
chr3	75788226	56	127	69.4	1.64251	NA	183	1	NA	NA
chr3	75788273	250	62	19.87	1.64251	NA	312	1	NA	NA
chr3	75788376	225	54	19.35	1.64251	NA	279	1	NA	NA
chr3	100387985	55	14	20.29	1.64251	NA	69	1	NA	NA
chr3	108361389	31	8	20.51	1.64251	NA	39	1	NA	NA
chr3	122145230	78	6	7.14	1.64251	NA	84	1	NA	NA
chr3	125063669	52	20	27.78	1.64251	NA	72	1	NA	NA
chr3	195505801	123	10	7.52	1.64251	NA	133	1	NA	NA
chr3	195505836	128	14	9.86	1.64251	NA	142	1	NA	NA
chr3	195505855	139	10	6.71	1.64251	NA	149	1	NA	NA
chr3	195506332	112	7	5.88	1.64251	NA	119	1	NA	NA
chr3	195507982	276	18	6.12	1.64251	NA	294	1	NA	NA
chr3	195508702	22	2	8.33	1.64251	NA	24	0	NA	NA
chr3	195509651	375	42	10.07	1.64251	NA	417	1	NA	NA
chr3	195509676	346	54	13.5	1.64251	NA	400	1	NA	NA
chr3	195509689	365	56	13.3	1.64251	NA	421	1	NA	NA
chr3	195510780	266	29	9.83	1.64251	NA	295	1	NA	NA
chr3	195512631	380	31	7.54	1.64251	NA	411	1	NA	NA
chr3	195513413	370	23	5.85	1.64251	NA	393	1	NA	NA
chr3	195690233	56	7	11.11	1.64251	NA	63	1	NA	NA
chr3	195701306	32	10	23.81	1.64251	NA	42	1	NA	NA
chr3	197894800	47	12	20.34	1.64251	NA	59	1	NA	NA
chr4	336810	48	6	11.11	1.86296	2	54	1	1	1.000000001
chr4	336813	44	7	13.73	1.86296	2	51	1	1	1.000000001
chr4	336827	36	9	20	1.86296	2	45	1	1	1.000000001
chr4	4190576	50	12	19.35	1.86296	2	62	1	1	1.000000001
chr4	4190577	49	12	19.67	1.86296	2	61	1	1	1.000000001
chr4	4190595	47	21	30.88	1.86296	2	68	1	1	1.000000001
chr4	7776877	17	8	32	1.86296	2	25	0	NA	NA
chr4	49244786	37	8	17.78	1.86296	2	45	1	1	1.000000001
chr4	66439413	148	15	9.2	1.86296	2	163	1	1	1.000000001
chr4	70275130	49	13	20.97	1.86296	2	62	1	1	1.000000001
chr4	120327357	21	10	32.26	1.9029	2	31	1	1	1.000000001
chr4	190876204	47	29	38.16	1.9029	2	76	1	1	1.000000001
chr4	190876263	141	10	6.62	1.9029	2	151	1	1	1.000000001
chr4	190878494	200	28	12.28	1.9029	2	228	1	1	1.000000001
chr4	190904448	80	8	9.09	1.9029	2	88	1	1	1.000000001
chr5	236676	32	4	11.11	2.30282	NA	36	1	NA	NA
chr5	710669	122	15	10.95	2.30282	NA	137	1	NA	NA
chr5	710682	112	36	24.32	2.30282	NA	148	1	NA	NA
chr5	710726	115	56	32.75	2.30282	NA	171	1	NA	NA
chr5	710747	159	28	14.97	2.30282	NA	187	1	NA	NA
chr5	796116	250	32	11.35	2.30282	NA	282	1	NA	NA
chr5	37466530	23	17	42.5	2.30282	NA	40	1	NA	NA
chr5	74324857	95	27	22.13	2.09885	2	122	1	1	1.000000001
chr5	98858400	250	39	13.49	2.09885	2	289	1	1	1.000000001
chr5	98858401	251	38	13.15	2.09885	2	289	1	1	1.000000001
chr5	115363002	69	13	15.85	2.09885	2	82	1	1	1.000000001
chr5	136953586	36	14	28	2.09885	2	50	1	1	1.000000001
chr5	140772817	27	7	20.59	2.09885	2	34	1	1	1.000000001
chr6	11105377	52	9	14.75	1.81756	2	61	1	1	1.000000001
chr6	29858090	68	20	22.73	1.81756	2	88	1	1	1.000000001
chr6	29858097	68	17	20	1.81756	2	85	1	1	1.000000001
chr6	29858098	68	16	19.05	1.81756	2	84	1	1	1.000000001
chr6	29858105	62	15	19.48	1.81756	2	77	1	1	1.000000001
chr6	29858106	62	16	20.51	1.81756	2	78	1	1	1.000000001
chr6	29858108	62	16	20.51	1.81756	2	78	1	1	1.000000001
chr6	30899529	50	13	20.63	1.81756	2	63	1	1	1.000000001
chr6	158850746	45	10	18.18	1.88439	2	55	1	1	1.000000001
chr7	35218774	29	15	34.09	1.77424	2	44	1	1	1.000000001
chr7	47898311	24	9	27.27	1.77424	2	33	1	1	1.000000001
chr7	56564160	42	12	22.22	1.77424	2	54	1	1	1.000000001
chr7	56564161	42	12	22.22	1.77424	2	54	1	1	1.000000001
chr7	56564163	41	12	22.64	1.77424	2	53	1	1	1.000000001
chr7	56564168	39	12	23.53	1.77424	2	51	1	1	1.000000001
chr7	56895348	88	11	11.11	1.77424	2	99	1	1	1.000000001
chr7	56900633	71	18	20.22	1.77424	2	89	1	1	1.000000001
chr7	56900637	69	17	19.77	1.77424	2	86	1	1	1.000000001
chr7	56900638	69	16	18.82	1.77424	2	85	1	1	1.000000001
chr7	56900640	67	16	19.28	1.77424	2	83	1	1	1.000000001
chr7	57710136	137	9	6.16	1.77424	2	146	1	1	1.000000001
chr7	57710137	128	14	9.86	1.77424	2	142	1	1	1.000000001
chr7	57710215	74	9	10.84	1.77424	2	83	1	1	1.000000001
chr7	57888060	148	17	10.3	1.77424	2	165	1	1	1.000000001
chr7	63204605	58	8	12.12	1.77424	2	66	1	1	1.000000001
chr7	63204608	58	8	12.12	1.77424	2	66	1	1	1.000000001
chr7	63204620	52	7	11.86	1.77424	2	59	1	1	1.000000001
chr7	63210144	101	7	6.48	1.77424	2	108	1	1	1.000000001
chr7	63213546	83	6	6.74	1.77424	2	89	1	1	1.000000001
chr7	63213705	129	24	15.69	1.77424	2	153	1	1	1.000000001
chr7	63213713	144	11	7.1	1.77424	2	155	1	1	1.000000001
chr7	63219299	36	4	10	1.77424	2	40	1	1	1.000000001
chr7	63222541	86	17	16.5	1.77424	2	103	1	1	1.000000001
chr7	63222542	83	17	17	1.77424	2	100	1	1	1.000000001
chr7	100643689	606	59	8.87	1.77424	2	665	1	1	1.000000001
chr7	100643791	425	51	10.71	1.77424	2	476	1	1	1.000000001
chr7	102782033	136	22	13.92	1.77424	2	158	1	1	1.000000001
chr7	102782043	133	26	16.35	1.77424	2	159	1	1	1.000000001
chr7	102782044	128	24	15.79	1.77424	2	152	1	1	1.000000001
chr7	102782051	136	26	16.05	1.77424	2	162	1	1	1.000000001
chr7	102782077	123	22	15.17	1.77424	2	145	1	1	1.000000001
chr7	102782079	121	23	15.97	1.77424	2	144	1	1	1.000000001
chr7	102782080	121	22	15.38	1.77424	2	143	1	1	1.000000001
chr7	102782082	125	23	15.54	1.77424	2	148	1	1	1.000000001
chr7	102782113	117	16	12.03	1.77424	2	133	1	1	1.000000001
chr7	128294385	147	21	12.5	1.8288	2	168	1	1	1.000000001
chr7	137407289	88	23	20.72	1.8288	2	111	1	1	1.000000001
chr7	137407298	87	21	19.44	1.8288	2	108	1	1	1.000000001
chr7	141895984	26	3	10.34	1.8288	2	29	0	NA	NA
chr7	142458409	67	4	5.63	1.8288	2	71	1	1	1.000000001
chr7	142458414	68	4	5.56	1.8288	2	72	1	1	1.000000001
chr7	142458684	17	6	26.09	1.8288	2	23	0	NA	NA
chr8	7176340	112	10	8.2	1.73255	NA	122	1	NA	NA
chr8	52731091	83	9	9.78	1.37697	NA	92	1	NA	NA
chr8	52731093	81	11	11.96	1.37697	NA	92	1	NA	NA
chr8	52731494	64	12	15.79	1.37697	NA	76	1	NA	NA
chr8	52732961	131	18	12.08	1.37697	NA	149	1	NA	NA
chr8	86572539	75	7	8.54	0.75419	1	82	1	NA	NA
chr8	98864553	40	9	18.37	1.73797	NA	49	1	NA	NA
chr9	13192	92	11	10.68	1.85022	2	103	1	1	1.000000001
chr9	16967	43	9	17.31	1.85022	2	52	1	1	1.000000001
chr9	17107	77	8	9.41	1.85022	2	85	1	1	1.000000001
chr9	4702097	13	3	18.75	1.85022	2	16	0	NA	NA
chr9	8404587	47	11	18.97	1.85022	2	58	1	1	1.000000001
chr9	33344141	46	14	23.33	1.74521	NA	60	1	NA	NA
chr9	33402591	83	8	8.79	1.74521	NA	91	1	NA	NA
chr9	33795415	59	6	9.23	1.74521	NA	65	1	NA	NA
chr9	33796777	95	10	9.52	1.74521	NA	105	1	NA	NA
chr9	34458915	34	9	20.93	1.74521	NA	43	1	NA	NA
chr9	38543655	68	7	9.33	1.74521	NA	75	1	NA	NA
chr9	38543665	75	7	8.54	1.74521	NA	82	1	NA	NA
chr9	38543676	74	9	10.84	1.74521	NA	83	1	NA	NA
chr9	40715909	107	17	13.71	1.74521	NA	124	1	NA	NA
chr9	44091519	84	16	16	1.74521	NA	100	1	NA	NA
chr9	45728020	185	13	6.57	1.74521	NA	198	1	NA	NA
chr9	45728068	260	21	7.47	1.74521	NA	281	1	NA	NA
chr9	45728409	104	24	18.75	1.74521	NA	128	1	NA	NA
chr9	45730439	139	26	15.76	1.74521	NA	165	1	NA	NA
chr9	66500740	78	5	6.02	1.74521	NA	83	1	NA	NA
chr9	67301339	18	4	18.18	1.74521	NA	22	0	NA	NA
chr9	68429083	149	28	15.82	1.74521	NA	177	1	NA	NA
chr9	68429250	71	8	10.13	1.74521	NA	79	1	NA	NA
chr9	68429286	49	9	15.52	1.74521	NA	58	1	NA	NA
chr9	68429289	51	6	10.53	1.74521	NA	57	1	NA	NA
chr9	68433568	215	31	12.6	1.74521	NA	246	1	NA	NA
chr9	68433726	77	8	9.41	1.74521	NA	85	1	NA	NA
chr9	69413201	24	10	29.41	1.74521	NA	34	1	NA	NA
chr9	98637849	28	10	26.32	1.8797	2	38	1	1	1.000000001
chr9	131013824	94	9	8.74	1.8797	2	103	1	1	1.000000001
chrX	6451869	147	11	6.96	1.77929	2	158	1	1	1.000000001
chrX	47065808	24	5	17.24	1.76565	2	29	0	NA	NA
chrX	118605144	42	14	25	1.80125	2	56	1	1	1.000000001
chrX	118605145	42	14	25	1.80125	2	56	1	1	1.000000001
chrX	118605163	41	13	24.07	1.80125	2	54	1	1	1.000000001
chrX	133511691	44	24	35.29	1.80125	2	68	1	1	1.000000001
chrX	147026334	28	5	15.15	1.81378	2	33	1	1	1.000000001
chrX	155251631	68	10	12.82	1.71475	NA	78	1	NA	NA
chrX	155251634	67	8	10.67	1.71475	NA	75	1	NA	NA
chrX	155254720	26	4	13.33	1.71475	NA	30	1	NA	NA
