chr	st	BC49T.ref	BC49T.var	BC49T.vaf	BC49T.cn	BC49T.cleancn	BC49T.depth	adequateDepth	cluster	cluster.prob.1	cluster.prob.2
chr1	13116	17	5	22.73	1.91269	2	22	0	NA	NA	NA
chr1	13118	18	5	21.74	1.91269	2	23	0	NA	NA	NA
chr1	14907	88	21	19.27	1.91269	2	109	1	2	0.0311181493219923	0.968881852678008
chr1	136827	72	5	6.49	1.91269	2	77	1	2	1.04037129302937e-06	0.999998961628707
chr1	1572573	18	2	10	1.91269	2	20	0	NA	NA	NA
chr1	12851571	144	24	14.29	1.91269	2	168	1	2	0.0019228498259469	0.998077152174053
chr1	12907843	157	40	20.3	1.91269	2	197	1	2	0.0496592598146616	0.950340742185338
chr1	13183130	149	8	5.1	1.91269	2	157	1	2	1.03754678557381e-07	0.999999898245321
chr1	13183138	156	13	7.69	1.91269	2	169	1	2	5.28149714307181e-06	0.999994720502857
chr1	13184308	78	12	13.33	1.91269	2	90	1	2	0.000996489995575994	0.999003512004424
chr1	16862241	21	9	30	1.91269	2	30	1	1	0.657754483742455	0.342245518257545
chr1	16862273	25	10	28.57	1.91269	2	35	1	1	0.551810522697046	0.448189479302954
chr1	16862472	76	18	19.15	1.91269	2	94	1	2	0.0294029627837918	0.970597039216208
chr1	16891956	243	38	13.52	1.91269	2	281	1	2	0.00113928756464745	0.998860714435353
chr1	16892355	95	7	6.86	1.91269	2	102	1	2	1.76954187186474e-06	0.999998232458128
chr1	16893498	222	10	4.31	1.91269	2	232	1	2	2.13632369904021e-08	0.999999980636763
chr1	16893701	886	67	7.03	1.91269	2	953	1	2	2.23708917239277e-06	0.999997764910827
chr1	16894523	292	16	5.19	1.91269	2	308	1	2	1.22566519764443e-07	0.99999987943348
chr1	16894580	325	11	3.27	1.91269	2	336	1	2	2.42492103270757e-09	0.999999999575079
chr1	16903780	65	11	14.47	1.91269	2	76	1	2	0.00216391106219154	0.997836090937808
chr1	16907164	448	37	7.63	1.91269	2	485	1	2	4.90009489415492e-06	0.999995101905106
chr1	16914332	192	30	13.51	1.91269	2	222	1	2	0.00113134081947626	0.998868661180524
chr1	16946434	69	16	18.82	1.91269	2	85	1	2	0.0250971326299544	0.974902869370046
chr1	16957287	25	6	19.35	1.91269	2	31	1	2	0.0323084139278862	0.967691588072114
chr1	16972134	55	24	30.38	1.91269	2	79	1	1	0.683034644502145	0.316965357497855
chr1	16972190	45	9	16.67	1.91269	2	54	1	2	0.00817357245027218	0.991826429549728
chr1	16972239	26	5	16.13	1.91269	2	31	1	2	0.00600754222182067	0.993992459778179
chr1	16975495	11	12	52.17	1.91269	2	23	0	NA	NA	NA
chr1	17087682	43	12	21.82	1.91269	2	55	1	2	0.0929020658016353	0.907097936198365
chr1	17199334	25	8	24.24	1.91269	2	33	1	2	0.213636229223378	0.786363772776622
chr1	17199336	24	8	25	1.91269	2	32	1	2	0.265423799685127	0.734576202314873
chr1	17199978	19	8	29.63	1.91269	2	27	0	NA	NA	NA
chr1	28241138	18	2	10	1.91269	2	20	0	NA	NA	NA
chr1	28843260	44	7	13.73	1.91269	2	51	1	2	0.00131806822674247	0.998681933773258
chr1	41303365	30	6	16.67	1.91269	2	36	1	2	0.00817357245027218	0.991826429549728
chr1	43352449	101	17	14.41	1.91269	2	118	1	2	0.00208073150181851	0.997919270498181
chr1	47505153	31	15	32.61	1.91269	2	46	1	1	0.803638346290737	0.196361655709263
chr1	68626868	144	20	12.2	1.91269	2	164	1	2	0.000430375875959612	0.99956962612404
chr1	68626876	157	12	7.1	1.91269	2	169	1	2	2.45975196435963e-06	0.999997542248035
chr1	68627062	41	13	24.07	1.91269	2	54	1	2	0.202904985804505	0.797095016195495
chr1	68627147	218	9	3.96	1.91269	2	227	1	2	1.00114275057518e-08	0.999999991988572
chr1	68628033	164	17	9.39	1.91269	2	181	1	2	3.56177376582454e-05	0.999964384262342
chr1	68628103	73	16	17.98	1.91269	2	89	1	2	0.016501011955034	0.983498990044966
chr1	68628109	74	18	19.57	1.91269	2	92	1	2	0.0357832403565482	0.964216761643452
chr1	68628118	53	37	41.11	1.91269	2	90	1	1	0.969760073855957	0.0302399281440428
chr1	68628282	44	20	31.25	1.91269	2	64	1	1	0.735747579937774	0.264252422062226
chr1	68628292	47	24	33.8	1.91269	2	71	1	1	0.849657272179685	0.150342729820315
chr1	68628306	36	24	40	1.91269	2	60	1	1	0.96188778920961	0.0381122127903899
chr1	142621112	79	7	8.14	1.91269	2	86	1	2	9.09931931694338e-06	0.999990902680683
chr1	142621114	79	7	8.14	1.91269	2	86	1	2	9.09931931694338e-06	0.999990902680683
chr1	142660172	67	16	19.28	1.91269	2	83	1	2	0.031264856922744	0.968735145077256
chr1	142721994	123	16	11.51	1.91269	2	139	1	2	0.000247576539122309	0.999752425460878
chr1	142721996	132	19	12.58	1.91269	2	151	1	2	0.000575723135897493	0.999424278864103
chr1	142722044	160	26	13.98	1.91269	2	186	1	2	0.00156315193626813	0.998436850063732
chr1	142722066	170	26	13.27	1.91269	2	196	1	2	0.000954834312597742	0.999045167687402
chr1	142722504	50	15	23.08	1.91269	2	65	1	2	0.147134341310805	0.852865660689195
chr1	142722515	73	9	10.98	1.91269	2	82	1	2	0.000158133923811823	0.999841868076188
chr1	142722519	76	9	10.59	1.91269	2	85	1	2	0.000112081435251859	0.999887920564748
chr1	142723765	275	9	3.17	1.91269	2	284	1	2	2.05626515187687e-09	0.999999999943735
chr1	142803174	268	15	5.3	1.91269	2	283	1	2	1.4970893494402e-07	0.999999852291065
chr1	142803200	241	23	8.71	1.91269	2	264	1	2	1.73760717023228e-05	0.999982625928298
chr1	142803646	117	17	12.69	1.91269	2	134	1	2	0.000625260725416251	0.999374741274584
chr1	142805282	360	38	9.55	1.91269	2	398	1	2	4.18480494656121e-05	0.999958153950535
chr1	142805404	408	33	7.48	1.91269	2	441	1	2	4.05207509488855e-06	0.999995949924905
chr1	142805940	171	15	8.06	1.91269	2	186	1	2	8.27923747089495e-06	0.999991722762529
chr1	142805942	172	15	8.02	1.91269	2	187	1	2	7.89452839495446e-06	0.999992107471605
chr1	142805963	182	9	4.71	1.91269	2	191	1	2	4.88233828239049e-08	0.999999953176617
chr1	142806187	433	56	11.45	1.91269	2	489	1	2	0.000235578200614769	0.999764423799385
chr1	142806196	402	55	12.04	1.91269	2	457	1	2	0.000379687995489534	0.99962031400451
chr1	142806370	398	26	6.13	1.91269	2	424	1	2	6.0221178660733e-07	0.999999399788213
chr1	142806552	382	20	4.98	1.91269	2	402	1	2	8.27344155738171e-08	0.999999919265584
chr1	142806574	404	24	5.61	1.91269	2	428	1	2	2.57728402915732e-07	0.999999744271597
chr1	142806586	389	25	6.04	1.91269	2	414	1	2	5.22659610584019e-07	0.99999947934039
chr1	142810346	82	12	12.77	1.91269	2	94	1	2	0.000663638548697432	0.999336363451303
chr1	142811760	516	59	10.26	1.91269	2	575	1	2	8.29062045120006e-05	0.999917095795488
chr1	142811864	484	28	5.47	1.91269	2	512	1	2	2.02400368837403e-07	0.999999799599631
chr1	142812866	236	25	9.58	1.91269	2	261	1	2	4.3119034410078e-05	0.99995688296559
chr1	142813314	91	19	17.27	1.91269	2	110	1	2	0.0113616756685345	0.988638326331465
chr1	142815884	746	91	10.87	1.91269	2	837	1	2	0.000143686712449932	0.99985631528755
chr1	142815938	578	79	12.02	1.91269	2	657	1	2	0.000373742169518618	0.999626259830481
chr1	142822658	183	36	16.44	1.91269	2	219	1	2	0.00717878164124018	0.99282122035876
chr1	142826847	265	32	10.77	1.91269	2	297	1	2	0.000131587910240786	0.999868414089759
chr1	142826849	271	27	9.06	1.91269	2	298	1	2	2.53140796258212e-05	0.999974687920374
chr1	142826855	278	28	9.15	1.91269	2	306	1	2	2.78193024212184e-05	0.999972182697579
chr1	142828342	80	24	23.08	1.91269	2	104	1	2	0.147134341310805	0.852865660689195
chr1	142890853	15	9	37.5	1.91269	2	24	0	NA	NA	NA
chr1	143195902	60	16	21.05	1.91269	2	76	1	2	0.0682922657981934	0.931707736201807
chr1	143207761	56	8	12.5	1.91269	2	64	1	2	0.000541925475016873	0.999458076524983
chr1	143209711	520	87	14.33	1.91269	2	607	1	2	0.00197425070193494	0.998025751298065
chr1	143209784	663	26	3.77	1.91269	2	690	1	2	6.61258439327346e-09	0.999999995387416
chr1	143219000	19	6	24	1.91269	2	25	0	NA	NA	NA
chr1	143219080	36	12	25	1.91269	2	48	1	2	0.265423799685127	0.734576202314873
chr1	143219102	41	20	32.79	1.91269	2	61	1	1	0.811355150284439	0.188644851715561
chr1	143219734	80	26	24.53	1.91269	2	106	1	2	0.232683808253283	0.767316193746717
chr1	143223823	54	9	14.29	1.91269	2	63	1	2	0.0019228498259469	0.998077152174053
chr1	144813718	26	13	33.33	1.91269	2	39	1	1	0.83285358611253	0.16714641588747
chr1	144815953	50	20	28.57	1.91269	2	70	1	1	0.551810522697046	0.448189479302954
chr1	144852254	216	40	15.62	1.91269	2	256	1	2	0.00444477564475886	0.995555226355241
chr1	145293014	417	24	5.44	1.91269	2	441	1	2	1.9203709404851e-07	0.999999809962906
chr1	145293744	110	15	12	1.91269	2	125	1	2	0.000367879533482291	0.999632122466518
chr1	145296701	70	7	9.09	1.91269	2	77	1	2	2.61257806379062e-05	0.999973876219362
chr1	145302704	46	15	24.59	1.91269	2	61	1	2	0.236737932563518	0.763262069436482
chr1	145323491	250	31	11.03	1.91269	2	281	1	2	0.000165119148019846	0.99983488285198
chr1	145323736	190	19	9.09	1.91269	2	209	1	2	2.61257806379062e-05	0.999973876219362
chr1	145354143	145	22	13.17	1.91269	2	167	1	2	0.00088884536484196	0.999111156635158
chr1	146467501	170	18	9.57	1.91269	2	188	1	2	4.26915931069601e-05	0.999957310406893
chr1	148004567	319	48	13.08	1.91269	2	367	1	2	0.000832961938540292	0.99916704006146
chr1	148004568	324	47	12.67	1.91269	2	371	1	2	0.000615980955867487	0.999384021044133
chr1	148004584	302	42	12.21	1.91269	2	344	1	2	0.00043373539939273	0.999566266600607
chr1	148251814	340	29	7.86	1.91269	2	369	1	2	6.51047988577293e-06	0.999993491520114
chr1	148342227	42	17	28.81	1.91269	2	59	1	1	0.570623739396804	0.429376262603196
chr1	148598841	164	17	9.39	1.91269	2	181	1	2	3.56177376582454e-05	0.999964384262342
chr1	148853924	155	10	6.06	1.91269	2	165	1	2	5.39474119059116e-07	0.999999462525881
chr1	151262695	46	7	13.21	1.91269	2	53	1	2	0.000914736781097599	0.999085265218903
chr1	152188964	322	28	8	1.91269	2	350	1	2	7.70823512343707e-06	0.999992293764877
chr1	154525308	18	25	58.14	1.91269	2	43	1	1	0.99826891802395	0.00173108397604976
chr1	161487964	27	11	28.95	1.91269	2	38	1	1	0.581430713825942	0.418569288174058
chr1	161520514	30	9	23.08	1.91269	2	39	1	2	0.147134341310805	0.852865660689195
chr1	165544652	36	31	46.27	1.91269	2	67	1	1	0.988876135098556	0.0111238669014441
chr1	200819040	69	13	15.85	1.91269	2	82	1	2	0.0050982664789609	0.994901735521039
chr1	201179173	203	25	10.96	1.91269	2	228	1	2	0.000155414533948234	0.999844587466052
chr1	201282401	17	6	26.09	1.91269	2	23	0	NA	NA	NA
chr1	207192745	43	17	28.33	1.91269	2	60	1	1	0.532673858465948	0.467326143534052
chr1	208215565	32	11	25.58	1.91269	2	43	1	2	0.308641802893627	0.691358199106373
chr1	248247638	69	21	23.33	1.91269	2	90	1	2	0.160114884587948	0.839885117412052
chr1	248436925	40	7	14.89	1.91269	2	47	1	2	0.00283376942412876	0.997166232575871
chr10	15050147	222	37	14.29	2.09798	2	259	1	2	0.0019228498259469	0.998077152174053
chr10	15050179	210	14	6.25	2.09798	2	224	1	2	7.25115280653665e-07	0.999999276884719
chr10	26934407	199	11	5.24	2.09798	2	210	1	2	1.34298970567506e-07	0.999999867701029
chr10	26934414	195	11	5.34	2.09798	2	206	1	2	1.60849103974861e-07	0.999999841150896
chr10	26934431	220	9	3.93	2.09798	2	229	1	2	9.37518110294391e-09	0.999999992624819
chr10	26934435	218	9	3.96	2.09798	2	227	1	2	1.00114275057518e-08	0.999999991988572
chr10	26934439	219	9	3.95	2.09798	2	228	1	2	9.79469549921609e-09	0.999999992205304
chr10	26934440	220	9	3.93	2.09798	2	229	1	2	9.37518110294391e-09	0.999999992624819
chr10	26936127	129	6	4.44	2.09798	2	135	1	2	2.81035715518281e-08	0.999999973896428
chr10	26936129	130	6	4.41	2.09798	2	136	1	2	2.63920444004785e-08	0.999999975607955
chr10	26936130	133	6	4.32	2.09798	2	139	1	2	2.1822463813177e-08	0.999999980177536
chr10	26936133	136	6	4.23	2.09798	2	142	1	2	1.80035698838056e-08	0.99999998399643
chr10	26936140	144	13	8.28	2.09798	2	157	1	2	1.07107149978729e-05	0.999989291285002
chr10	26936149	152	13	7.88	2.09798	2	165	1	2	6.67069361702034e-06	0.999993331306383
chr10	26936154	160	13	7.51	2.09798	2	173	1	2	4.21032744785639e-06	0.999995791672552
chr10	26936155	153	13	7.83	2.09798	2	166	1	2	6.27660697690702e-06	0.999993725393023
chr10	26936160	158	13	7.6	2.09798	2	171	1	2	4.71879420693728e-06	0.999995283205793
chr10	26936278	212	19	8.23	2.09798	2	231	1	2	1.01081001602902e-05	0.999989893899839
chr10	26936279	211	19	8.26	2.09798	2	230	1	2	1.04659198864348e-05	0.999989536080113
chr10	26936306	207	29	12.29	2.09798	2	236	1	2	0.000461464859888648	0.999538537140111
chr10	32635733	17	3	15	2.09798	2	20	0	NA	NA	NA
chr10	42949137	26	8	23.53	2.09798	2	34	1	2	0.171039224820092	0.828960777179908
chr10	45652345	154	9	5.52	2.09798	2	163	1	2	2.20794721784197e-07	0.999999781205278
chr10	45652374	174	9	4.92	2.09798	2	183	1	2	7.37440758373854e-08	0.999999928255924
chr10	45652386	176	9	4.86	2.09798	2	185	1	2	6.56493991268071e-08	0.999999936350601
chr10	47729133	88	3	3.3	1.37535	NA	91	1	NA	NA	NA
chr10	49239470	65	13	16.67	1.37535	NA	78	1	NA	NA	NA
chr10	49239581	70	5	6.67	1.37535	NA	75	1	NA	NA	NA
chr10	81317292	30	29	49.15	1.37535	NA	59	1	NA	NA	NA
chr10	126677242	765	62	7.5	1.58107	NA	827	1	NA	NA	NA
chr10	126677275	841	43	4.86	1.58107	NA	885	1	NA	NA	NA
chr10	126677280	770	71	8.44	1.58107	NA	841	1	NA	NA	NA
chr10	126677380	387	42	9.79	1.58107	NA	429	1	NA	NA	NA
chr10	126677392	419	20	4.56	1.58107	NA	439	1	NA	NA	NA
chr10	126678118	178	12	6.32	1.58107	NA	190	1	NA	NA	NA
chr10	127585268	31	6	16.22	1.58107	NA	37	1	NA	NA	NA
chr10	127585289	24	4	14.29	1.58107	NA	28	0	NA	NA	NA
chr10	127585303	21	4	16	1.58107	NA	25	0	NA	NA	NA
chr11	1016646	384	24	5.88	1.71238	NA	408	1	NA	NA	NA
chr11	1016754	552	51	8.46	1.71238	NA	603	1	NA	NA	NA
chr11	1016756	536	53	9	1.71238	NA	589	1	NA	NA	NA
chr11	1016777	604	71	10.52	1.71238	NA	675	1	NA	NA	NA
chr11	1016781	667	35	4.99	1.71238	NA	701	1	NA	NA	NA
chr11	1016785	679	37	5.17	1.71238	NA	716	1	NA	NA	NA
chr11	1016793	689	27	3.77	1.71238	NA	716	1	NA	NA	NA
chr11	1016822	743	44	5.59	1.71238	NA	787	1	NA	NA	NA
chr11	1016833	687	81	10.55	1.71238	NA	768	1	NA	NA	NA
chr11	1016836	702	49	6.52	1.71238	NA	752	1	NA	NA	NA
chr11	1016853	717	37	4.91	1.71238	NA	754	1	NA	NA	NA
chr11	1016871	613	47	7.12	1.71238	NA	660	1	NA	NA	NA
chr11	1016881	617	30	4.64	1.71238	NA	647	1	NA	NA	NA
chr11	1016882	611	30	4.68	1.71238	NA	641	1	NA	NA	NA
chr11	1016887	557	56	9.14	1.71238	NA	613	1	NA	NA	NA
chr11	1016891	568	26	4.38	1.71238	NA	594	1	NA	NA	NA
chr11	1016900	541	26	4.59	1.71238	NA	566	1	NA	NA	NA
chr11	1016905	523	27	4.91	1.71238	NA	550	1	NA	NA	NA
chr11	1016908	517	35	6.34	1.71238	NA	552	1	NA	NA	NA
chr11	1016919	479	41	7.88	1.71238	NA	520	1	NA	NA	NA
chr11	1016936	495	16	3.13	1.71238	NA	511	1	NA	NA	NA
chr11	1016970	491	39	7.36	1.71238	NA	530	1	NA	NA	NA
chr11	1016987	470	31	6.19	1.71238	NA	501	1	NA	NA	NA
chr11	1017008	514	30	5.51	1.71238	NA	544	1	NA	NA	NA
chr11	1017013	506	28	5.24	1.71238	NA	534	1	NA	NA	NA
chr11	1017024	451	30	6.24	1.71238	NA	481	1	NA	NA	NA
chr11	1017059	396	43	9.79	1.71238	NA	439	1	NA	NA	NA
chr11	1017066	439	28	6	1.71238	NA	467	1	NA	NA	NA
chr11	1017068	407	59	12.66	1.71238	NA	466	1	NA	NA	NA
chr11	1017074	453	34	6.98	1.71238	NA	487	1	NA	NA	NA
chr11	1017085	480	36	6.98	1.71238	NA	516	1	NA	NA	NA
chr11	1017088	476	43	8.29	1.71238	NA	519	1	NA	NA	NA
chr11	1017090	502	35	6.52	1.71238	NA	537	1	NA	NA	NA
chr11	1017111	335	44	11.61	1.71238	NA	379	1	NA	NA	NA
chr11	1017116	405	33	7.53	1.71238	NA	438	1	NA	NA	NA
chr11	1017152	372	29	7.23	1.71238	NA	401	1	NA	NA	NA
chr11	1017200	479	60	11.13	1.71238	NA	539	1	NA	NA	NA
chr11	1017280	363	51	12.32	1.71238	NA	414	1	NA	NA	NA
chr11	1017283	385	15	3.75	1.71238	NA	400	1	NA	NA	NA
chr11	1017716	244	25	9.29	1.71238	NA	269	1	NA	NA	NA
chr11	1017805	342	12	3.39	1.71238	NA	354	1	NA	NA	NA
chr11	1017814	385	18	4.47	1.71238	NA	403	1	NA	NA	NA
chr11	1017822	385	21	5.17	1.71238	NA	406	1	NA	NA	NA
chr11	1017826	424	22	4.93	1.71238	NA	446	1	NA	NA	NA
chr11	1017827	411	20	4.64	1.71238	NA	431	1	NA	NA	NA
chr11	1017841	464	35	7.01	1.71238	NA	499	1	NA	NA	NA
chr11	1017848	470	38	7.48	1.71238	NA	508	1	NA	NA	NA
chr11	1017869	431	66	13.28	1.71238	NA	497	1	NA	NA	NA
chr11	1017870	498	43	7.95	1.71238	NA	541	1	NA	NA	NA
chr11	1017887	527	17	3.12	1.71238	NA	545	1	NA	NA	NA
chr11	1017921	393	52	11.69	1.71238	NA	445	1	NA	NA	NA
chr11	1018255	204	15	6.85	1.71238	NA	219	1	NA	NA	NA
chr11	1018289	214	29	11.93	1.71238	NA	243	1	NA	NA	NA
chr11	1018321	229	15	6.15	1.71238	NA	244	1	NA	NA	NA
chr11	1618846	119	4	3.25	1.71238	NA	123	1	NA	NA	NA
chr11	1651643	67	23	25.56	1.71238	NA	90	1	NA	NA	NA
chr11	4967831	90	10	10	1.71238	NA	100	1	NA	NA	NA
chr11	26700396	26	5	16.13	1.71238	NA	31	1	NA	NA	NA
chr11	47204679	20	2	9.09	1.71238	NA	22	0	NA	NA	NA
chr11	67442065	21	3	12.5	1.62868	NA	24	0	NA	NA	NA
chr11	85447658	37	26	41.27	1.62868	NA	63	1	NA	NA	NA
chr11	100902665	76	6	7.32	1.62868	NA	82	1	NA	NA	NA
chr11	124135646	100	5	4.76	1.62868	NA	105	1	NA	NA	NA
chr12	6803300	61	3	4.69	2.6197	NA	64	1	NA	NA	NA
chr12	8327834	40	14	25.93	1.59549	NA	54	1	NA	NA	NA
chr12	8353318	185	23	11.06	1.59549	NA	208	1	NA	NA	NA
chr12	10588581	38	15	28.3	1.59549	NA	53	1	NA	NA	NA
chr12	11183046	148	36	19.57	1.59549	NA	184	1	NA	NA	NA
chr12	11183052	140	36	20.45	1.59549	NA	176	1	NA	NA	NA
chr12	11183133	222	39	14.94	1.59549	NA	261	1	NA	NA	NA
chr12	11183142	221	37	14.34	1.59549	NA	258	1	NA	NA	NA
chr12	11183174	211	23	9.83	1.59549	NA	234	1	NA	NA	NA
chr12	11183177	216	21	8.86	1.59549	NA	237	1	NA	NA	NA
chr12	11183178	218	21	8.79	1.59549	NA	239	1	NA	NA	NA
chr12	11214264	225	32	12.45	1.59549	NA	257	1	NA	NA	NA
chr12	11214273	226	34	13.08	1.59549	NA	260	1	NA	NA	NA
chr12	11214299	208	39	15.79	1.59549	NA	247	1	NA	NA	NA
chr12	11244199	108	24	18.18	1.59549	NA	132	1	NA	NA	NA
chr12	11546262	95	10	9.52	1.59549	NA	105	1	NA	NA	NA
chr12	11546309	117	6	4.88	1.59549	NA	123	1	NA	NA	NA
chr12	53227522	13	8	38.1	1.59549	NA	21	0	NA	NA	NA
chr12	53343209	27	10	27.03	1.59549	NA	37	1	NA	NA	NA
chr12	53343231	30	9	23.08	1.59549	NA	39	1	NA	NA	NA
chr12	54496510	20	4	16.67	1.59549	NA	24	0	NA	NA	NA
chr12	58217256	36	7	16.28	1.59549	NA	43	1	NA	NA	NA
chr12	58217267	31	3	8.82	1.59549	NA	34	1	NA	NA	NA
chr12	58217385	43	11	20.37	1.59549	NA	54	1	NA	NA	NA
chr12	65857327	33	22	40	1.59549	NA	55	1	NA	NA	NA
chr12	99126334	27	20	42.55	1.59549	NA	47	1	NA	NA	NA
chr12	123893372	22	11	33.33	1.59549	NA	33	1	NA	NA	NA
chr12	123893377	18	14	43.75	1.59549	NA	32	1	NA	NA	NA
chr13	19393475	40	10	20	1.75808	2	50	1	2	0.043493184285848	0.956506817714152
chr13	19393480	40	10	20	1.75808	2	50	1	2	0.043493184285848	0.956506817714152
chr13	19393481	37	10	21.28	1.75808	2	47	1	2	0.0750231229014448	0.924976879098555
chr13	19393482	38	10	20.83	1.75808	2	48	1	2	0.062317843055341	0.937682158944659
chr13	19413073	94	21	18.26	1.75808	2	115	1	2	0.0190263538074603	0.98097364819254
chr13	19414170	125	4	3.1	1.75808	2	129	1	2	1.85169564282913e-09	1.0000000001483
chr13	25671163	196	27	12.11	1.77916	2	223	1	2	0.000401168537370465	0.99959883346263
chr13	25671477	98	14	12.5	1.77916	2	112	1	2	0.000541925475016873	0.999458076524983
chr13	50466615	21	18	46.15	1.77916	2	39	1	1	0.988630441453157	0.011369560546843
chr13	50466633	28	15	34.88	1.77916	2	43	1	1	0.882259761345898	0.117740240654102
chr13	50466749	62	10	13.89	1.77916	2	72	1	2	0.0014706128497305	0.998529389150269
chr13	50466754	69	9	11.54	1.77916	2	78	1	2	0.000253777758824158	0.999746224241176
chr13	113899554	48	46	48.94	1.77916	2	94	1	1	0.99304291862134	0.00695708337865987
chr14	19806550	413	42	9.23	1.6591	NA	455	1	NA	NA	NA
chr14	19988468	206	22	9.65	1.6591	NA	228	1	NA	NA	NA
chr14	20020194	136	7	4.9	1.6591	NA	143	1	NA	NA	NA
chr14	20020201	135	6	4.26	1.6591	NA	141	1	NA	NA	NA
chr14	21679219	93	7	7	1.6591	NA	100	1	NA	NA	NA
chr14	81712686	34	25	42.37	1.50014	NA	59	1	NA	NA	NA
chr14	105410435	146	23	13.61	1.50014	NA	169	1	NA	NA	NA
chr14	105410451	134	21	13.55	1.50014	NA	155	1	NA	NA	NA
chr14	105415242	65	13	16.67	1.50014	NA	78	1	NA	NA	NA
chr14	105415333	95	19	16.67	1.50014	NA	114	1	NA	NA	NA
chr14	105415346	96	12	11.11	1.50014	NA	108	1	NA	NA	NA
chr15	20083782	67	14	17.28	1.5632	NA	81	1	NA	NA	NA
chr15	20083800	71	22	23.66	1.5632	NA	93	1	NA	NA	NA
chr15	20083802	71	22	23.66	1.5632	NA	93	1	NA	NA	NA
chr15	20083824	78	11	12.36	1.5632	NA	89	1	NA	NA	NA
chr15	20084378	13	6	31.58	1.5632	NA	19	0	NA	NA	NA
chr15	23445394	80	3	3.61	1.5632	NA	83	1	NA	NA	NA
chr15	34677683	23	2	8	1.5632	NA	25	0	NA	NA	NA
chr15	34677789	73	2	2.67	1.5632	NA	75	1	NA	NA	NA
chr15	72956487	33	22	40	1.5632	NA	55	1	NA	NA	NA
chr15	76030058	29	12	29.27	1.5632	NA	41	1	NA	NA	NA
chr15	76030074	59	18	23.38	1.5632	NA	77	1	NA	NA	NA
chr15	76030075	62	18	22.5	1.5632	NA	80	1	NA	NA	NA
chr15	76030078	63	18	22.22	1.5632	NA	81	1	NA	NA	NA
chr15	76030115	90	26	22.41	1.5632	NA	116	1	NA	NA	NA
chr15	82808441	66	6	8.33	1.5632	NA	72	1	NA	NA	NA
chr15	85787844	150	8	5.06	1.5632	NA	158	1	NA	NA	NA
chr15	85787950	62	6	8.82	1.5632	NA	68	1	NA	NA	NA
chr15	96877744	17	3	15	1.5632	NA	20	0	NA	NA	NA
chr15	102513074	24	5	17.24	1.5632	NA	29	0	NA	NA	NA
chr15	102515299	71	4	5.33	1.5632	NA	75	1	NA	NA	NA
chr15	102515347	55	20	26.67	1.5632	NA	75	1	NA	NA	NA
chr16	14916640	76	3	3.8	1.57156	NA	79	1	NA	NA	NA
chr16	15457642	40	5	11.11	1.57156	NA	45	1	NA	NA	NA
chr16	15457644	42	3	6.67	1.57156	NA	45	1	NA	NA	NA
chr16	28895955	19	2	9.52	1.57156	NA	21	0	NA	NA	NA
chr16	29873891	26	4	13.33	1.57156	NA	30	1	NA	NA	NA
chr16	32892569	80	6	6.98	1.57156	NA	86	1	NA	NA	NA
chr16	33530772	104	17	14.05	1.57156	NA	121	1	NA	NA	NA
chr16	33961748	26	7	21.21	1.57156	NA	33	1	NA	NA	NA
chr16	33961759	26	6	18.75	1.57156	NA	32	1	NA	NA	NA
chr16	53276772	30	8	21.05	1.57156	NA	38	1	NA	NA	NA
chr16	57748767	39	14	26.42	1.57156	NA	53	1	NA	NA	NA
chr16	57748768	41	14	25.45	1.57156	NA	55	1	NA	NA	NA
chr16	74447339	28	11	28.21	1.57156	NA	39	1	NA	NA	NA
chr16	90160411	20	5	20	1.57156	NA	25	0	NA	NA	NA
chr16	90161578	72	20	21.74	1.57156	NA	92	1	NA	NA	NA
chr16	90161585	80	24	23.08	1.57156	NA	104	1	NA	NA	NA
chr16	90161590	81	24	22.86	1.57156	NA	105	1	NA	NA	NA
chr16	90161592	83	24	22.43	1.57156	NA	107	1	NA	NA	NA
chr16	90235223	154	15	8.88	1.57156	NA	169	1	NA	NA	NA
chr16	90235578	126	4	3.08	1.57156	NA	130	1	NA	NA	NA
chr16	90235636	71	7	8.97	1.57156	NA	78	1	NA	NA	NA
chr16	90236464	58	6	9.38	1.57156	NA	64	1	NA	NA	NA
chr16	90236616	47	11	18.97	1.57156	NA	58	1	NA	NA	NA
chr16	90236633	58	5	7.94	1.57156	NA	63	1	NA	NA	NA
chr16	90236636	58	4	6.45	1.57156	NA	62	1	NA	NA	NA
chr17	417366	62	15	19.48	1.55639	NA	77	1	NA	NA	NA
chr17	417622	328	16	4.65	1.55639	NA	344	1	NA	NA	NA
chr17	3214140	94	8	7.84	1.55639	NA	102	1	NA	NA	NA
chr17	7577120	29	22	43.14	1.55639	NA	51	1	NA	NA	NA
chr17	7852883	27	2	6.9	1.55639	NA	29	0	NA	NA	NA
chr17	18415388	39	5	11.36	1.55639	NA	44	1	NA	NA	NA
chr17	18652946	39	13	25	1.55639	NA	52	1	NA	NA	NA
chr17	20768132	104	37	26.24	1.55639	NA	141	1	NA	NA	NA
chr17	20768134	104	35	25.18	1.55639	NA	139	1	NA	NA	NA
chr17	20768137	112	37	24.83	1.55639	NA	149	1	NA	NA	NA
chr17	20768142	119	37	23.72	1.55639	NA	156	1	NA	NA	NA
chr17	34499282	113	25	18.12	1.55639	NA	138	1	NA	NA	NA
chr17	36203214	30	10	25	1.55639	NA	40	1	NA	NA	NA
chr17	36203228	28	8	22.22	1.55639	NA	36	1	NA	NA	NA
chr17	36203241	26	6	18.75	1.55639	NA	32	1	NA	NA	NA
chr17	36203245	24	5	17.24	1.55639	NA	29	0	NA	NA	NA
chr17	37901823	25	8	24.24	1.55639	NA	33	1	NA	NA	NA
chr17	39280114	94	3	3.09	1.55639	NA	97	1	NA	NA	NA
chr17	43480193	25	19	43.18	1.55639	NA	44	1	NA	NA	NA
chr17	43626315	75	16	17.58	1.55639	NA	91	1	NA	NA	NA
chr17	45214519	301	40	11.73	1.55639	NA	341	1	NA	NA	NA
chr17	45214528	357	18	4.8	1.55639	NA	375	1	NA	NA	NA
chr17	45214558	429	59	12.09	1.55639	NA	488	1	NA	NA	NA
chr17	45214689	262	10	3.68	1.55639	NA	272	1	NA	NA	NA
chr17	45214690	250	29	10.39	1.55639	NA	279	1	NA	NA	NA
chr17	56493063	73	35	32.41	1.55639	NA	108	1	NA	NA	NA
chr17	75085244	49	8	14.04	1.70846	NA	57	1	NA	NA	NA
chr18	6462867	119	9	7.03	1.8335	2	128	1	2	2.23708917239277e-06	0.999997764910827
chr18	6462873	111	9	7.5	1.8335	2	120	1	2	4.15697312056754e-06	0.99999584502688
chr18	6462892	114	9	7.32	1.8335	2	123	1	2	3.29446862545308e-06	0.999996707531374
chr18	6462934	95	6	5.94	1.8335	2	101	1	2	4.45427331862361e-07	0.999999556572668
chr18	11644785	17	5	22.73	1.8335	2	22	0	NA	NA	NA
chr18	14183569	33	7	17.5	1.8335	2	40	1	2	0.0128463530549365	0.987153648945063
chr18	14183574	28	8	22.22	1.8335	2	36	1	2	0.108148236822641	0.891851765177359
chr18	14183814	139	18	11.46	1.8335	2	157	1	2	0.000237541149632522	0.999762460850367
chr18	14184067	183	23	11.17	1.8335	2	206	1	2	0.000186166351375391	0.999813835648624
chr18	14184151	113	15	11.72	1.8335	2	128	1	2	0.000293983830138948	0.999706018169861
chr18	15271452	93	6	6.06	1.8335	2	99	1	2	5.39474119059116e-07	0.999999462525881
chr18	15316627	128	16	11.11	1.8335	2	144	1	2	0.000176869597141032	0.999823132402859
chr18	15316645	158	16	9.2	1.8335	2	174	1	2	2.93047891076092e-05	0.999970697210892
chr18	15316656	148	16	9.76	1.8335	2	164	1	2	5.14959535266442e-05	0.999948506046473
chr18	15316666	150	15	9.09	1.8335	2	165	1	2	2.61257806379062e-05	0.999973876219362
chr18	15316669	150	14	8.54	1.8335	2	164	1	2	1.43933008296015e-05	0.99998560869917
chr18	15316743	135	12	8.16	1.8335	2	147	1	2	9.31536239123148e-06	0.999990686637609
chr18	15316755	124	13	9.49	1.8335	2	137	1	2	3.94060241822331e-05	0.999960595975818
chr18	15316782	103	15	12.71	1.8335	2	118	1	2	0.000634664902813602	0.999365337097186
chr18	15325567	121	51	29.65	1.8335	2	172	1	1	0.633318437812779	0.366681564187222
chr18	43431496	39	25	39.06	1.7898	2	64	1	1	0.953440216330242	0.0465597856697581
chr18	43526741	29	8	21.62	1.7898	2	37	1	2	0.0859291553681335	0.914070846631866
chr18	55153209	46	23	33.33	1.7898	2	69	1	1	0.83285358611253	0.16714641588747
chr18	60998567	13	9	40.91	1.7898	2	22	0	NA	NA	NA
chr19	199802	17	3	15	1.6106	NA	20	0	NA	NA	NA
chr19	199826	25	4	13.79	1.6106	NA	29	0	NA	NA	NA
chr19	3738598	27	3	10	1.6106	NA	30	1	NA	NA	NA
chr19	15905117	116	4	3.33	1.6106	NA	120	1	NA	NA	NA
chr19	21304570	38	8	17.39	1.6106	NA	46	1	NA	NA	NA
chr19	23945948	25	7	21.88	1.6106	NA	32	1	NA	NA	NA
chr19	36386885	27	3	10	1.6106	NA	30	1	NA	NA	NA
chr19	50083854	35	3	7.89	1.6106	NA	38	1	NA	NA	NA
chr19	51920003	62	3	4.62	1.6106	NA	65	1	NA	NA	NA
chr2	905553	270	23	7.85	1.72357	NA	293	1	NA	NA	NA
chr2	905693	94	14	12.96	1.72357	NA	108	1	NA	NA	NA
chr2	31189087	30	9	23.08	1.72357	NA	39	1	NA	NA	NA
chr2	89105115	35	65	65	1.72357	NA	100	1	NA	NA	NA
chr2	91843403	19	7	26.92	1.72357	NA	26	0	NA	NA	NA
chr2	91935981	21	7	25	1.72357	NA	28	0	NA	NA	NA
chr2	91944151	18	9	33.33	1.72357	NA	27	0	NA	NA	NA
chr2	91968956	38	5	11.63	1.72357	NA	43	1	NA	NA	NA
chr2	91969077	57	7	10.94	1.72357	NA	64	1	NA	NA	NA
chr2	92080448	40	5	11.11	1.72357	NA	45	1	NA	NA	NA
chr2	92102193	96	14	12.73	1.72357	NA	110	1	NA	NA	NA
chr2	95511854	83	8	8.79	1.72357	NA	91	1	NA	NA	NA
chr2	95512014	79	20	20.2	1.72357	NA	99	1	NA	NA	NA
chr2	95512021	78	19	19.59	1.72357	NA	97	1	NA	NA	NA
chr2	95512022	83	17	17	1.72357	NA	100	1	NA	NA	NA
chr2	95512033	84	21	20	1.72357	NA	105	1	NA	NA	NA
chr2	95513630	127	19	13.01	1.72357	NA	146	1	NA	NA	NA
chr2	95513690	133	6	4.32	1.72357	NA	139	1	NA	NA	NA
chr2	95513731	143	38	20.99	1.72357	NA	181	1	NA	NA	NA
chr2	95513734	164	27	14.14	1.72357	NA	191	1	NA	NA	NA
chr2	95513784	189	40	17.47	1.72357	NA	229	1	NA	NA	NA
chr2	95513854	139	31	18.24	1.72357	NA	170	1	NA	NA	NA
chr2	95513989	54	22	28.95	1.72357	NA	76	1	NA	NA	NA
chr2	95514020	60	14	18.92	1.72357	NA	74	1	NA	NA	NA
chr2	95515111	75	15	16.67	1.72357	NA	90	1	NA	NA	NA
chr2	96521439	863	80	8.48	1.72357	NA	943	1	NA	NA	NA
chr2	96521451	849	61	6.7	1.72357	NA	910	1	NA	NA	NA
chr2	96525453	18	12	40	1.72357	NA	30	1	NA	NA	NA
chr2	96594840	72	14	16.28	1.72357	NA	86	1	NA	NA	NA
chr2	96594858	86	15	14.85	1.72357	NA	101	1	NA	NA	NA
chr2	96594874	89	15	14.42	1.72357	NA	104	1	NA	NA	NA
chr2	96594878	91	15	14.15	1.72357	NA	106	1	NA	NA	NA
chr2	96594881	89	16	15.24	1.72357	NA	105	1	NA	NA	NA
chr2	96594883	93	17	15.45	1.72357	NA	110	1	NA	NA	NA
chr2	96604785	69	20	22.47	1.72357	NA	89	1	NA	NA	NA
chr2	96616597	33	19	36.54	1.72357	NA	52	1	NA	NA	NA
chr2	96616599	33	19	36.54	1.72357	NA	52	1	NA	NA	NA
chr2	97833468	137	14	9.27	1.72357	NA	151	1	NA	NA	NA
chr2	112141350	60	24	28.57	1.6067	NA	84	1	NA	NA	NA
chr2	114218150	58	13	18.31	1.6067	NA	71	1	NA	NA	NA
chr2	114256978	31	12	27.91	1.6067	NA	43	1	NA	NA	NA
chr2	114352916	63	18	22.22	1.6067	NA	81	1	NA	NA	NA
chr2	114353242	144	10	6.49	1.6067	NA	154	1	NA	NA	NA
chr2	129024900	18	6	25	1.67876	NA	24	0	NA	NA	NA
chr2	132021547	155	9	5.49	1.67876	NA	164	1	NA	NA	NA
chr2	132201189	74	13	14.94	1.67876	NA	87	1	NA	NA	NA
chr2	132860610	32	13	28.89	1.67876	NA	45	1	NA	NA	NA
chr2	132861111	71	18	20.22	1.67876	NA	89	1	NA	NA	NA
chr2	132861114	74	18	19.57	1.67876	NA	92	1	NA	NA	NA
chr2	132861885	72	13	15.29	1.67876	NA	85	1	NA	NA	NA
chr2	133014753	27	4	12.9	1.67876	NA	31	1	NA	NA	NA
chr2	133015115	82	14	14.58	1.67876	NA	96	1	NA	NA	NA
chr2	133015244	359	33	8.42	1.67876	NA	392	1	NA	NA	NA
chr2	133015285	319	25	7.27	1.67876	NA	344	1	NA	NA	NA
chr2	133015292	331	24	6.76	1.67876	NA	355	1	NA	NA	NA
chr2	133015293	340	21	5.82	1.67876	NA	361	1	NA	NA	NA
chr2	133015299	359	32	8.18	1.67876	NA	391	1	NA	NA	NA
chr2	133015309	367	48	11.57	1.67876	NA	415	1	NA	NA	NA
chr2	185802000	39	59	60.2	1.88779	2	98	1	1	0.998675492223952	0.0013245097760488
chr2	233273207	14	6	30	1.88779	2	20	0	NA	NA	NA
chr2	239007274	14	8	36.36	1.88779	2	22	0	NA	NA	NA
chr2	239007276	17	6	26.09	1.88779	2	23	0	NA	NA	NA
chr20	1638262	30	6	16.67	1.51729	NA	36	1	NA	NA	NA
chr20	25752826	165	22	11.76	1.66948	NA	187	1	NA	NA	NA
chr20	25752845	202	12	5.61	1.66948	NA	214	1	NA	NA	NA
chr20	25753480	95	16	14.41	1.66948	NA	111	1	NA	NA	NA
chr20	25753574	129	20	13.42	1.66948	NA	149	1	NA	NA	NA
chr20	25754306	214	18	7.76	1.66948	NA	232	1	NA	NA	NA
chr20	25900262	125	29	18.83	1.66948	NA	154	1	NA	NA	NA
chr20	26084172	74	5	6.33	1.66948	NA	79	1	NA	NA	NA
chr20	26084175	72	5	6.49	1.66948	NA	77	1	NA	NA	NA
chr20	26084196	73	4	5.19	1.66948	NA	77	1	NA	NA	NA
chr20	26084209	74	6	7.5	1.66948	NA	80	1	NA	NA	NA
chr20	26084228	81	12	12.9	1.66948	NA	93	1	NA	NA	NA
chr20	26189376	249	16	6.04	1.66948	NA	265	1	NA	NA	NA
chr20	26189503	268	9	3.25	1.66948	NA	277	1	NA	NA	NA
chr20	29625865	392	18	4.39	1.66948	NA	410	1	NA	NA	NA
chr20	29625875	421	18	4.1	1.66948	NA	439	1	NA	NA	NA
chr20	29625941	345	16	4.43	1.66948	NA	361	1	NA	NA	NA
chr20	29632545	140	16	10.26	1.66948	NA	156	1	NA	NA	NA
chr20	29632551	171	19	10	1.66948	NA	190	1	NA	NA	NA
chr20	29632562	213	25	10.5	1.66948	NA	238	1	NA	NA	NA
chr20	29632660	496	57	10.31	1.66948	NA	553	1	NA	NA	NA
chr20	29632673	516	51	8.99	1.66948	NA	567	1	NA	NA	NA
chr20	29632751	415	55	11.7	1.66948	NA	470	1	NA	NA	NA
chr20	42355449	21	24	53.33	1.66948	NA	45	1	NA	NA	NA
chr20	48698365	39	10	20.41	1.66948	NA	49	1	NA	NA	NA
chr21	9892048	98	31	24.03	1.95315	2	129	1	2	0.200427821870216	0.799572180129784
chr21	9897827	269	32	10.63	1.95315	2	301	1	2	0.000116177632001224	0.999883824367999
chr21	9908247	159	11	6.47	1.95315	2	170	1	2	1.01005849174786e-06	0.999998991941508
chr21	9908248	159	10	5.92	1.95315	2	169	1	2	4.31270536610607e-07	0.999999570729463
chr21	9908362	220	16	6.78	1.95315	2	236	1	2	1.5814759737677e-06	0.999998420524026
chr21	9908395	203	22	9.78	1.95315	2	225	1	2	5.2511058555998e-05	0.999947490941444
chr21	9908435	153	25	14.04	1.95315	2	178	1	2	0.00162768802120122	0.998372313978799
chr21	9908456	132	19	12.58	1.95315	2	151	1	2	0.000575723135897493	0.999424278864103
chr21	9908490	112	13	10.4	1.95315	2	125	1	2	9.43315801940065e-05	0.999905670419806
chr21	9912161	40	8	16.67	1.95315	2	48	1	2	0.00817357245027218	0.991826429549728
chr21	9921478	57	11	16.18	1.95315	2	68	1	2	0.00618418905641403	0.993815812943586
chr21	9921587	49	11	18.33	1.95315	2	60	1	2	0.0197077646408394	0.98029223735916
chr21	9922054	19	6	24	1.95315	2	25	0	NA	NA	NA
chr21	9927034	199	16	7.44	1.95315	2	215	1	2	3.84935355156707e-06	0.999996152646448
chr21	9968558	40	8	16.67	1.95315	2	48	1	2	0.00817357245027218	0.991826429549728
chr21	10208159	76	23	23.23	1.95315	2	99	1	2	0.154832627153531	0.845167374846469
chr21	11020750	90	5	5.26	1.95315	2	95	1	2	1.39268812512278e-07	0.999999862731187
chr21	11029536	64	9	12.33	1.95315	2	73	1	2	0.000475913587159698	0.99952408841284
chr21	15219076	113	13	10.32	1.95315	2	126	1	2	8.7641936203713e-05	0.999912360063796
chr21	15219098	115	14	10.85	1.95315	2	129	1	2	0.000141190431052266	0.999858811568948
chr21	15219112	120	14	10.45	1.95315	2	134	1	2	9.87406249098704e-05	0.99990126137509
chr21	15219200	173	7	3.89	1.95315	2	180	1	2	8.58949742637419e-09	0.999999993410502
chr21	15219244	114	17	12.98	1.95315	2	131	1	2	0.000774559217569936	0.99922544278243
chr21	15219302	133	30	18.4	1.95315	2	163	1	2	0.0204102275028045	0.979589774497196
chr21	15219304	131	29	18.12	1.95315	2	160	1	2	0.0177246273487669	0.982275374651233
chr21	15219450	91	17	15.74	1.95315	2	108	1	2	0.00477582322485582	0.995224178775144
chr21	15339734	157	17	9.77	1.95315	2	174	1	2	5.2001293437911e-05	0.999948000706562
chr21	15339762	142	20	12.35	1.95315	2	162	1	2	0.000483288108448536	0.999516713891551
chr21	15343537	201	21	9.46	1.95315	2	222	1	2	3.82334334330435e-05	0.999961768566567
chr21	15343569	180	20	10	1.95315	2	200	1	2	6.49168637388222e-05	0.999935085136261
chr21	31852526	55	5	8.33	1.8264	2	60	1	2	1.13452474447258e-05	0.999988656752555
chr21	42514288	39	9	18.75	1.8264	2	48	1	2	0.024257021426698	0.975742980573302
chr21	45993851	44	11	20	1.57658	NA	55	1	NA	NA	NA
chr21	47609603	34	3	8.11	1.57658	NA	37	1	NA	NA	NA
chr22	18842332	160	12	6.98	1.73327	NA	172	1	NA	NA	NA
chr22	21475925	136	21	13.38	1.5658	NA	157	1	NA	NA	NA
chr22	21575912	34	8	19.05	1.5658	NA	42	1	NA	NA	NA
chr22	21575917	38	8	17.39	1.5658	NA	46	1	NA	NA	NA
chr22	21643796	88	8	8.33	1.5658	NA	96	1	NA	NA	NA
chr22	22976660	66	15	18.52	1.5658	NA	81	1	NA	NA	NA
chr22	22985902	215	19	8.12	1.5658	NA	234	1	NA	NA	NA
chr22	23660709	73	11	13.1	1.5658	NA	84	1	NA	NA	NA
chr22	23660740	83	13	13.54	1.5658	NA	96	1	NA	NA	NA
chr22	25004095	15	8	34.78	1.5658	NA	23	0	NA	NA	NA
chr22	25024179	64	21	24.71	1.5658	NA	85	1	NA	NA	NA
chr22	25024275	86	10	10.42	1.5658	NA	96	1	NA	NA	NA
chr22	25024296	82	8	8.89	1.5658	NA	90	1	NA	NA	NA
chr22	25048102	38	8	17.39	1.5658	NA	46	1	NA	NA	NA
chr22	25049589	38	3	7.32	1.5658	NA	41	1	NA	NA	NA
chr22	25053827	194	15	7.18	1.5658	NA	209	1	NA	NA	NA
chr3	8730161	242	13	5.1	1.66359	NA	255	1	NA	NA	NA
chr3	8730186	249	24	8.79	1.66359	NA	273	1	NA	NA	NA
chr3	8730201	273	35	11.36	1.66359	NA	308	1	NA	NA	NA
chr3	52558976	24	2	7.69	1.66359	NA	26	0	NA	NA	NA
chr3	63987443	27	13	32.5	1.66359	NA	40	1	NA	NA	NA
chr3	75713879	62	15	19.48	1.66359	NA	77	1	NA	NA	NA
chr3	75713903	67	16	19.28	1.66359	NA	83	1	NA	NA	NA
chr3	75713904	69	16	18.82	1.66359	NA	85	1	NA	NA	NA
chr3	75713955	74	12	13.95	1.66359	NA	86	1	NA	NA	NA
chr3	75713958	60	16	21.05	1.66359	NA	76	1	NA	NA	NA
chr3	75713963	67	13	16.25	1.66359	NA	80	1	NA	NA	NA
chr3	75715450	241	35	12.68	1.66359	NA	276	1	NA	NA	NA
chr3	75786817	240	47	16.38	3.52104	NA	287	1	NA	NA	NA
chr3	75786910	241	42	14.84	3.52104	NA	283	1	NA	NA	NA
chr3	75788028	118	74	38.54	3.52104	NA	192	1	NA	NA	NA
chr3	75788156	190	44	18.8	3.52104	NA	234	1	NA	NA	NA
chr3	75788165	192	44	18.64	3.52104	NA	236	1	NA	NA	NA
chr3	101133387	60	19	24.05	1.93268	2	79	1	2	0.201664107859685	0.798335894140315
chr3	101133420	58	19	24.68	1.93268	2	77	1	2	0.24288976899969	0.75711023300031
chr3	101133421	60	20	25	1.93268	2	80	1	2	0.265423799685127	0.734576202314873
chr3	114219172	57	10	14.93	1.93268	2	67	1	2	0.00290627803887175	0.997093723961128
chr3	125642936	15	9	37.5	1.77092	2	24	0	NA	NA	NA
chr3	129817652	51	10	16.39	1.77092	2	61	1	2	0.00697723064183126	0.993022771358169
chr3	151984200	34	21	38.18	1.77092	2	55	1	1	0.943655845320716	0.0563441566792845
chr3	169540319	36	21	36.84	1.77092	2	57	1	1	0.924256169786942	0.0757438322130581
chr3	195399599	78	14	15.22	1.77092	2	92	1	2	0.00348312944915832	0.996516872550842
chr3	195510134	150	11	6.83	1.77092	2	161	1	2	1.69679309147888e-06	0.999998305206909
chr3	195690122	74	22	22.92	1.77092	2	96	1	2	0.139220044766137	0.860779957233863
chr4	1642844	33	3	8.33	1.39774	NA	36	1	NA	NA	NA
chr4	9250426	145	12	7.64	1.44734	NA	157	1	NA	NA	NA
chr4	49163940	141	24	14.55	1.67296	NA	165	1	NA	NA	NA
chr4	49165376	90	19	17.43	1.67296	NA	109	1	NA	NA	NA
chr4	49502683	100	7	6.54	1.67296	NA	107	1	NA	NA	NA
chr4	71555081	65	24	26.97	1.67296	NA	89	1	NA	NA	NA
chr4	77231865	23	4	14.81	1.67296	NA	27	0	NA	NA	NA
chr4	103826631	28	5	15.15	1.67296	NA	33	1	NA	NA	NA
chr4	103826651	31	6	16.22	1.67296	NA	37	1	NA	NA	NA
chr4	119555177	119	4	3.25	1.5154	NA	123	1	NA	NA	NA
chr4	119555183	121	9	6.92	1.5154	NA	130	1	NA	NA	NA
chr4	119555205	105	15	12.5	1.5154	NA	120	1	NA	NA	NA
chr4	119555221	104	16	13.33	1.5154	NA	120	1	NA	NA	NA
chr4	119555222	101	16	13.68	1.5154	NA	117	1	NA	NA	NA
chr4	119555245	100	13	11.5	1.5154	NA	113	1	NA	NA	NA
chr4	119555246	96	13	11.93	1.5154	NA	109	1	NA	NA	NA
chr4	119555270	86	7	7.53	1.5154	NA	93	1	NA	NA	NA
chr4	119555275	90	5	5.26	1.5154	NA	95	1	NA	NA	NA
chr4	119555303	96	5	4.95	1.5154	NA	101	1	NA	NA	NA
chr4	119555332	105	9	7.89	1.5154	NA	114	1	NA	NA	NA
chr4	119555333	102	10	8.93	1.5154	NA	112	1	NA	NA	NA
chr4	119555336	104	10	8.77	1.5154	NA	114	1	NA	NA	NA
chr4	119555340	107	10	8.55	1.5154	NA	117	1	NA	NA	NA
chr4	119555342	107	10	8.55	1.5154	NA	117	1	NA	NA	NA
chr4	119555352	104	10	8.77	1.5154	NA	114	1	NA	NA	NA
chr4	119555354	103	9	8.04	1.5154	NA	112	1	NA	NA	NA
chr4	119555361	107	10	8.55	1.5154	NA	117	1	NA	NA	NA
chr4	119555364	108	10	8.47	1.5154	NA	118	1	NA	NA	NA
chr4	119555373	112	9	7.44	1.5154	NA	121	1	NA	NA	NA
chr4	119555396	111	8	6.72	1.5154	NA	119	1	NA	NA	NA
chr4	128999002	50	8	13.79	1.5154	NA	58	1	NA	NA	NA
chr4	190805639	175	15	7.89	1.5154	NA	190	1	NA	NA	NA
chr4	190878508	157	15	8.72	1.5154	NA	172	1	NA	NA	NA
chr4	190904596	111	4	3.48	1.5154	NA	115	1	NA	NA	NA
chr5	661403	192	18	8.57	1.56222	NA	210	1	NA	NA	NA
chr5	661419	206	33	13.81	1.56222	NA	239	1	NA	NA	NA
chr5	661426	208	35	14.4	1.56222	NA	243	1	NA	NA	NA
chr5	661427	205	34	14.23	1.56222	NA	239	1	NA	NA	NA
chr5	21483703	695	59	7.82	1.56222	NA	754	1	NA	NA	NA
chr5	32233978	61	9	12.86	1.56222	NA	70	1	NA	NA	NA
chr5	68929600	55	11	16.67	1.56222	NA	66	1	NA	NA	NA
chr5	69515815	402	40	9.05	1.56222	NA	442	1	NA	NA	NA
chr5	69803426	17	4	19.05	1.56222	NA	21	0	NA	NA	NA
chr5	70074243	160	17	9.6	1.56222	NA	177	1	NA	NA	NA
chr5	97912321	198	72	26.67	1.56222	NA	270	1	NA	NA	NA
chr5	98860408	29	9	23.68	1.56222	NA	38	1	NA	NA	NA
chr5	150028437	22	3	12	1.56222	NA	25	0	NA	NA	NA
chr5	176813305	24	9	27.27	1.56222	NA	33	1	NA	NA	NA
chr5	179393822	24	3	11.11	1.56222	NA	27	0	NA	NA	NA
chr6	26043778	68	4	5.56	1.95803	2	72	1	2	2.36577583458123e-07	0.999999765422417
chr6	30954480	139	10	6.71	1.95803	2	149	1	2	1.43181535647513e-06	0.999998570184644
chr6	30955009	74	3	3.9	1.95803	2	77	1	2	8.77946378734184e-09	0.999999993220536
chr6	32153061	55	22	28.57	1.95803	2	77	1	1	0.551810522697046	0.448189479302954
chr6	32485298	15	14	48.28	1.95803	2	29	0	NA	NA	NA
chr6	32485311	14	15	51.72	1.95803	2	29	0	NA	NA	NA
chr6	32485320	19	14	42.42	1.95803	2	33	1	1	0.976816998723252	0.0231830032767484
chr6	32497852	47	9	16.07	1.95803	2	56	1	2	0.00580146234290402	0.994198539657096
chr6	32497880	83	19	18.63	1.95803	2	102	1	2	0.0228731263564925	0.977126875643508
chr6	32497884	70	18	20.45	1.95803	2	88	1	2	0.0530045687548028	0.946995433245197
chr6	32497885	82	19	18.81	1.95803	2	101	1	2	0.0249756052824092	0.975024396717591
chr6	32497890	94	10	9.62	1.95803	2	104	1	2	4.4867293855838e-05	0.999955134706144
chr6	32497891	90	10	10	1.95803	2	100	1	2	6.49168637388222e-05	0.999935085136261
chr6	32497904	76	21	21.65	1.95803	2	97	1	2	0.0869482209972103	0.91305178100279
chr6	32497947	68	12	15	1.95803	2	80	1	2	0.00303713919850759	0.996962862801492
chr6	32546567	55	7	11.29	1.95803	2	62	1	2	0.000206078666689504	0.99979392333331
chr6	32546577	58	7	10.77	1.95803	2	65	1	2	0.000131587910240786	0.999868414089759
chr6	32546792	44	14	24.14	1.95803	2	58	1	2	0.207284059986236	0.792715942013764
chr6	32546794	43	14	24.56	1.95803	2	57	1	2	0.234706118734294	0.765293883265706
chr6	32546806	44	14	24.14	1.95803	2	58	1	2	0.207284059986236	0.792715942013764
chr6	32546810	45	13	22.41	1.95803	2	58	1	2	0.116018628831007	0.883981373168993
chr6	32546811	46	14	23.33	1.95803	2	60	1	2	0.160114884587948	0.839885117412052
chr6	32551960	21	13	38.24	1.95803	2	34	1	1	0.944389209886538	0.0556107921134624
chr6	32552026	22	10	31.25	1.95803	2	32	1	1	0.735747579937774	0.264252422062226
chr6	32552043	25	10	28.57	1.95803	2	35	1	1	0.551810522697046	0.448189479302954
chr6	32552050	26	9	25.71	1.95803	2	35	1	2	0.318694795253303	0.681305206746697
chr6	32552056	27	9	25	1.95803	2	36	1	2	0.265423799685127	0.734576202314873
chr6	32552078	25	9	26.47	1.95803	2	34	1	2	0.379488367878661	0.620511634121339
chr6	33333576	107	3	2.73	1.95803	2	110	1	2	1.25001339693073e-09	1.00000000074999
chr6	33368390	31	4	11.43	1.95803	2	35	1	2	0.000231695671990194	0.99976830632801
chr6	36867289	41	8	16.33	1.95803	2	49	1	2	0.00674197287667662	0.993258029123323
chr6	39554245	20	9	31.03	1.95803	2	29	0	NA	NA	NA
chr6	40414638	23	10	30.3	1.95803	2	33	1	1	0.677823850173052	0.322176151826948
chr6	49696315	41	12	22.64	1.81278	2	53	1	2	0.126103431255062	0.873896570744938
chr6	87964703	129	16	11.03	1.81278	2	145	1	2	0.000165119148019846	0.99983488285198
chr6	150319678	84	9	9.68	1.81278	2	93	1	2	4.76085278198372e-05	0.99995239347218
chr7	1855714	28	14	33.33	1.71309	NA	42	1	NA	NA	NA
chr7	39832657	86	3	3.37	1.71309	NA	89	1	NA	NA	NA
chr7	47701098	34	7	17.07	1.71309	NA	41	1	NA	NA	NA
chr7	56871876	122	9	6.87	1.71309	NA	131	1	NA	NA	NA
chr7	56871877	121	9	6.92	1.71309	NA	130	1	NA	NA	NA
chr7	56871882	119	9	7.03	1.71309	NA	128	1	NA	NA	NA
chr7	56871911	101	8	7.34	1.71309	NA	109	1	NA	NA	NA
chr7	56899373	25	13	34.21	1.71309	NA	38	1	NA	NA	NA
chr7	56899383	28	13	31.71	1.71309	NA	41	1	NA	NA	NA
chr7	56899399	31	13	29.55	1.71309	NA	44	1	NA	NA	NA
chr7	56899424	27	13	32.5	1.71309	NA	40	1	NA	NA	NA
chr7	56899446	27	9	25	1.71309	NA	36	1	NA	NA	NA
chr7	56899454	29	9	23.68	1.71309	NA	38	1	NA	NA	NA
chr7	56899460	31	5	13.89	1.71309	NA	36	1	NA	NA	NA
chr7	63206301	251	8	3.09	1.71309	NA	259	1	NA	NA	NA
chr7	63206307	252	8	3.08	1.71309	NA	260	1	NA	NA	NA
chr7	63206326	260	8	2.99	1.71309	NA	268	1	NA	NA	NA
chr7	63206341	248	7	2.75	1.71309	NA	255	1	NA	NA	NA
chr7	63206343	251	7	2.71	1.71309	NA	258	1	NA	NA	NA
chr7	63219056	241	7	2.82	1.71309	NA	248	1	NA	NA	NA
chr7	63219724	69	7	9.21	1.71309	NA	76	1	NA	NA	NA
chr7	74193752	58	3	4.92	1.71309	NA	61	1	NA	NA	NA
chr7	76112512	14	12	46.15	1.71309	NA	26	0	NA	NA	NA
chr7	76163488	33	8	19.51	1.71309	NA	41	1	NA	NA	NA
chr7	76680520	93	12	11.43	1.71309	NA	105	1	NA	NA	NA
chr7	76682610	23	10	30.3	1.71309	NA	33	1	NA	NA	NA
chr7	76686392	37	12	24.49	1.71309	NA	49	1	NA	NA	NA
chr7	76796958	31	6	16.22	1.71309	NA	37	1	NA	NA	NA
chr7	100411323	49	6	10.91	1.71309	NA	55	1	NA	NA	NA
chr7	102136543	50	11	18.03	1.71309	NA	61	1	NA	NA	NA
chr7	102782288	80	10	11.11	1.71309	NA	90	1	NA	NA	NA
chr7	102782290	79	8	9.2	1.71309	NA	87	1	NA	NA	NA
chr7	102782293	78	9	10.34	1.71309	NA	87	1	NA	NA	NA
chr7	102782306	78	8	9.3	1.71309	NA	86	1	NA	NA	NA
chr7	117188850	82	7	7.87	1.71309	NA	89	1	NA	NA	NA
chr7	128294358	160	7	4.19	1.71309	NA	167	1	NA	NA	NA
chr7	142457343	54	22	28.95	1.71309	NA	76	1	NA	NA	NA
chr7	142457347	54	22	28.95	1.71309	NA	76	1	NA	NA	NA
chr7	142457365	53	22	29.33	1.71309	NA	75	1	NA	NA	NA
chr7	142457375	46	19	29.23	1.71309	NA	65	1	NA	NA	NA
chr7	142457382	40	18	31.03	1.71309	NA	58	1	NA	NA	NA
chr7	142457386	37	18	32.73	1.71309	NA	55	1	NA	NA	NA
chr7	142457402	34	10	22.73	1.71309	NA	44	1	NA	NA	NA
chr7	142460482	83	27	24.55	1.71309	NA	110	1	NA	NA	NA
chr7	142460494	70	12	14.63	1.71309	NA	82	1	NA	NA	NA
chr7	142460495	62	12	16.22	1.71309	NA	74	1	NA	NA	NA
chr7	143826658	61	8	11.59	1.71309	NA	69	1	NA	NA	NA
chr7	151944981	162	13	7.43	1.71309	NA	175	1	NA	NA	NA
chr7	151945101	254	19	6.96	1.71309	NA	273	1	NA	NA	NA
chr8	10465078	114	3	2.56	1.80263	2	117	1	2	1.13445540003656e-09	1.00000000086554
chr8	48843171	29	11	27.5	1.80263	2	40	1	2	0.46472594884684	0.53527405315316
chr8	52731140	90	17	15.89	1.80263	2	107	1	2	0.00522020753553574	0.994779794464464
chr8	52731210	115	59	33.91	1.80263	2	174	1	1	0.853348086137728	0.146651915862272
chr8	52731235	142	22	13.41	1.80263	2	164	1	2	0.00105454604797519	0.998945455952025
chr8	52731384	132	12	8.33	1.80263	2	144	1	2	1.13452474447258e-05	0.999988656752555
chr8	52731386	132	11	7.69	1.80263	2	143	1	2	5.28149714307181e-06	0.999994720502857
chr8	52731991	90	20	18.18	1.80263	2	110	1	2	0.0182727132925807	0.981727288707419
chr8	52732030	67	13	16.25	1.80263	2	80	1	2	0.00643919956449425	0.993560802435506
chr8	52732031	63	13	17.11	1.80263	2	76	1	2	0.0104197204756413	0.989580281524359
chr8	52732755	48	25	34.25	1.80263	2	73	1	1	0.864205092864128	0.135794909135872
chr8	52732768	59	35	37.23	1.80263	2	94	1	1	0.93054803249274	0.0694519695072597
chr8	52732781	68	33	32.67	1.80263	2	101	1	1	0.806242070038479	0.193757931961521
chr8	52733121	161	13	7.47	1.80263	2	174	1	2	4.00051931761642e-06	0.999996001480682
chr8	95172270	44	10	18.52	1.80263	2	54	1	2	0.0216649467945237	0.978335055205476
chr8	145693984	56	4	6.67	1.80263	2	60	1	2	1.35210889070404e-06	0.999998649891109
chr9	171901	46	4	8	1.83439	2	50	1	2	7.70823512343707e-06	0.999992293764877
chr9	5312097	120	7	5.51	1.83439	2	127	1	2	2.16999965384993e-07	0.999999785000035
chr9	14770665	29	16	35.56	1.83439	2	45	1	1	0.899041885227752	0.100958116772248
chr9	19118530	27	6	18.18	1.83439	2	33	1	2	0.0182727132925807	0.981727288707419
chr9	33386144	30	12	28.57	1.83439	2	42	1	1	0.551810522697046	0.448189479302954
chr9	33386146	32	12	27.27	1.83439	2	44	1	2	0.445632217451679	0.554367784548321
chr9	33796657	80	6	6.98	1.83439	2	86	1	2	2.08927267238062e-06	0.999997912727328
chr9	38541604	56	9	13.85	1.83439	2	65	1	2	0.00143107327439889	0.998568928725601
chr9	38541610	53	10	15.87	1.83439	2	63	1	2	0.00515891826511663	0.994841083734883
chr9	38541627	37	10	21.28	1.83439	2	47	1	2	0.0750231229014448	0.924976879098555
chr9	41954166	70	18	20.45	1.83439	2	88	1	2	0.0530045687548028	0.946995433245197
chr9	44076933	225	7	3.02	1.83439	2	232	1	2	1.66192313033645e-09	1.00000000033808
chr9	45424492	71	13	15.48	1.83439	2	84	1	2	0.00408436785032915	0.995915634149671
chr9	45424494	72	12	14.29	1.83439	2	84	1	2	0.0019228498259469	0.998077152174053
chr9	45424513	51	16	23.88	1.83439	2	67	1	2	0.19130307262496	0.80869692937504
chr9	45727954	64	51	44.35	1.83439	2	115	1	1	0.984095174739073	0.0159048272609271
chr9	66499897	157	11	6.55	1.83439	2	168	1	2	1.13625911757252e-06	0.999998865740882
chr9	66500737	108	21	16.28	1.83439	2	129	1	2	0.00655130234202563	0.993448699657974
chr9	66500772	163	11	6.32	1.83439	2	174	1	2	8.06766307769453e-07	0.999999195233692
chr9	66513727	181	19	9.5	1.83439	2	200	1	2	3.98039669728277e-05	0.999960198033027
chr9	66513728	194	19	8.92	1.83439	2	213	1	2	2.18162467453753e-05	0.999978185753255
chr9	66553642	24	16	40	1.77436	2	40	1	1	0.96188778920961	0.0381122127903899
chr9	66553649	27	15	35.71	1.77436	2	42	1	1	0.902401679420915	0.0975983225790851
chr9	66665195	183	14	7.11	1.77436	2	197	1	2	2.49312888738792e-06	0.999997508871113
chr9	67281933	72	18	20	1.77436	2	90	1	2	0.043493184285848	0.956506817714152
chr9	67281936	72	18	20	1.77436	2	90	1	2	0.043493184285848	0.956506817714152
chr9	67281946	52	15	22.39	1.77436	2	67	1	2	0.11517069615563	0.88482930584437
chr9	67289275	244	29	10.62	1.77436	2	273	1	2	0.000115141246832085	0.999884860753168
chr9	67293386	141	17	10.76	1.77436	2	158	1	2	0.000130429561103401	0.999869572438897
chr9	67293681	192	14	6.8	1.77436	2	206	1	2	1.62673279313389e-06	0.999998375267207
chr9	67293687	199	14	6.57	1.77436	2	213	1	2	1.16993658796125e-06	0.999998832063412
chr9	67293690	198	14	6.6	1.77436	2	212	1	2	1.22212978465311e-06	0.999998779870215
chr9	67293691	193	13	6.31	1.77436	2	206	1	2	7.94619286885083e-07	0.999999207380713
chr9	67302840	474	51	9.71	1.77436	2	525	1	2	4.90344555637468e-05	0.999950967544436
chr9	67935014	155	22	12.43	1.77436	2	177	1	2	0.00051381576499051	0.99948618623501
chr9	67957857	137	17	11.04	1.77436	2	154	1	2	0.000166548791116533	0.999833453208884
chr9	68316034	52	8	13.33	1.77436	2	60	1	2	0.000996489995575994	0.999003512004424
chr9	68427808	444	18	3.9	1.77436	2	462	1	2	8.77946378734184e-09	0.999999993220536
chr9	68427809	416	52	11.11	1.77436	2	468	1	2	0.000176869597141032	0.999823132402859
chr9	68427840	489	84	14.66	1.77436	2	573	1	2	0.00244715725084269	0.997552844749157
chr9	68427854	497	76	13.26	1.77436	2	573	1	2	0.000948044587882599	0.999051957412117
chr9	68427863	463	79	14.58	1.77436	2	542	1	2	0.00232411382349729	0.997675888176503
chr9	68427865	481	50	9.42	1.77436	2	531	1	2	3.67184994028159e-05	0.999963283500597
chr9	68427867	506	30	5.6	1.77436	2	536	1	2	2.53367172332345e-07	0.999999748632828
chr9	68427876	387	49	11.24	1.77436	2	436	1	2	0.000197561957662968	0.999802440042337
chr9	68427891	411	24	5.52	1.77436	2	435	1	2	2.20794721784197e-07	0.999999781205278
chr9	68427905	298	31	9.42	1.77436	2	329	1	2	3.67184994028159e-05	0.999963283500597
chr9	68429231	150	11	6.83	1.77436	2	161	1	2	1.69679309147888e-06	0.999998305206909
chr9	68430233	909	52	5.41	1.77436	2	961	1	2	1.82153683621439e-07	0.999999819846316
chr9	68433567	208	35	14.4	1.77436	2	243	1	2	0.00206714809397878	0.997932853906021
chr9	68433612	189	38	16.74	1.77436	2	227	1	2	0.00849951658617046	0.991500485413829
chr9	68433626	165	17	9.34	1.77436	2	182	1	2	3.38485177345978e-05	0.999966153482265
chr9	69083083	174	11	5.95	1.77436	2	185	1	2	4.52660825960341e-07	0.999999549339174
chr9	69083162	128	19	12.93	1.77436	2	147	1	2	0.00074674974693614	0.999253252253064
chr9	69390986	275	12	4.18	1.77436	2	287	1	2	1.61648371797613e-08	0.999999985835163
chr9	69390991	275	12	4.18	1.77436	2	287	1	2	1.61648371797613e-08	0.999999985835163
chr9	69391206	178	12	6.32	1.77436	2	190	1	2	8.06766307769453e-07	0.999999195233692
chr9	70919276	180	24	11.76	1.77436	2	204	1	2	0.000303654893081077	0.999696347106919
chr9	70919325	209	27	11.44	1.77436	2	236	1	2	0.000233629739403206	0.999766372260597
chr9	70919413	123	16	11.51	1.77436	2	139	1	2	0.000247576539122309	0.999752425460878
chr9	90685014	67	16	19.28	1.77436	2	83	1	2	0.031264856922744	0.968735145077256
chr9	101611293	36	14	28	1.77436	2	50	1	1	0.505924181993924	0.494075820006076
chrX	8434098	52	9	14.75	1.52827	NA	61	1	NA	NA	NA
chrX	8434161	107	6	5.31	1.52827	NA	113	1	NA	NA	NA
chrX	49032151	32	2	5.88	1.52827	NA	34	1	NA	NA	NA
chrX	118603864	29	10	25.64	1.52827	NA	39	1	NA	NA	NA
chrX	118603869	30	8	21.05	1.52827	NA	38	1	NA	NA	NA
chrX	118603872	31	8	20.51	1.52827	NA	39	1	NA	NA	NA
chrX	118603873	31	8	20.51	1.52827	NA	39	1	NA	NA	NA
chrX	119694536	42	6	12.5	1.52827	NA	48	1	NA	NA	NA
chrX	153592641	33	28	45.9	2.09696	2	61	1	1	0.98809848868503	0.0119015133149698
chrX	155252920	16	4	20	2.09696	2	20	0	NA	NA	NA
