qchr	st	BC02T.ref	BC02T.var	BC02T.vaf	BC02T.cn	BC02T.cleancn	BC02T.depth	adequateDepth	cluster	cluster.prob
chr1	137056	69	3	4.17	1.6922	NA	72	1	NA	NA
chr1	1575796	17	3	15	1.6922	NA	20	0	NA	NA
chr1	12907861	109	15	12.1	1.6922	NA	124	1	NA	NA
chr1	16891152	57	6	9.52	1.6922	NA	63	1	NA	NA
chr1	16892046	228	31	11.97	1.6922	NA	259	1	NA	NA
chr1	16892256	65	13	16.67	1.6922	NA	78	1	NA	NA
chr1	16903754	66	6	8.33	1.6922	NA	72	1	NA	NA
chr1	16914442	33	10	23.26	1.6922	NA	43	1	NA	NA
chr1	16915705	33	7	17.5	1.6922	NA	40	1	NA	NA
chr1	16940011	20	6	23.08	1.6922	NA	26	0	NA	NA
chr1	17302122	39	3	7.14	1.6922	NA	42	1	NA	NA
chr1	22173073	34	3	8.11	1.6922	NA	37	1	NA	NA
chr1	26662742	21	3	12.5	1.6922	NA	24	0	NA	NA
chr1	32560558	24	3	11.11	1.85549	2	27	0	NA	NA
chr1	43395557	18	2	10	2.04698	2	20	0	NA	NA
chr1	45798647	55	3	5.17	2.04698	2	58	1	1	1.000000001
chr1	68627950	128	6	4.48	2.04698	2	134	1	1	1.000000001
chr1	89654425	65	8	10.96	2.04698	2	73	1	1	1.000000001
chr1	142660240	36	7	16.28	2.04698	2	43	1	1	1.000000001
chr1	142806955	65	6	8.45	2.04698	2	71	1	1	1.000000001
chr1	142806959	63	6	8.7	2.04698	2	69	1	1	1.000000001
chr1	142806974	59	7	10.61	2.04698	2	66	1	1	1.000000001
chr1	142807015	31	8	20.51	2.04698	2	39	1	1	1.000000001
chr1	142811592	91	13	12.5	2.04698	2	104	1	1	1.000000001
chr1	142811628	279	31	10	2.04698	2	310	1	1	1.000000001
chr1	142812375	379	19	4.77	2.04698	2	398	1	1	1.000000001
chr1	142812953	345	33	8.73	2.04698	2	378	1	1	1.000000001
chr1	142813004	419	38	8.32	2.04698	2	457	1	1	1.000000001
chr1	142813018	431	36	7.71	2.04698	2	467	1	1	1.000000001
chr1	142813024	434	46	9.58	2.04698	2	480	1	1	1.000000001
chr1	142813200	472	33	6.53	2.04698	2	505	1	1	1.000000001
chr1	142816076	102	7	6.42	2.04698	2	109	1	1	1.000000001
chr1	142816330	749	37	4.71	2.04698	2	786	1	1	1.000000001
chr1	142817365	120	24	16.67	2.04698	2	144	1	1	1.000000001
chr1	142819516	138	12	8	2.04698	2	150	1	1	1.000000001
chr1	142822095	147	26	15.03	2.04698	2	173	1	1	1.000000001
chr1	142827042	332	31	8.54	2.04698	2	363	1	1	1.000000001
chr1	142827985	157	14	8.19	2.04698	2	171	1	1	1.000000001
chr1	142827990	164	11	6.29	2.04698	2	175	1	1	1.000000001
chr1	142827992	166	11	6.21	2.04698	2	177	1	1	1.000000001
chr1	142828010	172	8	4.44	2.04698	2	180	1	1	1.000000001
chr1	142842386	15	7	31.82	2.04698	2	22	0	NA	NA
chr1	143184244	37	13	26	2.04698	2	50	1	1	1.000000001
chr1	143217565	112	20	15.15	2.04698	2	132	1	1	1.000000001
chr1	143217618	170	26	13.27	2.04698	2	196	1	1	1.000000001
chr1	143223019	115	19	14.18	2.04698	2	134	1	1	1.000000001
chr1	143223022	119	19	13.77	2.04698	2	138	1	1	1.000000001
chr1	143223085	185	28	13.15	2.04698	2	213	1	1	1.000000001
chr1	143230032	34	6	15	2.04698	2	40	1	1	1.000000001
chr1	145209116	33	7	17.5	2.04698	2	40	1	1	1.000000001
chr1	146467791	73	11	13.1	2.04698	2	84	1	1	1.000000001
chr1	148004567	227	24	9.56	2.04698	2	251	1	1	1.000000001
chr1	148004584	207	21	9.21	2.04698	2	228	1	1	1.000000001
chr1	148004625	168	33	16.42	2.04698	2	201	1	1	1.000000001
chr1	148344400	12	9	42.86	2.04698	2	21	0	NA	NA
chr1	148873483	197	21	9.63	2.04698	2	218	1	1	1.000000001
chr1	161144866	18	2	10	2.04698	2	20	0	NA	NA
chr1	161832918	35	7	16.67	2.04698	2	42	1	1	1.000000001
chr1	166974433	61	10	14.08	2.04698	2	71	1	1	1.000000001
chr1	169366617	52	4	7.14	2.04698	2	56	1	1	1.000000001
chr1	186310277	70	4	5.41	2.04698	2	74	1	1	1.000000001
chr1	230974806	38	3	7.32	2.04698	2	41	1	1	1.000000001
chr1	235420510	67	5	6.94	2.04698	2	72	1	1	1.000000001
chr10	403935	16	5	23.81	1.89212	2	21	0	NA	NA
chr10	3818335	22	3	12	1.89212	2	25	0	NA	NA
chr10	15050032	102	16	13.56	1.89212	2	118	1	1	1.000000001
chr10	21101815	43	4	8.51	1.81957	2	47	1	1	1.000000001
chr10	31650073	144	9	5.88	1.81957	2	153	1	1	1.000000001
chr10	42830921	47	12	20.34	1.81957	2	59	1	1	1.000000001
chr10	42832213	119	5	4.03	1.81957	2	124	1	1	1.000000001
chr10	52499791	68	3	4.23	1.81957	2	71	1	1	1.000000001
chr10	75457519	89	9	9.18	1.81957	2	98	1	1	1.000000001
chr10	75457533	87	7	7.45	1.81957	2	94	1	1	1.000000001
chr10	75557291	21	2	8.7	1.81957	2	23	0	NA	NA
chr10	115964486	39	15	27.78	1.83783	2	54	1	1	1.000000001
chr10	124330493	31	3	8.82	1.83783	2	34	1	1	1.000000001
chr10	126100616	59	10	14.49	1.83783	2	69	1	1	1.000000001
chr10	126677103	674	53	7.29	1.83783	2	727	1	1	1.000000001
chr10	126677444	254	12	4.51	1.83783	2	266	1	1	1.000000001
chr10	126677641	295	40	11.94	1.83783	2	335	1	1	1.000000001
chr10	126678055	225	32	12.45	1.83783	2	257	1	1	1.000000001
chr10	126678065	214	35	14.06	1.83783	2	249	1	1	1.000000001
chr10	126678112	196	38	16.24	1.83783	2	234	1	1	1.000000001
chr10	126678182	98	23	19.01	1.83783	2	121	1	1	1.000000001
chr10	126715858	19	3	13.64	1.83783	2	22	0	NA	NA
chr10	127585238	41	12	22.64	1.83783	2	53	1	1	1.000000001
chr10	127585309	23	6	20.69	1.83783	2	29	0	NA	NA
chr11	128603	44	8	15.38	1.81516	2	52	1	1	1.000000001
chr11	320649	26	3	10.34	1.81516	2	29	0	NA	NA
chr11	870219	19	3	13.64	1.81516	2	22	0	NA	NA
chr11	1016678	454	45	9.02	1.81516	2	499	1	1	1.000000001
chr11	1016690	523	33	5.94	1.81516	2	556	1	1	1.000000001
chr11	1016693	500	30	5.66	1.81516	2	530	1	1	1.000000001
chr11	1016818	608	63	9.39	1.81516	2	671	1	1	1.000000001
chr11	1016835	608	63	9.39	1.81516	2	671	1	1	1.000000001
chr11	1016887	579	44	7.06	1.81516	2	623	1	1	1.000000001
chr11	1017465	206	9	4.19	1.81516	2	215	1	1	1.000000001
chr11	1017466	192	22	10.28	1.81516	2	214	1	1	1.000000001
chr11	1017470	196	31	13.66	1.81516	2	227	1	1	1.000000001
chr11	1017471	212	10	4.5	1.81516	2	222	1	1	1.000000001
chr11	1017522	178	13	6.81	1.81516	2	191	1	1	1.000000001
chr11	1017716	238	11	4.42	1.81516	2	249	1	1	1.000000001
chr11	1017749	328	17	4.93	1.81516	2	345	1	1	1.000000001
chr11	1017755	325	33	9.22	1.81516	2	358	1	1	1.000000001
chr11	1017757	327	31	8.66	1.81516	2	358	1	1	1.000000001
chr11	1017824	470	34	6.75	1.81516	2	504	1	1	1.000000001
chr11	1017921	461	55	10.66	1.81516	2	516	1	1	1.000000001
chr11	5603048	36	4	10	1.81516	2	40	1	1	1.000000001
chr11	18428715	33	3	8.33	1.81516	2	36	1	1	1.000000001
chr11	64698127	19	2	9.52	1.81516	2	21	0	NA	NA
chr11	67173299	18	2	10	1.81516	2	20	0	NA	NA
chr11	68382431	35	3	7.89	1.81516	2	38	1	1	1.000000001
chr11	71304480	31	3	8.82	1.81516	2	34	1	1	1.000000001
chr11	71525631	71	10	12.35	1.81516	2	81	1	1	1.000000001
chr11	73633298	33	2	5.71	1.81516	2	35	1	1	1.000000001
chr11	125618731	36	12	25	1.81516	2	48	1	1	1.000000001
chr12	11214091	121	19	13.57	1.84382	2	140	1	1	1.000000001
chr12	11214101	123	18	12.77	1.84382	2	141	1	1	1.000000001
chr12	42478626	44	17	27.87	1.84382	2	61	1	1	1.000000001
chr12	42478627	43	17	28.33	1.84382	2	60	1	1	1.000000001
chr12	42478628	42	17	28.81	1.84382	2	59	1	1	1.000000001
chr12	42478630	43	16	27.12	1.84382	2	59	1	1	1.000000001
chr12	50745786	90	7	7.22	1.82425	2	97	1	1	1.000000001
chr12	53702184	63	3	4.55	1.82425	2	66	1	1	1.000000001
chr12	56501299	60	6	9.09	1.82425	2	66	1	1	1.000000001
chr12	58217415	24	4	14.29	1.82425	2	28	0	NA	NA
chr12	81111204	81	3	3.57	1.82425	2	84	1	1	1.000000001
chr12	81610734	64	5	7.25	1.82425	2	69	1	1	1.000000001
chr12	95680576	92	5	5.15	1.82425	2	97	1	1	1.000000001
chr12	95680585	91	6	6.19	1.82425	2	97	1	1	1.000000001
chr12	95680597	85	8	8.6	1.82425	2	93	1	1	1.000000001
chr12	96260235	43	6	12.24	1.82425	2	49	1	1	1.000000001
chr12	98909003	24	2	7.69	1.82425	2	26	0	NA	NA
chr12	109181276	27	4	12.9	1.82425	2	31	1	1	1.000000001
chr12	113285426	22	3	12	1.82425	2	25	0	NA	NA
chr13	19393386	75	8	9.64	1.97616	2	83	1	1	1.000000001
chr13	19431213	33	12	26.67	1.97616	2	45	1	1	1.000000001
chr13	19446081	93	4	4.12	1.97616	2	97	1	1	1.000000001
chr13	19446083	89	4	4.3	1.97616	2	93	1	1	1.000000001
chr13	19446097	81	4	4.71	1.97616	2	85	1	1	1.000000001
chr13	19446109	77	4	4.94	1.97616	2	81	1	1	1.000000001
chr13	25672168	154	27	14.92	1.97616	2	181	1	1	1.000000001
chr13	25672172	156	26	14.29	1.97616	2	182	1	1	1.000000001
chr13	45914235	76	7	8.43	1.97616	2	83	1	1	1.000000001
chr13	50746648	201	9	4.29	1.97616	2	210	1	1	1.000000001
chr13	50747051	143	7	4.67	1.97616	2	150	1	1	1.000000001
chr13	52518349	38	3	7.32	1.97616	2	41	1	1	1.000000001
chr14	19114449	146	10	6.41	1.65176	NA	156	1	NA	NA
chr14	19117091	126	10	7.35	1.65176	NA	136	1	NA	NA
chr14	61439169	36	8	18.18	1.88309	2	44	1	1	1.000000001
chr14	70713782	135	14	9.4	1.88309	2	149	1	1	1.000000001
chr14	77845172	25	5	16.67	1.88309	2	30	1	1	1.000000001
chr14	80668343	95	6	5.94	1.88309	2	101	1	1	1.000000001
chr14	105413367	47	8	14.55	1.88309	2	55	1	1	1.000000001
chr14	105418260	107	16	13.01	1.88309	2	123	1	1	1.000000001
chr14	105418264	103	14	11.97	1.88309	2	117	1	1	1.000000001
chr14	105418269	108	16	12.9	1.88309	2	124	1	1	1.000000001
chr14	105418275	111	14	11.2	1.88309	2	125	1	1	1.000000001
chr15	28951364	20	3	13.04	1.74315	NA	23	0	NA	NA
chr15	33191117	56	4	6.67	1.74315	NA	60	1	NA	NA
chr15	40383391	37	3	7.5	1.74315	NA	40	1	NA	NA
chr15	60781938	45	8	15.09	1.74315	NA	53	1	NA	NA
chr15	65159028	47	3	6	1.74315	NA	50	1	NA	NA
chr15	74364728	71	6	7.79	1.74315	NA	77	1	NA	NA
chr15	74364730	73	6	7.59	1.74315	NA	79	1	NA	NA
chr15	79058339	21	9	30	1.74315	NA	30	1	NA	NA
chr15	85055810	444	27	5.73	1.74315	NA	471	1	NA	NA
chr15	85055811	455	29	5.99	1.74315	NA	484	1	NA	NA
chr15	90447212	17	2	10.53	1.74315	NA	19	0	NA	NA
chr15	102515149	14	7	33.33	1.74315	NA	21	0	NA	NA
chr16	27549726	23	3	11.54	1.6769	NA	26	0	NA	NA
chr16	29496815	121	29	19.33	1.6769	NA	150	1	NA	NA
chr16	31519131	33	2	5.71	1.6769	NA	35	1	NA	NA
chr16	32095524	34	9	20.93	1.6769	NA	43	1	NA	NA
chr16	32095595	57	3	5	1.6769	NA	60	1	NA	NA
chr16	32095670	62	12	16.22	1.6769	NA	74	1	NA	NA
chr16	32399642	29	6	17.14	1.6769	NA	35	1	NA	NA
chr16	33782090	81	3	3.57	1.6769	NA	84	1	NA	NA
chr16	33961672	2	14	87.5	1.6769	NA	16	0	NA	NA
chr16	58750555	16	4	20	1.75637	2	20	0	NA	NA
chr16	70415210	61	9	12.86	3.90819	4	70	1	NA	NA
chr16	74411249	29	7	19.44	1.5814	NA	36	1	NA	NA
chr16	81198281	25	3	10.71	1.7463	NA	28	0	NA	NA
chr16	81509911	141	12	7.84	1.7463	NA	153	1	NA	NA
chr17	4125755	109	28	20.44	1.71012	NA	137	1	NA	NA
chr17	8659803	48	3	5.88	1.71012	NA	51	1	NA	NA
chr17	16068464	163	23	12.37	1.71012	NA	186	1	NA	NA
chr17	20407287	59	4	6.35	1.71012	NA	63	1	NA	NA
chr17	20492893	79	11	12.22	1.71012	NA	90	1	NA	NA
chr17	21319860	16	13	44.83	1.71012	NA	29	0	NA	NA
chr17	21904546	66	8	10.81	1.71012	NA	74	1	NA	NA
chr17	21904988	239	34	12.45	1.71012	NA	273	1	NA	NA
chr17	21907172	61	15	19.74	1.71012	NA	76	1	NA	NA
chr17	32366952	44	4	8.33	1.71012	NA	48	1	NA	NA
chr17	39406663	133	30	18.4	1.6989	NA	163	1	NA	NA
chr17	39406676	136	26	16.05	1.6989	NA	162	1	NA	NA
chr17	39406679	138	27	16.36	1.6989	NA	165	1	NA	NA
chr17	39406685	131	30	18.63	1.6989	NA	161	1	NA	NA
chr17	39406691	134	28	17.28	1.6989	NA	162	1	NA	NA
chr17	39742860	19	2	9.52	1.6989	NA	21	0	NA	NA
chr17	45214558	542	77	12.44	1.6989	NA	619	1	NA	NA
chr17	45214564	570	76	11.76	1.6989	NA	646	1	NA	NA
chr17	45214604	432	29	6.29	1.6989	NA	461	1	NA	NA
chr17	45214606	404	45	10.02	1.6989	NA	449	1	NA	NA
chr17	45214623	318	39	10.92	1.6989	NA	357	1	NA	NA
chr17	45234417	1091	43	3.79	1.6989	NA	1135	1	NA	NA
chr17	45234449	1031	40	3.73	1.6989	NA	1072	1	NA	NA
chr17	45266625	70	6	7.89	1.6989	NA	76	1	NA	NA
chr17	45668339	36	9	20	1.6989	NA	45	1	NA	NA
chr17	60347096	59	19	24.36	1.82463	2	78	1	1	1.000000001
chr17	74394573	52	2	3.7	1.82463	2	54	1	1	1.000000001
chr17	79101387	44	4	8.33	1.82463	2	48	1	1	1.000000001
chr17	79277286	18	3	14.29	1.82463	2	21	0	NA	NA
chr18	14183840	93	19	16.96	2.04542	2	112	1	1	1.000000001
chr18	14207957	93	5	5.1	2.04542	2	98	1	1	1.000000001
chr18	14214890	27	13	32.5	2.04542	2	40	1	1	1.000000001
chr18	47117999	42	9	17.65	2.11697	2	51	1	1	1.000000001
chr18	47349559	79	25	24.04	2.11697	2	104	1	1	1.000000001
chr18	47349568	86	29	25.22	2.11697	2	115	1	1	1.000000001
chr18	56997349	64	7	9.86	2.11697	2	71	1	1	1.000000001
chr19	3525967	35	2	5.41	1.81127	2	37	1	1	1.000000001
chr19	4513506	21	3	12.5	1.81127	2	24	0	NA	NA
chr19	9362320	84	7	7.69	1.81127	2	91	1	1	1.000000001
chr19	10952749	160	6	3.61	1.81127	2	166	1	1	1.000000001
chr19	14627370	64	7	9.86	1.81127	2	71	1	1	1.000000001
chr19	14627472	73	6	7.59	1.81127	2	79	1	1	1.000000001
chr19	35850016	22	2	8.33	1.81127	2	24	0	NA	NA
chr19	36271529	19	2	9.52	1.81127	2	21	0	NA	NA
chr19	38024147	25	3	10.71	1.81127	2	28	0	NA	NA
chr19	41012160	20	2	9.09	1.81127	2	22	0	NA	NA
chr19	46214031	28	3	9.68	1.81127	2	31	1	1	1.000000001
chr19	49488701	25	2	7.41	1.81127	2	27	0	NA	NA
chr19	51191273	22	4	15.38	1.81127	2	26	0	NA	NA
chr19	55344239	45	7	13.46	1.81127	2	52	1	1	1.000000001
chr2	905525	255	12	4.49	1.92146	2	267	1	1	1.000000001
chr2	28635261	16	2	11.11	1.92146	2	18	0	NA	NA
chr2	85834332	39	4	9.3	1.92146	2	43	1	1	1.000000001
chr2	89082471	39	17	30.36	1.92146	2	56	1	1	1.000000001
chr2	91809402	198	29	12.78	1.92146	2	227	1	1	1.000000001
chr2	91824833	108	24	18.18	1.92146	2	132	1	1	1.000000001
chr2	91886002	69	14	16.87	1.92146	2	83	1	1	1.000000001
chr2	92075583	103	14	11.97	1.92146	2	117	1	1	1.000000001
chr2	92075596	107	17	13.71	1.92146	2	124	1	1	1.000000001
chr2	92075603	103	21	16.94	1.92146	2	124	1	1	1.000000001
chr2	92075628	94	23	19.66	1.92146	2	117	1	1	1.000000001
chr2	95425105	53	9	14.52	1.92146	2	62	1	1	1.000000001
chr2	95505570	51	9	15	1.92146	2	60	1	1	1.000000001
chr2	95505572	51	11	17.74	1.92146	2	62	1	1	1.000000001
chr2	95508804	84	20	19.23	1.92146	2	104	1	1	1.000000001
chr2	95558195	19	3	13.64	1.92146	2	22	0	NA	NA
chr2	96594924	97	24	19.83	1.92146	2	121	1	1	1.000000001
chr2	96610410	51	20	28.17	1.92146	2	71	1	1	1.000000001
chr2	96610413	49	20	28.99	1.92146	2	69	1	1	1.000000001
chr2	96610420	48	19	28.36	1.92146	2	67	1	1	1.000000001
chr2	107419591	45	6	11.76	1.782	2	51	1	1	1.000000001
chr2	114353296	177	27	13.24	1.73243	NA	204	1	NA	NA
chr2	114355146	98	7	6.67	1.73243	NA	105	1	NA	NA
chr2	132236963	29	6	17.14	1.72907	NA	35	1	NA	NA
chr2	133015494	148	19	11.38	1.72907	NA	167	1	NA	NA
chr2	133015521	101	18	15.13	1.72907	NA	119	1	NA	NA
chr2	133015529	94	13	12.15	1.72907	NA	107	1	NA	NA
chr2	165353591	47	4	7.84	2.0282	2	51	1	1	1.000000001
chr2	179527851	39	7	15.22	2.0282	2	46	1	1	1.000000001
chr2	179527910	46	6	11.54	2.0282	2	52	1	1	1.000000001
chr2	203904953	127	6	4.51	2.0282	2	133	1	1	1.000000001
chr2	209184964	27	6	18.18	2.0282	2	33	1	1	1.000000001
chr2	219292607	21	3	12.5	2.0282	2	24	0	NA	NA
chr20	3652284	25	3	10.71	1.99391	2	28	0	NA	NA
chr20	16360358	61	3	4.69	1.99391	2	64	1	1	1.000000001
chr20	23970717	159	6	3.64	1.99391	2	165	1	1	1.000000001
chr20	25753980	57	16	21.92	1.99391	2	73	1	1	1.000000001
chr20	25754134	71	13	15.48	1.99391	2	84	1	1	1.000000001
chr20	25754135	72	13	15.29	1.99391	2	85	1	1	1.000000001
chr20	25754168	72	30	29.41	1.99391	2	102	1	1	1.000000001
chr20	29623215	321	48	13.01	1.99391	2	369	1	1	1.000000001
chr20	29623263	242	45	15.68	1.99391	2	287	1	1	1.000000001
chr20	29625895	466	48	9.34	1.99391	2	514	1	1	1.000000001
chr20	29628263	327	26	7.37	1.99391	2	353	1	1	1.000000001
chr20	29632673	653	54	7.64	1.99391	2	707	1	1	1.000000001
chr20	29633916	106	123	53.71	1.99391	2	229	1	1	1.000000001
chr20	47274736	23	3	11.54	1.99391	2	26	0	NA	NA
chr20	60901907	40	3	6.98	1.99391	2	43	1	1	1.000000001
chr20	61597054	40	4	9.09	1.99391	2	44	1	1	1.000000001
chr21	9892280	15	7	31.82	1.81567	2	22	0	NA	NA
chr21	9908380	231	29	11.15	1.81567	2	260	1	1	1.000000001
chr21	9910339	30	8	21.05	1.81567	2	38	1	1	1.000000001
chr21	9921390	38	11	22.45	1.81567	2	49	1	1	1.000000001
chr21	9921526	79	18	18.56	1.81567	2	97	1	1	1.000000001
chr21	9921614	47	7	12.96	1.81567	2	54	1	1	1.000000001
chr21	9926950	91	10	9.9	1.81567	2	101	1	1	1.000000001
chr21	9927065	225	19	7.79	1.81567	2	244	1	1	1.000000001
chr21	9927071	232	15	6.07	1.81567	2	247	1	1	1.000000001
chr21	10615014	232	10	4.13	1.81567	2	242	1	1	1.000000001
chr21	11021134	279	42	13.08	1.81567	2	321	1	1	1.000000001
chr21	15217300	25	8	24.24	1.81567	2	33	1	1	1.000000001
chr21	15319062	32	6	15.79	1.81567	2	38	1	1	1.000000001
chr21	15329614	87	14	13.86	1.81567	2	101	1	1	1.000000001
chr21	15329615	83	15	15.31	1.81567	2	98	1	1	1.000000001
chr21	15343537	140	16	10.26	1.81567	2	156	1	1	1.000000001
chr21	15343569	126	15	10.64	1.81567	2	141	1	1	1.000000001
chr22	19213036	23	4	14.81	1.6349	NA	27	0	NA	NA
chr22	22979252	19	8	29.63	1.6349	NA	27	0	NA	NA
chr22	23655828	48	2	4	1.6349	NA	50	1	NA	NA
chr22	24655905	21	9	30	1.6349	NA	30	1	NA	NA
chr22	32014056	20	3	13.04	1.65565	NA	23	0	NA	NA
chr22	32666435	52	3	5.45	1.65565	NA	55	1	NA	NA
chr22	44890517	29	3	9.38	1.65565	NA	32	1	NA	NA
chr22	44891735	22	3	12	1.65565	NA	25	0	NA	NA
chr22	50591644	20	2	9.09	1.65565	NA	22	0	NA	NA
chr3	47058389	72	7	8.86	1.87592	2	79	1	1	1.000000001
chr3	49215514	17	3	15	1.87592	2	20	0	NA	NA
chr3	49723881	73	3	3.95	1.87592	2	76	1	1	1.000000001
chr3	49848856	18	2	10	1.87592	2	20	0	NA	NA
chr3	53276108	31	3	8.82	1.87592	2	34	1	1	1.000000001
chr3	58512364	26	3	10.34	1.90396	2	29	0	NA	NA
chr3	75406002	138	9	6.12	1.90396	2	147	1	1	1.000000001
chr3	75406004	136	9	6.21	1.90396	2	145	1	1	1.000000001
chr3	75406018	142	10	6.58	1.90396	2	152	1	1	1.000000001
chr3	75714895	341	31	8.33	1.90396	2	372	1	1	1.000000001
chr3	75787458	205	41	16.67	1.90396	2	246	1	1	1.000000001
chr3	178936082	35	8	18.6	1.97849	2	43	1	1	1.000000001
chr3	195505855	110	20	15.38	1.97849	2	130	1	1	1.000000001
chr3	195506946	105	8	7.08	1.97849	2	113	1	1	1.000000001
chr3	195506955	98	8	7.55	1.97849	2	106	1	1	1.000000001
chr3	195507011	158	11	6.51	1.97849	2	169	1	1	1.000000001
chr3	195507251	220	18	7.56	1.97849	2	238	1	1	1.000000001
chr3	195507434	113	8	6.61	1.97849	2	121	1	1	1.000000001
chr3	195508854	77	5	6.1	1.97849	2	82	1	1	1.000000001
chr3	195508903	129	6	4.44	1.97849	2	135	1	1	1.000000001
chr3	195509287	138	15	9.8	1.97849	2	153	1	1	1.000000001
chr3	195509756	309	43	12.22	1.97849	2	352	1	1	1.000000001
chr3	195510030	218	15	6.44	1.97849	2	233	1	1	1.000000001
chr3	195511369	266	13	4.66	1.97849	2	279	1	1	1.000000001
chr3	197847010	55	8	12.7	1.97849	2	63	1	1	1.000000001
chr3	197947246	64	4	5.88	1.97849	2	68	1	1	1.000000001
chr4	9250376	412	46	10.04	1.96728	2	458	1	1	1.000000001
chr4	39974717	85	8	8.6	1.96728	2	93	1	1	1.000000001
chr4	66439456	166	18	9.78	1.96728	2	184	1	1	1.000000001
chr4	68687377	77	6	7.23	1.96728	2	83	1	1	1.000000001
chr4	87871044	99	4	3.88	1.96728	2	103	1	1	1.000000001
chr4	190878608	218	12	5.22	2.00319	2	230	1	1	1.000000001
chr5	206038	51	7	12.07	2.08363	2	58	1	1	1.000000001
chr5	796095	266	14	5	2.08363	2	280	1	1	1.000000001
chr5	796096	278	13	4.47	2.08363	2	291	1	1	1.000000001
chr5	796097	281	14	4.75	2.08363	2	295	1	1	1.000000001
chr5	796106	299	11	3.55	2.08363	2	310	1	1	1.000000001
chr5	1572275	152	23	13.14	2.08363	2	175	1	1	1.000000001
chr5	23527573	194	7	3.48	2.08363	2	201	1	1	1.000000001
chr5	33456193	110	9	7.56	2.08363	2	119	1	1	1.000000001
chr5	34191764	558	50	8.22	2.08363	2	608	1	1	1.000000001
chr5	37466383	22	5	18.52	2.08363	2	27	0	NA	NA
chr5	78407702	26	3	10.34	2.08363	2	29	0	NA	NA
chr5	98858400	178	28	13.59	1.20547	1	206	1	NA	NA
chr5	98858401	177	28	13.66	1.20547	1	205	1	NA	NA
chr5	99715528	20	6	23.08	1.20547	1	26	0	NA	NA
chr5	99727038	20	7	25.93	1.20547	1	27	0	NA	NA
chr5	137683546	29	5	14.71	2.03482	2	34	1	1	1.000000001
chr5	138718187	19	3	13.64	2.03482	2	22	0	NA	NA
chr5	140563584	22	2	8.33	2.03482	2	24	0	NA	NA
chr5	140569002	69	3	4.17	2.03482	2	72	1	1	1.000000001
chr5	140590493	52	3	5.45	2.03482	2	55	1	1	1.000000001
chr5	149937412	39	4	9.3	2.03482	2	43	1	1	1.000000001
chr5	150892051	33	2	5.71	2.03482	2	35	1	1	1.000000001
chr5	156712420	53	3	5.36	2.03482	2	56	1	1	1.000000001
chr6	31024501	47	3	6	2.03679	2	50	1	1	1.000000001
chr6	33054675	45	13	22.41	2.03679	2	58	1	1	1.000000001
chr6	33054683	46	15	24.59	2.03679	2	61	1	1	1.000000001
chr6	33054687	42	13	23.64	2.03679	2	55	1	1	1.000000001
chr6	33054721	41	22	34.92	2.03679	2	63	1	1	1.000000001
chr6	44255341	47	3	6	2.03679	2	50	1	1	1.000000001
chr6	152451848	70	4	5.41	2.03679	2	74	1	1	1.000000001
chr6	159190959	25	4	13.79	2.03679	2	29	0	NA	NA
chr6	159190979	16	4	20	2.03679	2	20	0	NA	NA
chr6	168377161	109	4	3.54	2.03679	2	113	1	1	1.000000001
chr7	6043289	23	4	14.81	1.97274	2	27	0	NA	NA
chr7	39833513	65	3	4.41	1.97274	2	68	1	1	1.000000001
chr7	44012291	24	2	7.69	1.66301	NA	26	0	NA	NA
chr7	44079049	57	3	5	1.66301	NA	60	1	NA	NA
chr7	56564594	17	4	19.05	1.66301	NA	21	0	NA	NA
chr7	56564595	17	4	19.05	1.66301	NA	21	0	NA	NA
chr7	57710058	120	9	6.98	1.66301	NA	129	1	NA	NA
chr7	63204605	53	6	10.17	1.66301	NA	59	1	NA	NA
chr7	63204646	43	9	17.31	1.66301	NA	52	1	NA	NA
chr7	63204652	41	9	18	1.66301	NA	50	1	NA	NA
chr7	63204667	33	8	19.51	1.66301	NA	41	1	NA	NA
chr7	63204668	31	9	22.5	1.66301	NA	40	1	NA	NA
chr7	63213891	417	32	7.13	1.66301	NA	449	1	NA	NA
chr7	63215430	477	25	4.98	1.66301	NA	502	1	NA	NA
chr7	63219107	357	26	6.79	1.66301	NA	383	1	NA	NA
chr7	63222414	95	19	16.67	1.66301	NA	114	1	NA	NA
chr7	99820188	33	3	8.33	1.85639	2	36	1	1	1.000000001
chr7	100639723	182	31	14.55	1.85639	2	213	1	1	1.000000001
chr7	117188797	73	10	12.05	1.85639	2	83	1	1	1.000000001
chr7	117188850	88	9	9.28	1.85639	2	97	1	1	1.000000001
chr7	128291564	122	10	7.58	1.85639	2	132	1	1	1.000000001
chr7	149152421	52	3	5.45	1.85639	2	55	1	1	1.000000001
chr7	151962134	68	11	13.92	1.85639	2	79	1	1	1.000000001
chr7	151962168	87	10	10.31	1.85639	2	97	1	1	1.000000001
chr7	151970695	109	10	8.4	1.85639	2	119	1	1	1.000000001
chr7	151970714	129	21	14	1.85639	2	150	1	1	1.000000001
chr8	6669304	31	3	8.82	1.69584	NA	34	1	NA	NA
chr8	7431563	53	3	5.36	1.69584	NA	56	1	NA	NA
chr8	52731494	78	19	19.59	1.94774	2	97	1	1	1.000000001
chr8	86556188	102	6	5.56	1.04645	1	108	1	NA	NA
chr8	86556607	19	2	9.52	1.04645	1	21	0	NA	NA
chr8	105391884	47	5	9.62	2.30298	NA	52	1	NA	NA
chr8	144342257	199	10	4.78	2.30298	NA	209	1	NA	NA
chr8	144940331	154	24	13.48	2.30298	NA	178	1	NA	NA
chr8	145626811	37	3	7.5	2.30298	NA	40	1	NA	NA
chr9	33473883	18	3	14.29	1.97904	2	21	0	NA	NA
chr9	33798633	50	9	15.25	1.97904	2	59	1	1	1.000000001
chr9	33798673	36	10	21.74	1.97904	2	46	1	1	1.000000001
chr9	33798681	33	10	23.26	1.97904	2	43	1	1	1.000000001
chr9	33798703	24	6	20	1.97904	2	30	1	1	1.000000001
chr9	33798713	20	4	16.67	1.97904	2	24	0	NA	NA
chr9	34990473	22	3	12	1.97904	2	25	0	NA	NA
chr9	44076938	154	18	10.47	1.97904	2	172	1	1	1.000000001
chr9	44076967	209	17	7.52	1.97904	2	226	1	1	1.000000001
chr9	44076969	205	22	9.69	1.97904	2	227	1	1	1.000000001
chr9	44127542	36	10	21.74	1.97904	2	46	1	1	1.000000001
chr9	66499639	24	3	11.11	1.97904	2	27	0	NA	NA
chr9	68315790	63	13	17.11	1.97904	2	76	1	1	1.000000001
chr9	68433510	137	40	22.6	1.97904	2	177	1	1	1.000000001
chr9	68433568	144	41	22.16	1.97904	2	185	1	1	1.000000001
chr9	69424565	51	8	13.56	1.97904	2	59	1	1	1.000000001
chr9	100000762	57	3	5	1.97904	2	60	1	1	1.000000001
chr9	129982610	68	10	12.82	1.77719	2	78	1	1	1.000000001
chr9	131735531	17	4	19.05	1.77719	2	21	0	NA	NA
chr9	135984096	21	3	12.5	1.77719	2	24	0	NA	NA
chrX	213551	78	15	16.13	1.43425	NA	93	1	NA	NA
chrX	1464297	46	4	8	1.86451	2	50	1	1	1.000000001
chrX	29301217	48	6	11.11	1.86451	2	54	1	1	1.000000001
chrX	41000673	58	4	6.45	1.86451	2	62	1	1	1.000000001
chrX	73802941	137	19	12.18	1.86451	2	156	1	1	1.000000001
chrX	73802947	140	18	11.39	1.86451	2	158	1	1	1.000000001
chrX	73802978	138	19	12.1	1.86451	2	157	1	1	1.000000001
chrX	73802983	143	22	13.33	1.86451	2	165	1	1	1.000000001
chrX	73802987	144	22	13.25	1.86451	2	166	1	1	1.000000001
chrX	73802997	154	28	15.38	1.86451	2	182	1	1	1.000000001
chrX	73803016	147	27	15.52	1.86451	2	174	1	1	1.000000001
chrX	73803020	149	25	14.37	1.86451	2	174	1	1	1.000000001
chrX	73803023	149	24	13.87	1.86451	2	173	1	1	1.000000001
chrX	73803029	145	23	13.69	1.86451	2	168	1	1	1.000000001
chrX	73803044	140	17	10.83	1.86451	2	157	1	1	1.000000001
chrX	73803057	137	20	12.74	1.86451	2	157	1	1	1.000000001
chrX	75649315	33	2	5.71	1.86451	2	35	1	1	1.000000001
chrX	83360994	46	6	11.54	1.86451	2	52	1	1	1.000000001
chrX	100502196	35	6	14.63	1.86451	2	41	1	1	1.000000001
chrX	114426293	28	2	6.67	1.86451	2	30	1	1	1.000000001
chrX	117544769	33	6	15.38	1.86451	2	39	1	1	1.000000001
chrX	118604399	40	12	23.08	1.86451	2	52	1	1	1.000000001
chrX	118604400	40	11	21.57	1.86451	2	51	1	1	1.000000001
chrX	118604409	38	10	20.83	1.86451	2	48	1	1	1.000000001
chrX	118604412	36	11	23.4	1.86451	2	47	1	1	1.000000001
chrX	118604416	35	10	22.22	1.86451	2	45	1	1	1.000000001
chrX	118604428	39	9	18.75	1.86451	2	48	1	1	1.000000001
chrX	122387310	42	8	16	1.86451	2	50	1	1	1.000000001
