chr	st	BC03T.ref	BC03T.var	BC03T.vaf	BC03T.cn	BC03T.cleancn	BC03T.depth	adequateDepth	cluster	cluster.prob.1	cluster.prob.2	cluster.prob.3
chr1	136787	199	32	13.85	1.80663	2	231	1	2	0.00160510505899532	0.904433061461747	0.0939618364792579
chr1	136827	208	16	7.14	1.80663	2	224	1	3	2.35841965516492e-09	0.0117062761846236	0.988293724456957
chr1	136828	209	17	7.52	1.80663	2	226	1	3	5.69257504639316e-09	0.0194826686488035	0.980517328658621
chr1	12888476	66	5	7.04	1.80663	2	71	1	3	1.96966185480438e-09	0.0101869447753778	0.98981305625496
chr1	12907495	367	34	8.48	1.80663	2	401	1	3	8.31474287521107e-08	0.0620218442863026	0.937978075566269
chr1	12907498	362	33	8.35	1.80663	2	395	1	3	5.7958063705552e-08	0.0535982118063032	0.946401733235633
chr1	12908449	134	30	18.29	1.80663	2	164	1	2	0.118387712758185	0.876589425148476	0.00502286509333814
chr1	12908450	138	29	17.37	1.80663	2	167	1	2	0.0554920048198337	0.935281263999019	0.00922673418114695
chr1	12908452	136	30	18.07	1.80663	2	166	1	2	0.0995456502428313	0.894630181567967	0.00582417118920194
chr1	12908474	161	23	12.5	1.80663	2	184	1	2	0.00029181222662284	0.770352832323305	0.229355358450072
chr1	12908476	166	23	12.17	1.80663	2	189	1	2	0.000182650663818894	0.718580218978554	0.281237133357627
chr1	12908480	161	22	12.02	1.80663	2	183	1	2	0.000146338969112567	0.69231824636065	0.307535417670238
chr1	12908482	160	22	12.09	1.80663	2	182	1	2	0.000162402228644749	0.704783104713989	0.295054496057366
chr1	12921241	149	28	15.82	1.80663	2	177	1	2	0.0131592337971906	0.961634786049052	0.0252059831537578
chr1	13183130	181	27	12.98	1.80663	2	208	1	2	0.000553758655820947	0.83121677346245	0.168229470881729
chr1	13183138	192	38	16.52	1.80663	2	230	1	2	0.0257799575686053	0.958230800408113	0.0159892450232821
chr1	13414082	231	10	4.15	1.80663	2	241	1	3	1.00000357704951e-09	5.52186558817677e-05	0.999944783344115
chr1	16363158	34	5	12.82	1.80663	2	39	1	2	0.000449472083501051	0.812753304654529	0.18679722626197
chr1	16893247	103	9	8.04	1.80663	2	112	1	3	2.41599826558304e-08	0.0373228044199464	0.962677174420071
chr1	16894612	203	8	3.79	1.80663	2	211	1	3	1.00000042790976e-09	2.26415557948746e-05	0.999977360444205
chr1	16894699	92	13	12.38	1.80663	2	105	1	2	0.000246810371331742	0.752486242671394	0.247266949957274
chr1	16901554	217	11	4.82	1.80663	2	228	1	3	1.00012043446868e-09	0.00024103345794653	0.999758968541933
chr1	16902823	111	11	9.02	1.80663	2	122	1	3	3.51711145243911e-07	0.109463600418627	0.890536050870228
chr1	16915631	26	7	21.21	1.80663	2	33	1	1	0.602201034563984	0.397328261242019	0.000470707193997348
chr1	16975509	131	7	5.07	1.80663	2	138	1	3	1.00039689726066e-09	0.000396936166654927	0.999603065832948
chr1	16975642	149	15	9.15	1.80663	2	164	1	3	4.90135810813683e-07	0.124304378445858	0.875695134418331
chr1	16975727	170	31	15.42	1.80663	2	201	1	2	0.00881596389105232	0.958396692597348	0.0327873465115998
chr1	16976744	55	5	8.33	1.80663	2	60	1	3	5.48065151454989e-08	0.0523918838771544	0.94760806431633
chr1	17084304	347	40	10.34	1.80663	2	387	1	3	7.5658399451525e-06	0.327723878822797	0.672268558337258
chr1	54618706	20	3	13.04	1.80663	2	23	0	NA	NA	NA	NA
chr1	68627113	145	26	15.2	1.80663	2	171	1	2	0.00703585928074712	0.955034828128736	0.0379293155905168
chr1	68627192	94	10	9.62	1.80663	2	104	1	3	1.54284698000493e-06	0.190359150343453	0.809639309809567
chr1	68628580	108	20	15.62	1.80663	2	128	1	2	0.0107871096920534	0.960473760263919	0.0287391330440273
chr1	142619641	24	7	22.58	1.80663	2	31	1	1	0.812460512505538	0.187426406013962	0.000113084480499736
chr1	142660174	43	6	12.24	1.80663	2	49	1	2	0.000202165801505478	0.730255640543939	0.269542196654556
chr1	142712530	129	9	6.52	1.80663	2	138	1	3	1.15521052463183e-09	0.00477315155958377	0.995226850285206
chr1	142803174	254	22	7.97	1.80663	2	276	1	3	1.9801909625718e-08	0.0343026238091829	0.965697359388907
chr1	142803240	222	10	4.31	1.80663	2	232	1	3	1.00000868523572e-09	8.01090492295383e-05	0.999919892950762
chr1	142803471	134	12	8.22	1.80663	2	146	1	3	4.02338919441181e-08	0.04615936313497	0.953840599631138
chr1	142806039	444	26	5.53	1.80663	2	470	1	3	1.00309501507089e-09	0.000935991446586405	0.999064010550319
chr1	142806045	451	55	10.87	1.80663	2	506	1	3	2.14336430203846e-05	0.447209261656387	0.552769307700593
chr1	142806053	459	60	11.56	1.80663	2	519	1	2	7.13673724684101e-05	0.601924013989755	0.398004621637777
chr1	142806056	499	32	6.03	1.80663	2	531	1	3	1.02414903487388e-09	0.00220332487865193	0.997796677097199
chr1	142811760	512	56	9.86	1.80663	2	568	1	3	2.68120311890629e-06	0.231651489536057	0.768345832260824
chr1	142815332	359	18	4.77	1.80663	2	377	1	3	1.00009420481245e-09	0.000217484571501438	0.999782517428404
chr1	142815354	262	14	5.07	1.80663	2	276	1	3	1.00039689726066e-09	0.000396936166654927	0.999603065832948
chr1	142815384	213	8	3.62	1.80663	2	221	1	3	1.00000014654066e-09	1.44318579171417e-05	0.999985570142083
chr1	142815884	765	89	10.42	1.80663	2	854	1	3	8.91509837816474e-06	0.345137929194612	0.65485315870701
chr1	142816136	104	17	14.05	1.80663	2	121	1	2	0.00202124020612871	0.915898351814492	0.0820804109793787
chr1	142816373	670	26	3.74	1.80663	2	695	1	3	1.00000031376826e-09	1.98743075154651e-05	0.999980127692484
chr1	142819994	99	11	10	1.80663	2	110	1	3	3.66270396548488e-06	0.257959426454314	0.742036913841721
chr1	142823447	260	19	6.81	1.80663	2	279	1	3	1.43850791909045e-09	0.00733921163473892	0.992660789926753
chr1	142826701	246	23	8.55	1.80663	2	269	1	3	1.0078250953451e-07	0.0669965555987774	0.933003346618713
chr1	142826750	376	49	11.53	1.80663	2	425	1	2	6.79543783381609e-05	0.595570445305633	0.404361603316028
chr1	142828130	178	9	4.81	1.80663	2	187	1	3	1.00011468342904e-09	0.00023614785824732	0.999763854141638
chr1	143167422	111	6	5.13	1.80663	2	117	1	3	1.00052399502093e-09	0.000445814865087191	0.999554187134389
chr1	143167435	116	7	5.69	1.80663	2	123	1	3	1.00608569749486e-09	0.0012409188281031	0.998759083165811
chr1	143167461	109	6	5.22	1.80663	2	115	1	3	1.00079028767544e-09	0.000529334549625827	0.999470667449584
chr1	143225788	89	12	11.88	1.80663	2	101	1	2	0.000118359725568069	0.666316639327414	0.333565003947018
chr1	143358162	69	8	10.39	1.80663	2	77	1	3	8.38546804619071e-06	0.338570718640237	0.661420898891717
chr1	143358180	75	8	9.64	1.80663	2	83	1	3	1.61694967090872e-06	0.193608503006721	0.806389883043608
chr1	143358184	76	7	8.43	1.80663	2	83	1	3	7.24104494694696e-08	0.0586598096108828	0.941340120978668
chr1	144868245	15	7	31.82	1.80663	2	22	0	NA	NA	NA	NA
chr1	145116152	146	27	15.61	1.80663	2	173	1	2	0.0106795923302028	0.960391708637279	0.0289287020325181
chr1	145293014	291	32	9.91	1.80663	2	323	1	3	2.99983282516341e-06	0.240867420008509	0.759129583158665
chr1	145293744	69	20	22.47	1.80663	2	89	1	1	0.799531250401498	0.200341316082007	0.000127436516495187
chr1	145293750	82	9	9.89	1.80663	2	91	1	3	2.86841073221073e-06	0.237156595185496	0.762840539403772
chr1	145296689	46	5	9.8	1.80663	2	51	1	3	2.34016215348037e-06	0.220865206890088	0.779132455947759
chr1	145296701	42	10	19.23	1.80663	2	52	1	2	0.231955042078458	0.765464228155652	0.00258073276589
chr1	145297615	104	10	8.77	1.80663	2	114	1	3	1.82621800077566e-07	0.0848097874066423	0.915190032971558
chr1	145297661	91	17	15.74	1.80663	2	108	1	2	0.0121578244095712	0.961280159948003	0.026562018642426
chr1	148004422	319	20	5.9	1.80663	2	339	1	3	1.01438602267055e-09	0.00177594101187263	0.998224060973741
chr1	148004732	114	19	14.29	1.80663	2	133	1	2	0.00264981232967489	0.927555777546685	0.0697944131236406
chr1	148251814	249	46	15.59	1.80663	2	295	1	2	0.0104675249226688	0.960220744753789	0.0293117333235424
chr1	148344469	26	12	31.58	1.80663	2	38	1	1	0.99944524504525	0.000554748958983868	8.99576606658883e-09
chr1	148598841	104	8	7.14	1.80663	2	112	1	3	2.35841965516492e-09	0.0117062761846236	0.988293724456957
chr1	148873322	54	19	26.03	1.80663	2	73	1	1	0.980751644927128	0.0192459063745994	2.45169827303282e-06
chr1	148873483	177	10	5.35	1.80663	2	187	1	3	1.00141388860797e-09	0.000674918939121696	0.999325083059465
chr1	148882550	43	5	10.42	1.80663	2	48	1	3	8.91509837816474e-06	0.345137929194612	0.65485315870701
chr1	148903246	63	15	19.23	1.80663	2	78	1	2	0.231955042078458	0.765464228155652	0.00258073276589
chr1	149261391	105	8	7.08	1.80663	2	113	1	3	2.1102737502853e-09	0.0107721869664157	0.989227813923311
chr1	149307550	32	7	17.95	1.80663	2	39	1	2	0.0903648147777831	0.903326650146749	0.0063085380754684
chr1	152186708	229	17	6.91	1.80663	2	246	1	3	1.62115306442102e-09	0.00847565598899541	0.991524345389851
chr1	152187437	148	8	5.13	1.80663	2	156	1	3	1.00052399502093e-09	0.000445814865087191	0.999554187134389
chr1	152188964	202	17	7.76	1.80663	2	219	1	3	1.09410092153969e-08	0.0264759782073567	0.973524013851634
chr1	152189016	176	13	6.88	1.80663	2	189	1	3	1.559831765084e-09	0.00811925534088911	0.991880746099279
chr1	152671557	69	4	5.48	1.80663	2	73	1	3	1.00249589774695e-09	0.000855624365289931	0.999144377632214
chr1	155185478	102	4	3.77	1.80663	2	106	1	3	1.00000037814901e-09	2.14955811082655e-05	0.999978506418891
chr1	155205480	45	4	8.16	1.80663	2	49	1	3	3.39587999872242e-08	0.0430339238773268	0.956966045163873
chr1	155883527	48	15	23.81	1.80663	2	63	1	1	0.914692339370903	0.0852787495838024	2.89140452943295e-05
chr1	201180069	268	10	3.6	2.39446	NA	278	1	NA	NA	NA	NA
chr1	204397256	28	23	45.1	2.39446	NA	51	1	NA	NA	NA	NA
chr1	245016987	54	22	28.95	2.39446	NA	76	1	NA	NA	NA	NA
chr1	248436582	62	11	15.07	2.56472	NA	73	1	NA	NA	NA	NA
chr10	26934439	205	16	7.24	1.84063	2	221	1	3	2.89424319025598e-09	0.0134240689501957	0.986575931155561
chr10	26936272	224	23	9.31	1.84063	2	247	1	3	7.3106015036041e-07	0.144577398317184	0.855421873622666
chr10	26936278	224	22	8.94	1.84063	2	246	1	3	2.8586179739625e-07	0.101032546320926	0.898967170817277
chr10	26936449	203	31	13.25	1.84063	2	234	1	2	0.000779715902934425	0.858554187204968	0.140666099892097
chr10	26936461	194	31	13.78	1.84063	2	225	1	2	0.00147903763306103	0.900008975713677	0.0985119896532614
chr10	26936484	182	19	9.45	1.84063	2	201	1	3	1.02903255990116e-06	0.164183679246323	0.835815294721117
chr10	26936487	161	18	10.06	1.84063	2	179	1	3	4.17672019431757e-06	0.269699115449938	0.730296710829867
chr10	27226595	54	19	26.03	1.84063	2	73	1	1	0.980751644927128	0.0192459063745994	2.45169827303282e-06
chr10	38939433	180	23	11.33	1.84063	2	203	1	2	4.86576064826815e-05	0.552071078480671	0.447880266912846
chr10	38939463	215	10	4.44	1.84063	2	225	1	3	1.00001744889783e-09	0.000107324711791854	0.999892677288191
chr10	42949167	28	6	17.65	1.84063	2	34	1	2	0.0704983613609025	0.921814402723687	0.00768723891541044
chr10	45652345	124	9	6.77	1.84063	2	133	1	3	1.38096291082142e-09	0.00692422386550406	0.993075777753533
chr10	75434752	118	10	7.81	1.84063	2	128	1	3	1.25887780862479e-08	0.0281822996864992	0.971817690724723
chr10	81465826	21	10	32.26	1.85716	2	31	1	1	0.999632401838933	0.000367596017019955	5.14404704032261e-09
chr10	98192683	26	3	10.34	1.85716	2	29	0	NA	NA	NA	NA
chr10	126677219	799	28	3.39	1.85716	2	826	1	3	1.00000003171962e-09	7.5825159706189e-06	0.999992419484029
chr11	1016677	691	34	4.69	1.78757	2	725	1	3	1.00006326018839e-09	0.000184088424499473	0.999815913575437
chr11	1016678	662	54	7.54	1.78757	2	716	1	3	6.00015886875118e-09	0.0199958345021073	0.980004162497734
chr11	1016688	693	31	4.28	1.78757	2	724	1	3	1.00000737241715e-09	7.47886939965203e-05	0.999925213305996
chr11	1016708	589	65	9.94	1.78757	2	654	1	3	3.20739535162269e-06	0.24649393853147	0.753502857073178
chr11	1016754	683	68	9.05	1.78757	2	751	1	3	3.79915278063363e-07	0.112761569673003	0.887238053411719
chr11	1016756	670	65	8.84	1.78757	2	735	1	3	2.19895992215524e-07	0.0912178677032975	0.90878191540071
chr11	1016777	797	88	9.94	1.78757	2	885	1	3	3.20739535162269e-06	0.24649393853147	0.753502857073178
chr11	1016781	848	49	5.46	1.78757	2	897	1	3	1.00228888226442e-09	0.000825257674018228	0.999174744323693
chr11	1016793	912	47	4.9	1.78757	2	959	1	3	1.00017751771942e-09	0.000283517092886778	0.999716484906936
chr11	1016818	971	76	7.26	1.78757	2	1047	1	3	3.02338487489285e-09	0.0137933341893494	0.986206665787266
chr11	1016849	944	52	5.22	1.78757	2	996	1	3	1.00079028767544e-09	0.000529334549625827	0.999470667449584
chr11	1016851	946	51	5.12	1.78757	2	996	1	3	1.00050039545484e-09	0.000437309817047936	0.999562692182452
chr11	1016871	776	57	6.84	1.78757	2	833	1	3	1.48704580982679e-09	0.00766490711022847	0.992335094402726
chr11	1016885	725	41	5.35	1.78757	2	766	1	3	1.00141388860797e-09	0.000674918939121696	0.999325083059465
chr11	1016892	681	46	6.33	1.78757	2	727	1	3	1.07669536793432e-09	0.00356233635269163	0.996437665570613
chr11	1016919	605	54	8.19	1.78757	2	659	1	3	3.69660932682816e-08	0.0445732838263623	0.955426682207544
chr11	1016964	638	43	6.31	1.78757	2	681	1	3	1.07112618522202e-09	0.0034525165158296	0.996547485413044
chr11	1017024	587	36	5.78	1.78757	2	623	1	3	1.00883138894473e-09	0.00144927082472078	0.998550731166448
chr11	1017059	512	41	7.41	1.78757	2	553	1	3	4.29929778368765e-09	0.0168625288595954	0.983137469841107
chr11	1017068	558	49	8.07	1.78757	2	607	1	3	2.63092478748791e-08	0.038685699747023	0.961314276943729
chr11	1017088	646	30	4.44	1.78757	2	676	1	3	1.00001744889783e-09	0.000107324711791854	0.999892677288191
chr11	1017114	480	18	3.61	1.78757	2	499	1	3	1.00000013738063e-09	1.40455153354344e-05	0.999985956484664
chr11	1017147	597	24	3.86	1.78757	2	622	1	3	1.000000656335e-09	2.70984706534837e-05	0.999972903529346
chr11	1017152	542	33	5.74	1.78757	2	575	1	3	1.00748952160821e-09	0.0013530695128043	0.998646932479706
chr11	1017162	572	22	3.7	1.78757	2	595	1	3	1.00000024409029e-09	1.78838973070736e-05	0.999982118102693
chr11	1017814	483	23	4.55	1.78757	2	505	1	3	1.00003101214669e-09	0.000136570861196074	0.999863431138773
chr11	1017826	525	27	4.89	1.78757	2	552	1	3	1.00016917086301e-09	0.000277861581761747	0.999722140418069
chr11	1017827	511	23	4.31	1.78757	2	534	1	3	1.00000868523572e-09	8.01090492295383e-05	0.999919892950762
chr11	1017841	583	41	6.57	1.78757	2	624	1	3	1.18623338815901e-09	0.00514778719730933	0.994852214616457
chr11	1017869	592	62	9.48	1.78757	2	654	1	3	1.10616852877931e-06	0.168614240183285	0.831384656648186
chr11	1017870	651	62	8.7	1.78757	2	713	1	3	1.51411476398257e-07	0.0787683346710356	0.921231516917488
chr11	1017921	533	75	12.34	1.78757	2	608	1	2	0.000233241660168676	0.746287279305352	0.25347948203448
chr11	1018090	150	29	16.2	1.78757	2	179	1	2	0.0190420195052788	0.961283126543281	0.0196748569514399
chr11	1018091	147	29	16.48	1.78757	2	176	1	2	0.0248322398275285	0.95875924979342	0.0164085133790519
chr11	1018093	156	25	13.81	1.78757	2	181	1	2	0.00153191827076794	0.901932239880266	0.096535844848966
chr11	1018095	158	25	13.66	1.78757	2	183	1	2	0.00128370777814156	0.891893682729071	0.106822612492787
chr11	1018136	168	14	7.69	1.78757	2	182	1	3	9.00619442798352e-09	0.0242390562646837	0.975760937729122
chr11	1018255	204	19	8.52	1.78757	2	223	1	3	9.28243015919807e-08	0.0648255458756794	0.935174364300019
chr11	1018275	252	21	7.69	1.78757	2	273	1	3	9.00619442798352e-09	0.0242390562646837	0.975760937729122
chr11	1018289	195	40	17.02	1.78757	2	235	1	2	0.0407529994809399	0.947672639330219	0.0115743641888412
chr11	1018312	205	21	9.29	1.78757	2	226	1	3	6.95789164657579e-07	0.141919695656261	0.858079611554574
chr11	1018321	216	20	8.47	1.78757	2	236	1	3	8.08842428879882e-08	0.061336896861276	0.938663025254481
chr11	1277403	27	3	10	1.78757	2	30	1	3	3.66270396548488e-06	0.257959426454314	0.742036913841721
chr11	64108651	21	2	8.7	1.59937	NA	23	0	NA	NA	NA	NA
chr11	73387605	292	18	5.81	3.04681	3	310	1	NA	NA	NA	NA
chr12	9458495	69	7	9.21	1.83961	2	76	1	3	5.70058850155266e-07	0.131643271614303	0.868356161326847
chr12	11174492	125	16	11.35	1.83961	2	141	1	2	5.03398543075543e-05	0.556501661312405	0.443448001833287
chr12	11174515	142	16	10.13	1.83961	2	158	1	3	4.8595512016844e-06	0.283725887822901	0.716269255625898
chr12	11183035	151	17	10.12	1.83961	2	168	1	3	4.75612299297422e-06	0.281700996853817	0.71829425002319
chr12	11183174	242	24	9.02	1.83961	2	266	1	3	3.51711145243911e-07	0.109463600418627	0.890536050870228
chr12	11214273	189	36	16	1.83961	2	225	1	2	0.0156972190772911	0.961892857915717	0.0224099260069915
chr12	11244199	83	18	17.82	1.83961	2	101	1	2	0.0812361069150251	0.911888973889534	0.00687492219544115
chr12	11546262	90	14	13.46	1.83961	2	104	1	2	0.00100954678498399	0.876773319289867	0.122217136925149
chr12	31253655	66	3	4.35	1.83961	2	69	1	3	1.00001078790083e-09	8.77324212219069e-05	0.999912269578767
chr12	42478417	65	14	17.72	1.83961	2	79	1	2	0.0747613867076514	0.917896201522827	0.00734241476952138
chr12	42478421	59	14	19.18	1.83961	2	73	1	2	0.224502323792301	0.772819174335133	0.0026785048725662
chr12	53343148	37	9	19.57	1.83961	2	46	1	2	0.286629385675216	0.711379618570219	0.0019909987545642
chr12	53343152	34	10	22.73	1.83961	2	44	1	1	0.828979025373814	0.170924985526354	9.59920998321156e-05
chr12	53343225	34	10	22.73	1.83961	2	44	1	1	0.828979025373814	0.170924985526354	9.59920998321156e-05
chr12	58217256	30	10	25	1.81768	2	40	1	1	0.961549348516669	0.0384430125448537	7.64193847687174e-06
chr12	58217316	34	5	12.82	1.81768	2	39	1	2	0.000449472083501051	0.812753304654529	0.18679722626197
chr13	19393475	45	6	11.76	1.93818	2	51	1	2	9.82515556884782e-05	0.642938406113327	0.356963345330985
chr13	19393480	42	6	12.5	1.93818	2	48	1	2	0.00029181222662284	0.770352832323305	0.229355358450072
chr13	19393482	41	6	12.77	1.93818	2	47	1	2	0.000420694760828957	0.806618401600178	0.192960906638993
chr13	19422811	108	8	6.9	1.93818	2	116	1	3	1.60002990320442e-09	0.00835533282966801	0.991644668570302
chr13	25671925	186	8	4.12	1.93818	2	194	1	3	1.00000301782749e-09	5.14169994009099e-05	0.999948585000596
chr13	33344527	33	18	35.29	1.93818	2	51	1	1	0.999938257589166	6.17441672666676e-05	1.24356712422555e-09
chr13	52585380	20	3	13.04	1.96455	2	23	0	NA	NA	NA	NA
chr14	20020143	113	22	16.3	1.34397	NA	135	1	NA	NA	NA	NA
chr14	106392901	27	2	6.9	1.34397	NA	29	0	NA	NA	NA	NA
chr15	20083802	104	13	11.11	1.80538	2	117	1	2	3.31815532396877e-05	0.502440236495514	0.497526584951247
chr15	23282589	85	11	11.46	1.80538	2	96	1	2	6.05453217923675e-05	0.580561443079354	0.419378014598853
chr15	23609707	44	7	13.73	1.80538	2	51	1	2	0.00139458375157656	0.896710849912374	0.10189456933605
chr15	28989968	61	8	11.59	1.80538	2	69	1	2	7.49308544970398e-05	0.608227858375369	0.391697213770134
chr15	28991133	20	6	23.08	1.80538	2	26	0	NA	NA	NA	NA
chr15	29092358	38	14	26.92	1.80538	2	52	1	1	0.989349766081154	0.0106493021882456	9.34730600579453e-07
chr15	30848826	87	25	22.32	1.80538	2	112	1	1	0.780762787019192	0.219087387479598	0.000149828501209631
chr15	32738862	19	6	24	1.80538	2	25	0	NA	NA	NA	NA
chr15	32895508	16	7	30.43	1.80538	2	23	0	NA	NA	NA	NA
chr15	74364502	156	12	7.14	1.80901	2	168	1	3	2.35841965516492e-09	0.0117062761846236	0.988293724456957
chr15	102299771	19	7	26.92	1.80901	2	26	0	NA	NA	NA	NA
chr16	4625303	29	3	9.38	1.69608	NA	32	1	NA	NA	NA	NA
chr16	21416123	51	5	8.93	1.69608	NA	56	1	NA	NA	NA	NA
chr16	33372677	68	17	20	1.69608	NA	85	1	NA	NA	NA	NA
chr16	33489071	41	16	28.07	1.69608	NA	57	1	NA	NA	NA	NA
chr16	33497477	34	10	22.73	1.69608	NA	44	1	NA	NA	NA	NA
chr16	33497481	34	10	22.73	1.69608	NA	44	1	NA	NA	NA	NA
chr16	57789861	41	2	4.65	1.69608	NA	43	1	NA	NA	NA	NA
chr16	70010650	56	9	13.85	1.69608	NA	65	1	NA	NA	NA	NA
chr16	90236423	41	3	6.82	1.69608	NA	44	1	NA	NA	NA	NA
chr17	907522	18	2	10	1.26155	NA	20	0	NA	NA	NA	NA
chr17	4536715	22	14	38.89	1.26155	NA	36	1	NA	NA	NA	NA
chr17	5036074	44	6	12	1.26155	NA	50	1	NA	NA	NA	NA
chr17	5036077	45	6	11.76	1.26155	NA	51	1	NA	NA	NA	NA
chr17	5036078	42	6	12.5	1.26155	NA	48	1	NA	NA	NA	NA
chr17	5036122	48	10	17.24	1.26155	NA	58	1	NA	NA	NA	NA
chr17	8079325	25	2	7.41	1.26155	NA	27	0	NA	NA	NA	NA
chr17	8167542	27	3	10	1.26155	NA	30	1	NA	NA	NA	NA
chr17	16097870	50	7	12.28	1.65703	NA	57	1	NA	NA	NA	NA
chr17	16097899	41	6	12.77	1.65703	NA	47	1	NA	NA	NA	NA
chr17	21904534	80	7	8.05	1.65703	NA	87	1	NA	NA	NA	NA
chr17	21904644	126	11	8.03	1.65703	NA	137	1	NA	NA	NA	NA
chr17	36204811	41	6	12.77	1.65703	NA	47	1	NA	NA	NA	NA
chr17	37330875	21	3	12.5	1.65703	NA	24	0	NA	NA	NA	NA
chr17	39274274	110	4	3.51	1.65703	NA	114	1	NA	NA	NA	NA
chr17	39406812	235	23	8.91	1.65703	NA	258	1	NA	NA	NA	NA
chr17	39406820	231	19	7.6	1.65703	NA	250	1	NA	NA	NA	NA
chr17	41465893	23	4	14.81	1.65703	NA	27	0	NA	NA	NA	NA
chr17	41465894	23	3	11.54	1.65703	NA	26	0	NA	NA	NA	NA
chr17	43626315	154	23	12.99	1.65703	NA	177	1	NA	NA	NA	NA
chr17	45214690	264	44	14.29	1.65703	NA	308	1	NA	NA	NA	NA
chr17	45221281	55	21	27.63	1.65703	NA	76	1	NA	NA	NA	NA
chr17	45234449	447	23	4.89	1.65703	NA	470	1	NA	NA	NA	NA
chr17	45234707	108	5	4.42	1.65703	NA	113	1	NA	NA	NA	NA
chr17	70120362	42	3	6.67	1.65703	NA	45	1	NA	NA	NA	NA
chr17	76395607	18	2	10	1.65703	NA	20	0	NA	NA	NA	NA
chr18	11644564	55	17	23.61	1.58304	NA	72	1	NA	NA	NA	NA
chr18	14183818	137	26	15.95	1.58304	NA	163	1	NA	NA	NA	NA
chr18	14221319	234	10	4.1	1.58304	NA	244	1	NA	NA	NA	NA
chr18	14222293	97	5	4.9	1.58304	NA	102	1	NA	NA	NA	NA
chr18	14341531	56	5	8.2	1.58304	NA	61	1	NA	NA	NA	NA
chr18	14341535	60	7	10.45	1.58304	NA	67	1	NA	NA	NA	NA
chr18	15316828	66	10	13.16	1.58304	NA	76	1	NA	NA	NA	NA
chr19	8993450	45	6	11.76	1.63014	NA	51	1	NA	NA	NA	NA
chr19	8993452	45	5	10	1.63014	NA	50	1	NA	NA	NA	NA
chr19	9000240	22	11	33.33	1.63014	NA	33	1	NA	NA	NA	NA
chr19	10461748	37	10	21.28	1.63014	NA	47	1	NA	NA	NA	NA
chr19	10671755	22	3	12	1.63014	NA	25	0	NA	NA	NA	NA
chr19	33651202	16	3	15.79	1.63014	NA	19	0	NA	NA	NA	NA
chr19	50464144	17	2	10.53	1.63014	NA	19	0	NA	NA	NA	NA
chr19	54848431	17	9	34.62	1.63014	NA	26	0	NA	NA	NA	NA
chr19	55263830	30	15	33.33	1.63014	NA	45	1	NA	NA	NA	NA
chr19	55263864	33	12	26.67	1.63014	NA	45	1	NA	NA	NA	NA
chr19	55263886	31	9	22.5	1.63014	NA	40	1	NA	NA	NA	NA
chr19	55266490	75	4	5.06	1.63014	NA	79	1	NA	NA	NA	NA
chr19	55266641	32	4	11.11	1.63014	NA	36	1	NA	NA	NA	NA
chr19	55278890	48	7	12.73	1.63014	NA	55	1	NA	NA	NA	NA
chr2	905553	353	30	7.83	1.82868	2	383	1	3	1.33184377591516e-08	0.028891220487184	0.971108769194378
chr2	905744	193	20	9.39	1.82868	2	213	1	3	8.8959978124619e-07	0.155565560052978	0.844433553347241
chr2	905828	231	16	6.48	1.82868	2	247	1	3	1.13402603342238e-09	0.00449125806989735	0.995508743796077
chr2	905833	240	15	5.88	1.82868	2	255	1	3	1.01327121262068e-09	0.0017172735285992	0.998282728458129
chr2	9546320	25	6	19.35	1.82868	2	31	1	2	0.250471560836733	0.747170359087052	0.00235808307621465
chr2	26614400	41	6	12.77	1.82868	2	47	1	2	0.000420694760828957	0.806618401600178	0.192960906638993
chr2	91843471	49	10	16.95	1.85948	2	59	1	2	0.0382669433941866	0.949623076022302	0.012109983583511
chr2	91927343	28	5	15.15	1.85948	2	33	1	2	0.00668070543683909	0.954109018498387	0.0392102790647744
chr2	91969052	71	8	10.13	1.85948	2	79	1	3	4.8595512016844e-06	0.283725887822901	0.716269255625898
chr2	91969071	77	12	13.48	1.85948	2	89	1	2	0.00103434868742424	0.878379684710773	0.120585969601802
chr2	91969077	70	15	17.65	1.85948	2	85	1	2	0.0704983613609025	0.921814402723687	0.00768723891541044
chr2	91969082	71	16	18.39	1.85948	2	87	1	2	0.127860757503921	0.867446816832608	0.00469242866347004
chr2	91969096	87	15	14.71	1.85948	2	102	1	2	0.00419724284485866	0.94319743851244	0.0526053216427012
chr2	92075443	47	9	16.07	1.85948	2	56	1	2	0.0168007695645416	0.961788479148374	0.0214107542870849
chr2	92075453	41	14	25.45	1.85948	2	55	1	1	0.971596278467154	0.0283990853658357	4.63916701079035e-06
chr2	92076569	50	9	15.25	1.85948	2	59	1	2	0.00740840720743023	0.955899974302183	0.0366916214903862
chr2	95474424	122	17	12.23	1.85948	2	139	1	2	0.00019926969105346	0.728610530034216	0.27119020327473
chr2	95511191	151	8	5.03	1.85948	2	159	1	3	1.00032921642493e-09	0.000367089282074161	0.999632912717596
chr2	95511218	117	27	18.75	1.85948	2	144	1	2	0.166986197287003	0.829358770078984	0.00365503563401354
chr2	95511854	107	22	17.05	1.85948	2	129	1	2	0.0418622803145551	0.9467856635834	0.011352059102045
chr2	95511925	136	14	9.33	1.85948	2	150	1	3	7.68002558000414e-07	0.147270754392167	0.852728480605275
chr2	95514167	46	17	26.98	1.85948	2	63	1	1	0.989763456796797	0.0102356697131858	8.76490016826632e-07
chr2	96521408	903	65	6.71	1.85948	2	969	1	3	1.30802067390407e-09	0.00634105832567643	0.993658943366303
chr2	96522086	125	16	11.35	1.85948	2	141	1	2	5.03398543075543e-05	0.556501661312405	0.443448001833287
chr2	96594840	84	24	22.22	1.85948	2	108	1	1	0.767512175445403	0.232321050496295	0.000166777058301804
chr2	96594858	87	24	21.62	1.85948	2	111	1	1	0.675751026875998	0.323936595372916	0.000312380751085442
chr2	96594874	80	24	23.08	1.85948	2	104	1	1	0.862772079260196	0.137162658493564	6.52652462407657e-05
chr2	96594878	79	23	22.55	1.85948	2	102	1	1	0.809003587439602	0.190879578257132	0.000116837303265444
chr2	96594881	79	25	24.04	1.85948	2	104	1	1	0.926775800602764	0.073201855531019	2.23468662171492e-05
chr2	96594883	78	25	24.27	1.85948	2	103	1	1	0.937202015091147	0.0627807169380491	1.72709708033517e-05
chr2	96594924	79	12	13.19	1.85948	2	91	1	2	0.0007233566027201	0.852874432694376	0.146402213702904
chr2	96610544	49	12	19.67	1.85948	2	61	1	2	0.303947226618933	0.694212343328948	0.00184043305211884
chr2	96610546	47	11	18.97	1.85948	2	58	1	2	0.194930360552832	0.801946077662505	0.00312356478466233
chr2	96610552	46	11	19.3	1.85948	2	57	1	2	0.242649431275992	0.754901733606741	0.00244883811726645
chr2	96619735	99	17	14.66	1.85948	2	116	1	2	0.00397706482258348	0.941622143386671	0.0544007947907455
chr2	97808346	94	19	16.81	1.85948	2	113	1	2	0.033701522270239	0.953042161402768	0.0132563193269934
chr2	114353008	45	12	21.05	1.85948	2	57	1	1	0.571670772977197	0.427779550527499	0.00054967949530398
chr2	130909081	117	8	6.4	1.85948	2	125	1	3	1.09967338924947e-09	0.00397185598610805	0.996028145914218
chr2	132045031	137	14	9.27	1.85948	2	151	1	3	6.62119612025885e-07	0.139297547330365	0.860701793550023
chr2	132045032	134	14	9.46	1.85948	2	148	1	3	1.05416812091614e-06	0.165651530021161	0.834347418810718
chr2	132045038	133	15	10.14	1.85948	2	148	1	3	4.9650331068994e-06	0.285757631376532	0.714237406590361
chr2	132045049	111	15	11.9	1.85948	2	126	1	2	0.000122042382065477	0.670116820946047	0.329761139671888
chr2	132045060	106	15	12.4	1.85948	2	121	1	2	0.000253853390877154	0.755539979926272	0.244206169682851
chr2	132045117	56	5	8.2	1.85948	2	61	1	3	3.80253954669343e-08	0.0450967337645196	0.954903231210085
chr2	133014724	19	3	13.64	1.85948	2	22	0	NA	NA	NA	NA
chr2	133015144	104	16	13.33	1.85948	2	120	1	2	0.000861010861712915	0.865792870220315	0.133346121917972
chr2	133015230	339	23	6.35	1.85948	2	362	1	3	1.08268170102266e-09	0.00367528404440167	0.996324717872917
chr2	133015244	283	22	7.21	1.85948	2	305	1	3	2.71523579910400e-09	0.0128866270708886	0.987113373213875
chr2	133015252	267	21	7.29	1.85948	2	288	1	3	3.23303593553112e-09	0.0143641464932145	0.98563585327375
chr2	133015285	242	18	6.92	1.85948	2	260	1	3	1.64298841073035e-09	0.00859752481418872	0.991402476542823
chr2	133015292	269	16	5.61	1.85948	2	285	1	3	1.00435000384756e-09	0.0010787922716311	0.998921209724019
chr2	133015293	276	16	5.48	1.85948	2	292	1	3	1.00249589774695e-09	0.000855624365289931	0.999144377632214
chr2	133015299	291	25	7.91	1.85948	2	316	1	3	1.67006915834496e-08	0.031884470812881	0.968115515486428
chr2	133015309	310	46	12.92	1.85948	2	356	1	2	0.000512356394525111	0.824498291160118	0.174989355445357
chr2	133015320	372	19	4.86	1.85948	2	391	1	3	1.00014632871028e-09	0.0002614993242339	0.99973850267562
chr2	133015322	367	20	5.17	1.85948	2	387	1	3	1.00062952030046e-09	0.000481345103947878	0.999518656895423
chr2	168106163	154	14	8.33	1.89133	2	168	1	3	5.48065151454989e-08	0.0523918838771544	0.94760806431633
chr2	197878426	20	13	39.39	1.89133	2	33	1	1	0.99999388075714	6.12123643190662e-06	1.00642839866115e-09
chr2	233273368	34	12	26.09	1.89133	2	46	1	1	0.981508646544274	0.0184890603696915	2.29608603489195e-06
chr20	25752826	129	22	14.57	1.5966	NA	151	1	NA	NA	NA	NA
chr20	25752845	145	25	14.71	1.5966	NA	170	1	NA	NA	NA	NA
chr20	25753564	105	22	17.32	1.5966	NA	127	1	NA	NA	NA	NA
chr20	25753571	119	24	16.78	1.5966	NA	143	1	NA	NA	NA	NA
chr20	25753941	64	15	18.99	1.5966	NA	79	1	NA	NA	NA	NA
chr20	25754060	58	6	9.38	1.5966	NA	64	1	NA	NA	NA	NA
chr20	26084111	46	6	11.54	1.5966	NA	52	1	NA	NA	NA	NA
chr20	26084113	49	6	10.91	1.5966	NA	55	1	NA	NA	NA	NA
chr20	26084228	71	5	6.58	1.5966	NA	76	1	NA	NA	NA	NA
chr20	26189376	195	8	3.94	1.5966	NA	203	1	NA	NA	NA	NA
chr20	29624093	175	13	6.91	1.5966	NA	188	1	NA	NA	NA	NA
chr20	29624102	167	24	12.57	1.5966	NA	191	1	NA	NA	NA	NA
chr20	29625854	376	20	5.05	1.5966	NA	396	1	NA	NA	NA	NA
chr20	29625856	392	21	5.08	1.5966	NA	413	1	NA	NA	NA	NA
chr20	29625867	427	22	4.9	1.5966	NA	449	1	NA	NA	NA	NA
chr20	29625885	480	18	3.61	1.5966	NA	499	1	NA	NA	NA	NA
chr20	29632583	373	24	6.05	1.5966	NA	397	1	NA	NA	NA	NA
chr20	29632673	535	55	9.32	1.5966	NA	590	1	NA	NA	NA	NA
chr20	61886955	35	3	7.89	1.5966	NA	38	1	NA	NA	NA	NA
chr20	62551281	37	7	15.91	1.5966	NA	44	1	NA	NA	NA	NA
chr21	9908317	148	21	12.43	1.95085	2	169	1	2	0.000264752103603891	0.760063497954237	0.239671752942159
chr21	9909845	39	5	11.36	1.95085	2	44	1	2	5.12001223950782e-05	0.558710856345269	0.441237946532336
chr21	9910467	118	12	9.23	1.95085	2	130	1	3	5.99317998283051e-07	0.134159461751978	0.865839941930023
chr21	9912028	17	6	26.09	1.95085	2	23	0	NA	NA	NA	NA
chr21	9912051	21	8	27.59	1.95085	2	29	0	NA	NA	NA	NA
chr21	9926594	40	7	14.89	1.95085	2	47	1	2	0.00508639333659709	0.948282738936473	0.0466308707269297
chr21	9926595	40	7	14.89	1.95085	2	47	1	2	0.00508639333659709	0.948282738936473	0.0466308707269297
chr21	11020826	166	10	5.68	1.95085	2	176	1	3	1.00583701192521e-09	0.00121952004411273	0.99878048195005
chr21	11020831	174	13	6.95	1.95085	2	187	1	3	1.71300053177301e-09	0.00897257842696058	0.991027422860039
chr21	11020872	224	17	7.05	1.95085	2	241	1	3	2.00312140709695e-09	0.0103305335076708	0.989669467489208
chr21	11021097	223	14	5.91	1.95085	2	237	1	3	1.01497659726356e-09	0.00180594577087576	0.998194056214148
chr21	11038748	71	5	6.58	1.95085	2	76	1	3	1.1931145464691e-09	0.00522580359987538	0.99477419820701
chr21	11039487	179	33	15.57	1.95085	2	212	1	2	0.0102593583622416	0.960040627084551	0.0297000175532073
chr21	11049495	96	15	13.51	1.95085	2	111	1	2	0.00107258673130884	0.880748952180851	0.11817846408784
chr21	15216236	99	21	17.5	1.95085	2	120	1	2	0.0620687879488041	0.929452714823803	0.00847850022739304
chr21	15219112	106	29	21.48	1.95085	2	135	1	1	0.651504207478585	0.348135777155999	0.000360018365415868
chr21	15219253	103	25	19.53	1.95085	2	128	1	2	0.279851461546176	0.718094553873277	0.00205398758054621
chr21	15219258	108	26	19.4	1.95085	2	134	1	2	0.258443633736821	0.739286246975563	0.00227012228761594
chr21	15219261	108	24	18.18	1.95085	2	132	1	2	0.10863157060676	0.885958261686802	0.00541017070643765
chr21	15219265	110	26	19.12	1.95085	2	136	1	2	0.21576653228516	0.781433592765046	0.00279987794979462
chr21	15219267	114	26	18.57	1.95085	2	140	1	2	0.146419158488771	0.849435225349511	0.00414561916171835
chr21	15219271	115	26	18.44	1.95085	2	141	1	2	0.132818877756381	0.862646586410737	0.00453453883288234
chr21	45993851	37	9	19.57	1.95085	2	46	1	2	0.286629385675216	0.711379618570219	0.0019909987545642
chr22	16909906	50	11	18.03	1.27748	NA	61	1	NA	NA	NA	NA
chr22	17590377	20	3	13.04	1.27748	NA	23	0	NA	NA	NA	NA
chr22	18846113	30	22	42.31	1.27748	NA	52	1	NA	NA	NA	NA
chr22	21570257	16	7	30.43	1.27748	NA	23	0	NA	NA	NA	NA
chr22	21570281	19	10	34.48	1.27748	NA	29	0	NA	NA	NA	NA
chr22	21570291	18	11	37.93	1.27748	NA	29	0	NA	NA	NA	NA
chr22	22664106	18	5	21.74	1.27748	NA	23	0	NA	NA	NA	NA
chr22	22664115	20	7	25.93	1.27748	NA	27	0	NA	NA	NA	NA
chr22	22981387	27	9	25	1.27748	NA	36	1	NA	NA	NA	NA
chr22	22985819	40	8	16.67	1.27748	NA	48	1	NA	NA	NA	NA
chr22	23652830	68	3	4.23	1.27748	NA	71	1	NA	NA	NA	NA
chr22	23660709	72	16	18.18	1.27748	NA	88	1	NA	NA	NA	NA
chr22	23660740	67	15	18.29	1.27748	NA	82	1	NA	NA	NA	NA
chr22	24401097	53	4	7.02	1.27748	NA	57	1	NA	NA	NA	NA
chr22	24659644	56	11	16.42	1.27748	NA	67	1	NA	NA	NA	NA
chr22	25017567	21	10	32.26	1.27748	NA	31	1	NA	NA	NA	NA
chr22	25017581	22	10	31.25	1.27748	NA	32	1	NA	NA	NA	NA
chr22	25017601	30	10	25	1.27748	NA	40	1	NA	NA	NA	NA
chr22	25024136	44	7	13.73	1.27748	NA	51	1	NA	NA	NA	NA
chr22	25024275	72	21	22.58	1.27748	NA	93	1	NA	NA	NA	NA
chr22	25024326	54	9	14.29	1.27748	NA	63	1	NA	NA	NA	NA
chr22	32665923	72	3	4	1.27748	NA	75	1	NA	NA	NA	NA
chr3	8730114	190	8	4.04	1.84127	2	198	1	3	1.00000190652233e-09	4.24033247846231e-05	0.999957598675213
chr3	8730161	189	32	14.48	1.84127	2	221	1	2	0.00326954514497945	0.935328824175029	0.061401633679991
chr3	8730186	182	49	21.21	1.84127	2	231	1	1	0.602201034563984	0.397328261242019	0.000470707193997348
chr3	75786251	233	28	10.73	1.91919	2	261	1	3	1.64492675646725e-05	0.414974087501383	0.585009466231053
chr3	75786628	451	57	11.22	1.91919	2	508	1	2	4.02645717710778e-05	0.527438730717448	0.472521007710781
chr3	75787299	239	38	13.72	1.91919	2	277	1	2	0.00137822899584889	0.896037102339449	0.102584671664702
chr3	75787302	237	39	14.13	1.91919	2	276	1	2	0.00221367853409216	0.920026341327051	0.0777599831388572
chr3	75787313	245	43	14.93	1.91919	2	288	1	2	0.00530624731077217	0.94929280356618	0.0454009521230479
chr3	75787918	319	49	13.32	1.91919	2	368	1	2	0.000850447438873803	0.864908529467866	0.13424102609326
chr3	75787926	298	43	12.61	1.91919	2	341	1	2	0.000339313600110044	0.785776909488079	0.213883779911811
chr3	75788040	224	23	9.31	1.91919	2	247	1	3	7.3106015036041e-07	0.144577398317184	0.855421873622666
chr3	75788085	243	25	9.33	1.91919	2	268	1	3	7.68002558000414e-07	0.147270754392167	0.852728480605275
chr3	75788105	252	36	12.5	1.91919	2	288	1	2	0.00029181222662284	0.770352832323305	0.229355358450072
chr3	75788109	252	35	12.2	1.91919	2	287	1	2	0.000190800251494593	0.72362954540821	0.276179657340296
chr3	75788114	261	33	11.22	1.91919	2	294	1	2	4.02645717710778e-05	0.527438730717448	0.472521007710781
chr3	75788158	288	42	12.73	1.91919	2	330	1	2	0.000398868774048592	0.801582182744621	0.198018951481331
chr3	75788411	276	53	16.11	1.91919	2	329	1	2	0.0174630441922208	0.961676471690074	0.0208604871177049
chr3	75790814	57	4	6.56	1.91919	2	61	1	3	1.17958783265172e-09	0.00507081689079761	0.994929184929615
chr3	101133189	112	17	13.18	1.91919	2	129	1	2	0.00071432848054541	0.85190645154732	0.147379222972135
chr3	101133195	120	20	14.29	1.91919	2	140	1	2	0.00264981232967489	0.927555777546685	0.0697944131236406
chr3	101133199	127	20	13.61	1.91919	2	147	1	2	0.0012094815337344	0.888305898729851	0.110484622736414
chr3	101133219	121	22	15.38	1.91919	2	143	1	2	0.00846413872668364	0.957870353761201	0.0336655105121152
chr3	101133220	123	22	15.17	1.91919	2	145	1	2	0.00682072845539018	0.954486671163927	0.0386926033806824
chr3	101133225	129	22	14.57	1.91919	2	151	1	2	0.00360736126062926	0.93859987228747	0.0577927694519006
chr3	101133227	131	22	14.38	1.91919	2	153	1	2	0.0029284857340044	0.931389163327992	0.0656823539380036
chr3	101133420	80	21	20.79	1.91919	2	101	1	1	0.52060145336456	0.478695807722413	0.000702741913026908
chr3	101133446	55	8	12.7	1.91919	2	63	1	2	0.000383167806840803	0.797729377509743	0.201887457683416
chr3	101133447	59	7	10.61	1.91919	2	66	1	3	1.303372774386e-05	0.387592061003457	0.612394908268799
chr3	101133453	48	6	11.11	1.91919	2	54	1	2	3.31815532396877e-05	0.502440236495514	0.497526584951247
chr3	125650337	28	8	22.22	1.91919	2	36	1	1	0.767512175445403	0.232321050496295	0.000166777058301804
chr3	195022782	13	7	35	1.91919	2	20	0	NA	NA	NA	NA
chr3	195346331	24	11	31.43	1.91919	2	35	1	1	0.999392155740169	0.000607837005917876	1.02539128592478e-08
chr3	195506227	119	9	7.03	1.91919	2	128	1	3	1.93727395122816e-09	0.0100451382200463	0.98995486284268
chr3	195506245	92	16	14.81	1.91919	2	108	1	2	0.00467170400949326	0.946133438887093	0.0491948601034138
chr3	195506425	79	9	10.23	1.91919	2	88	1	3	6.01294289138099e-06	0.304340552183735	0.695653437873374
chr3	195506582	42	8	16	1.91919	2	50	1	2	0.0156972190772911	0.961892857915717	0.0224099260069915
chr3	195506590	54	8	12.9	1.91919	2	62	1	2	0.000499184659907711	0.822204528143656	0.177296290196437
chr3	195507251	246	26	9.56	1.91919	2	272	1	3	1.33905084686668e-06	0.180824839667455	0.819173824281698
chr3	195507591	160	63	28.25	1.91919	2	223	1	1	0.995532297616947	0.0044674759408252	2.29442228153715e-07
chr3	195507605	209	25	10.68	1.91919	2	234	1	3	1.49389229320622e-05	0.403526063424004	0.596459000653064
chr3	195507614	201	24	10.67	1.91919	2	225	1	3	1.46522558734044e-05	0.401242526168128	0.598742824575999
chr3	195507771	240	17	6.61	1.91919	2	257	1	3	1.2152527996778e-09	0.0054662547017752	0.994533747082972
chr3	195508249	321	41	11.33	1.91919	2	362	1	2	4.86576064826815e-05	0.552071078480671	0.447880266912846
chr3	195509832	283	26	8.41	1.91919	2	309	1	3	6.8501155861104e-08	0.0573583223864709	0.942641612112373
chr3	195509843	241	24	9.06	1.91919	2	265	1	3	3.89782032731409e-07	0.113877645826595	0.886121967391372
chr3	195510133	126	11	8.03	1.91919	2	137	1	3	2.34831211551765e-08	0.0368777917633703	0.963122187753509
chr3	195511369	474	25	5.01	1.91919	2	499	1	3	1.00029967491601e-09	0.000352937474274029	0.999647064525426
chr3	195511412	376	42	10.05	1.91919	2	418	1	3	4.08669812269817e-06	0.267723952716085	0.732271963585792
chr3	195511431	330	35	9.59	1.91919	2	365	1	3	1.4375924802144e-06	0.185551821146123	0.814446744261397
chr3	195515017	159	23	12.64	1.91919	2	182	1	2	0.0003534074220929	0.789827184992758	0.209819410585149
chr3	195515031	181	20	9.95	1.91919	2	201	1	3	3.27946848623369e-06	0.248385340479344	0.75161138305217
chr3	195723850	208	28	11.86	1.91919	2	236	1	2	0.000114775464811611	0.662488517317552	0.337396710217636
chr3	197947246	74	8	9.76	1.91919	2	82	1	3	2.13558141893292e-06	0.213843267686854	0.786154599731727
chr3	197947247	79	8	9.2	1.91919	2	87	1	3	5.55938089012098e-07	0.130398329251806	0.869601117810105
chr3	197947376	108	7	6.09	1.91919	2	115	1	3	1.03056066162136e-09	0.00243011579280385	0.997569886176635
chr4	336827	45	16	26.23	1.71904	NA	61	1	NA	NA	NA	NA
chr4	1388324	27	6	18.18	1.82172	2	33	1	2	0.10863157060676	0.885958261686802	0.00541017070643765
chr4	23793734	42	10	19.23	1.82172	2	52	1	2	0.231955042078458	0.765464228155652	0.00258073276589
chr4	49165647	64	14	17.95	1.95166	2	78	1	2	0.0903648147777831	0.903326650146749	0.0063085380754684
chr4	49214878	192	17	8.13	1.95166	2	209	1	3	3.11922426949807e-08	0.0415402326925026	0.958459739115255
chr4	49241300	99	17	14.66	1.95166	2	116	1	2	0.00397706482258348	0.941622143386671	0.0544007947907455
chr4	49241302	100	17	14.53	1.95166	2	117	1	2	0.0034534407703531	0.937177418633401	0.0593691435962463
chr4	49241312	99	16	13.91	1.95166	2	115	1	2	0.00172087540225544	0.908051231090045	0.0902278965076997
chr4	49241455	57	12	17.39	1.95166	2	69	1	2	0.0564619541451384	0.934430429113801	0.00910761974106025
chr4	49502658	112	6	5.08	1.95166	2	118	1	3	1.00041579679967e-09	0.000404731355692952	0.999595270643891
chr4	49502683	113	10	8.13	1.95166	2	123	1	3	3.11922426949807e-08	0.0415402326925026	0.958459739115255
chr4	103826651	33	9	21.43	1.97014	2	42	1	1	0.642613957539122	0.357007485244842	0.000378560216035294
chr4	120327941	145	8	5.23	1.97014	2	153	1	3	1.00082685876885e-09	0.000539434092013512	0.99946056790716
chr4	190805411	131	14	9.66	1.97014	2	145	1	3	1.69434772134907e-06	0.196893287005723	0.803105021646556
chr4	190805633	148	9	5.73	1.97014	2	157	1	3	1.00718597463775e-09	0.00132993579368311	0.998670066199131
chr4	190805641	179	11	5.79	1.97014	2	190	1	3	1.00920128717358e-09	0.00147426326576523	0.998525738725034
chr4	190805644	191	10	4.98	1.97014	2	201	1	3	1.00026008138009e-09	0.000332629755291861	0.999667372244448
chr4	190878508	145	21	12.65	1.97014	2	166	1	2	0.000358219779667708	0.791162531047749	0.208479252172583
chr5	34193722	113	18	13.74	1.65405	NA	131	1	NA	NA	NA	NA
chr5	65372053	30	3	9.09	1.65405	NA	33	1	NA	NA	NA	NA
chr5	98859041	169	23	11.98	1.38147	NA	192	1	NA	NA	NA	NA
chr5	140516312	82	3	3.53	1.38147	NA	85	1	NA	NA	NA	NA
chr5	140590052	85	3	3.41	1.38147	NA	88	1	NA	NA	NA	NA
chr5	177482830	84	10	10.64	1.38147	NA	94	1	NA	NA	NA	NA
chr5	177482832	83	11	11.7	1.38147	NA	94	1	NA	NA	NA	NA
chr5	177482834	81	11	11.96	1.38147	NA	92	1	NA	NA	NA	NA
chr5	177482842	80	12	13.04	1.38147	NA	92	1	NA	NA	NA	NA
chr5	177482847	86	12	12.24	1.38147	NA	98	1	NA	NA	NA	NA
chr5	177483029	92	15	14.02	1.38147	NA	107	1	NA	NA	NA	NA
chr5	177483035	88	16	15.38	1.38147	NA	104	1	NA	NA	NA	NA
chr5	177483055	77	14	15.38	1.38147	NA	91	1	NA	NA	NA	NA
chr5	179146670	19	3	13.64	1.38147	NA	22	0	NA	NA	NA	NA
chr6	31852318	17	3	15	1.79614	2	20	0	NA	NA	NA	NA
chr6	32497884	48	18	27.27	1.79614	2	66	1	1	0.991542715812122	0.00845664413024841	6.43057629173526e-07
chr6	32497890	61	17	21.79	1.79614	2	78	1	1	0.703822937314904	0.29591478632388	0.000262279361215824
chr6	32497891	59	17	22.37	1.79614	2	76	1	1	0.787166045640592	0.21269197859616	0.000141978763247512
chr6	32546567	37	4	9.76	1.79614	2	41	1	3	2.13558141893292e-06	0.213843267686854	0.786154599731727
chr6	32546577	37	5	11.9	1.79614	2	42	1	2	0.000122042382065477	0.670116820946047	0.329761139671888
chr6	32549525	54	20	27.03	1.79614	2	74	1	1	0.990095605538806	0.00990356666723729	8.30793956937143e-07
chr6	32549531	55	20	26.67	1.79614	2	75	1	1	0.987433157616787	0.0125656221515124	1.22323170069366e-06
chr6	32609855	14	10	41.67	1.79614	2	24	0	NA	NA	NA	NA
chr6	32714164	25	8	24.24	1.79614	2	33	1	1	0.935928621241406	0.0640535206272371	1.78611313573091e-05
chr6	32714168	25	8	24.24	1.79614	2	33	1	1	0.935928621241406	0.0640535206272371	1.78611313573091e-05
chr6	33368390	31	4	11.43	1.79614	2	35	1	2	5.75951125064151e-05	0.574054385833481	0.425888022054013
chr6	54074940	118	11	8.53	1.50598	NA	129	1	NA	NA	NA	NA
chr6	54074945	92	11	10.68	1.50598	NA	103	1	NA	NA	NA	NA
chr6	151367206	104	24	18.75	1.50598	NA	128	1	NA	NA	NA	NA
chr6	170627767	170	20	10.53	1.50598	NA	190	1	NA	NA	NA	NA
chr6	170627769	163	20	10.93	1.50598	NA	183	1	NA	NA	NA	NA
chr7	39834026	155	10	6.06	1.79477	2	165	1	3	1.02717394334862e-09	0.00231422277968596	0.99768577919314
chr7	56564160	37	14	27.45	1.79477	2	51	1	1	0.992484358867896	0.00751511296761301	5.31164491542351e-07
chr7	56564161	37	13	26	1.79477	2	50	1	1	0.980361396097571	0.019636073412537	2.53348989192155e-06
chr7	56564163	35	14	28.57	1.79477	2	49	1	1	0.996363830416463	0.00363600777841884	1.64805117762041e-07
chr7	56564168	33	15	31.25	1.79477	2	48	1	1	0.999321496810484	0.000678494155610214	1.20339054076078e-08
chr7	56564171	31	14	31.11	1.79477	2	45	1	1	0.99926073930728	0.000739250035399848	1.36573202487782e-08
chr7	56564422	17	5	22.73	1.79477	2	22	0	NA	NA	NA	NA
chr7	56564423	17	5	22.73	1.79477	2	22	0	NA	NA	NA	NA
chr7	56564424	16	4	20	1.79477	2	20	0	NA	NA	NA	NA
chr7	56564447	20	3	13.04	1.79477	2	23	0	NA	NA	NA	NA
chr7	56564455	18	3	14.29	1.79477	2	21	0	NA	NA	NA	NA
chr7	56564456	17	3	15	1.79477	2	20	0	NA	NA	NA	NA
chr7	56564532	38	4	9.52	1.79477	2	42	1	3	1.21742821196991e-06	0.174647651362829	0.825351134208959
chr7	56564578	22	6	21.43	1.79477	2	28	0	NA	NA	NA	NA
chr7	56564594	20	4	16.67	1.79477	2	24	0	NA	NA	NA	NA
chr7	56564595	20	3	13.04	1.79477	2	23	0	NA	NA	NA	NA
chr7	56564605	18	4	18.18	1.79477	2	22	0	NA	NA	NA	NA
chr7	56878419	89	3	3.26	1.79477	2	92	1	3	1.00000001276413e-09	5.16959195344154e-06	0.999994832408047
chr7	56899446	30	14	31.82	1.79477	2	44	1	1	0.99952049009706	0.000479505568665114	7.33427443650942e-09
chr7	57888123	60	20	25	1.79477	2	80	1	1	0.961549348516669	0.0384430125448537	7.64193847687174e-06
chr7	57888126	54	21	28	1.79477	2	75	1	1	0.99474801250095	0.00525169278292861	2.97716121477817e-07
chr7	63205713	51	7	12.07	1.79477	2	58	1	2	0.000157661145315788	0.701258832998922	0.298583508855762
chr7	63219086	90	8	8.16	1.79477	2	98	1	3	3.39587999872242e-08	0.0430339238773268	0.956966045163873
chr7	63222365	30	6	16.67	1.79477	2	36	1	2	0.029635868771301	0.955852827614006	0.0145113066146933
chr7	63232132	56	4	6.67	1.79477	2	60	1	3	1.26705380952463e-09	0.00597712461025007	0.994022877122696
chr7	63232147	56	4	6.67	1.79477	2	60	1	3	1.26705380952463e-09	0.00597712461025007	0.994022877122696
chr7	63232149	55	4	6.78	1.79477	2	59	1	3	1.39462920196903e-09	0.00702595237108422	0.992974049234287
chr7	63232152	55	4	6.78	1.79477	2	59	1	3	1.39462920196903e-09	0.00702595237108422	0.992974049234287
chr7	63232156	59	4	6.35	1.79477	2	63	1	3	1.08268170102266e-09	0.00367528404440167	0.996324717872917
chr7	65306558	106	25	19.08	1.79477	2	131	1	2	0.210069506950733	0.787047182680579	0.00288331336868816
chr7	65306563	104	24	18.75	1.79477	2	128	1	2	0.166986197287003	0.829358770078984	0.00365503563401354
chr7	76631515	23	9	28.12	1.79477	2	32	1	1	0.995140753673738	0.00485898665772715	2.62668534837164e-07
chr7	100613138	18	4	18.18	1.79477	2	22	0	NA	NA	NA	NA
chr7	100680408	82	6	6.82	1.79477	2	88	1	3	1.45414714167952e-09	0.00744637407659741	0.992553627469256
chr7	100680463	96	11	10.28	1.79477	2	107	1	3	6.67870874548388e-06	0.314883140519957	0.685110183771298
chr7	100807347	19	2	9.52	1.79477	2	21	0	NA	NA	NA	NA
chr7	102246394	38	8	17.39	1.79477	2	46	1	2	0.0564619541451384	0.934430429113801	0.00910761974106025
chr7	102782219	125	8	6.02	1.79477	2	133	1	3	1.02321459582094e-09	0.00216743562282681	0.997832566353958
chr7	102782220	123	8	6.11	1.79477	2	131	1	3	1.03303967128906e-09	0.00251025048201797	0.997489751484942
chr7	102782225	126	10	7.35	1.79477	2	136	1	3	3.71647138130091e-09	0.0155689960027237	0.984431003280805
chr7	102782232	103	16	13.45	1.79477	2	119	1	2	0.000997348754559286	0.875962001595197	0.123040652650243
chr7	102782263	94	15	13.76	1.79477	2	109	1	2	0.00144471300487667	0.898703749756232	0.0998515402388913
chr7	128292496	161	12	6.94	1.79477	2	173	1	3	1.68888813496026e-09	0.00884596856231345	0.991154032748798
chr7	142457301	47	15	24.19	1.79477	2	62	1	1	0.933750271631966	0.066230841346967	1.88900210668892e-05
chr7	142457304	49	16	24.62	1.79477	2	65	1	1	0.950345640258571	0.0496426879208835	1.16748205456841e-05
chr7	142457313	52	15	22.39	1.79477	2	67	1	1	0.789686051925413	0.210175001539084	0.00013894953550337
chr7	142457473	31	9	22.5	1.79477	2	40	1	1	0.803126841887644	0.196749802724653	0.000123358387703081
chr7	142457482	30	9	23.08	1.79477	2	39	1	1	0.862772079260196	0.137162658493564	6.52652462407657e-05
chr7	142457483	30	9	23.08	1.79477	2	39	1	1	0.862772079260196	0.137162658493564	6.52652462407657e-05
chr7	151932965	67	16	19.28	1.79477	2	83	1	2	0.239563133756448	0.757950930009678	0.00248593923387369
chr7	151933015	60	7	10.45	1.79477	2	67	1	3	9.47486190150408e-06	0.35174660538052	0.648243922757578
chr7	151944981	126	22	14.86	1.79477	2	148	1	2	0.00492705796703424	0.947497115935513	0.0475758290974523
chr8	7878293	58	7	10.77	1.35435	NA	65	1	NA	NA	NA	NA
chr8	12036280	30	11	26.83	1.35435	NA	41	1	NA	NA	NA	NA
chr8	12036312	22	8	26.67	1.35435	NA	30	1	NA	NA	NA	NA
chr8	24151706	20	2	9.09	1.35435	NA	22	0	NA	NA	NA	NA
chr8	27311704	17	3	15	1.35435	NA	20	0	NA	NA	NA	NA
chr8	52731384	111	12	9.76	2.48647	NA	123	1	NA	NA	NA	NA
chr8	52731386	113	11	8.87	2.48647	NA	124	1	NA	NA	NA	NA
chr8	52732148	102	8	7.27	2.48647	NA	110	1	NA	NA	NA	NA
chr8	52733148	111	21	15.91	2.48647	NA	132	1	NA	NA	NA	NA
chr8	86568083	1547	105	6.36	1.36803	NA	1651	1	NA	NA	NA	NA
chr8	86571997	364	19	4.96	1.36803	NA	383	1	NA	NA	NA	NA
chr8	86571998	374	18	4.59	1.36803	NA	392	1	NA	NA	NA	NA
chr8	86572002	381	30	7.3	1.36803	NA	411	1	NA	NA	NA	NA
chr8	86573108	43	5	10.42	1.36803	NA	48	1	NA	NA	NA	NA
chr9	117482	75	3	3.85	1.36386	NA	78	1	NA	NA	NA	NA
chr9	33795622	52	11	17.46	1.36386	NA	63	1	NA	NA	NA	NA
chr9	33795624	40	11	21.57	1.36386	NA	51	1	NA	NA	NA	NA
chr9	33795703	33	12	26.67	1.36386	NA	45	1	NA	NA	NA	NA
chr9	33795707	31	12	27.91	1.36386	NA	43	1	NA	NA	NA	NA
chr9	33795739	17	6	26.09	1.36386	NA	23	0	NA	NA	NA	NA
chr9	38541476	99	12	10.81	1.36386	NA	111	1	NA	NA	NA	NA
chr9	38541490	99	16	13.91	1.36386	NA	115	1	NA	NA	NA	NA
chr9	38541494	98	15	13.27	1.36386	NA	113	1	NA	NA	NA	NA
chr9	38541499	97	16	14.16	1.36386	NA	113	1	NA	NA	NA	NA
chr9	38541604	51	16	23.88	1.36386	NA	67	1	NA	NA	NA	NA
chr9	38541610	48	18	27.27	1.36386	NA	66	1	NA	NA	NA	NA
chr9	38541627	41	17	29.31	1.36386	NA	58	1	NA	NA	NA	NA
chr9	38541636	31	16	34.04	1.36386	NA	47	1	NA	NA	NA	NA
chr9	38543407	104	5	4.59	1.36386	NA	109	1	NA	NA	NA	NA
chr9	38543412	100	5	4.76	1.36386	NA	105	1	NA	NA	NA	NA
chr9	38543424	99	6	5.71	1.36386	NA	105	1	NA	NA	NA	NA
chr9	38543436	96	6	5.88	1.36386	NA	102	1	NA	NA	NA	NA
chr9	38543442	99	6	5.71	1.36386	NA	105	1	NA	NA	NA	NA
chr9	38543455	95	6	5.94	1.36386	NA	101	1	NA	NA	NA	NA
chr9	44091519	68	12	15	1.36386	NA	80	1	NA	NA	NA	NA
chr9	44401906	53	2	3.64	1.36386	NA	55	1	NA	NA	NA	NA
chr9	45424492	81	14	14.74	1.36386	NA	95	1	NA	NA	NA	NA
chr9	45424494	84	11	11.58	1.36386	NA	95	1	NA	NA	NA	NA
chr9	45424513	66	15	18.52	1.36386	NA	81	1	NA	NA	NA	NA
chr9	66499550	38	4	9.52	1.36386	NA	42	1	NA	NA	NA	NA
chr9	66499571	56	4	6.67	1.36386	NA	60	1	NA	NA	NA	NA
chr9	66499680	96	16	14.29	1.36386	NA	112	1	NA	NA	NA	NA
chr9	66500737	58	18	23.68	1.36386	NA	76	1	NA	NA	NA	NA
chr9	66500754	87	9	9.38	1.36386	NA	96	1	NA	NA	NA	NA
chr9	66513727	118	24	16.9	1.36386	NA	142	1	NA	NA	NA	NA
chr9	66513728	123	23	15.75	1.36386	NA	146	1	NA	NA	NA	NA
chr9	67273407	20	9	31.03	1.36386	NA	29	0	NA	NA	NA	NA
chr9	67281745	33	27	45	1.36386	NA	60	1	NA	NA	NA	NA
chr9	67293352	54	14	20.59	1.36386	NA	68	1	NA	NA	NA	NA
chr9	67293518	98	22	18.33	1.36386	NA	120	1	NA	NA	NA	NA
chr9	67938899	21	5	19.23	1.36386	NA	26	0	NA	NA	NA	NA
chr9	68427835	456	22	4.6	1.36386	NA	478	1	NA	NA	NA	NA
chr9	68427847	465	23	4.71	1.36386	NA	488	1	NA	NA	NA	NA
chr9	68427867	437	26	5.62	1.36386	NA	463	1	NA	NA	NA	NA
chr9	68427898	309	27	8.04	1.36386	NA	336	1	NA	NA	NA	NA
chr9	68430233	832	40	4.59	1.36386	NA	871	1	NA	NA	NA	NA
chr9	68430319	572	22	3.7	2	2	595	1	3	1.00000024409029e-09	1.78838973070736e-05	0.999982118102693
chr9	68430370	361	34	8.61	2	2	395	1	3	1.1870534344439e-07	0.0715187158410558	0.928481168453601
chr9	69082027	53	8	13.11	1.32189	NA	61	1	NA	NA	NA	NA
chr9	69082975	32	6	15.79	1.32189	NA	38	1	NA	NA	NA	NA
chr9	69083162	104	13	11.11	1.32189	NA	117	1	NA	NA	NA	NA
chr9	69390986	158	28	15.05	1.32189	NA	186	1	NA	NA	NA	NA
chr9	69390991	156	28	15.22	1.32189	NA	184	1	NA	NA	NA	NA
chr9	69391206	122	27	18.12	1.32189	NA	149	1	NA	NA	NA	NA
chr9	69391207	138	14	9.21	1.32189	NA	152	1	NA	NA	NA	NA
chr9	69402108	74	8	9.76	1.32189	NA	82	1	NA	NA	NA	NA
chr9	69409813	50	15	23.08	1.32189	NA	65	1	NA	NA	NA	NA
chr9	69421558	15	13	46.43	1.32189	NA	28	0	NA	NA	NA	NA
chr9	69423664	87	17	16.35	1.32189	NA	104	1	NA	NA	NA	NA
chr9	69423670	69	17	19.77	1.32189	NA	86	1	NA	NA	NA	NA
chr9	69424538	198	9	4.35	1.32189	NA	207	1	NA	NA	NA	NA
chr9	69424539	195	8	3.94	1.32189	NA	203	1	NA	NA	NA	NA
chr9	69424542	189	9	4.55	1.32189	NA	198	1	NA	NA	NA	NA
chr9	117000066	18	2	10	1.32189	NA	20	0	NA	NA	NA	NA
chr9	130569837	22	2	8.33	1.32189	NA	24	0	NA	NA	NA	NA
chrX	57420226	140	42	23.08	1.35905	NA	182	1	NA	NA	NA	NA
chrX	91715617	92	3	3.16	1.35905	NA	95	1	NA	NA	NA	NA
chrX	118603864	23	10	30.3	1.35905	NA	33	1	NA	NA	NA	NA
chrX	118603869	24	9	27.27	1.35905	NA	33	1	NA	NA	NA	NA
chrX	118603872	25	9	26.47	1.35905	NA	34	1	NA	NA	NA	NA
chrX	118603873	24	8	25	1.35905	NA	32	1	NA	NA	NA	NA
chrX	118603881	26	6	18.75	1.35905	NA	32	1	NA	NA	NA	NA
chrX	118603941	20	7	25.93	1.35905	NA	27	0	NA	NA	NA	NA
chrX	118603984	24	9	27.27	1.35905	NA	33	1	NA	NA	NA	NA
chrX	118604004	23	6	20.69	1.35905	NA	29	0	NA	NA	NA	NA
chrX	118604006	24	6	20	1.35905	NA	30	1	NA	NA	NA	NA
chrX	118604007	24	6	20	1.35905	NA	30	1	NA	NA	NA	NA
chrX	152227361	52	3	5.45	1.33895	NA	55	1	NA	NA	NA	NA
chrX	153008360	21	6	22.22	1.33895	NA	27	0	NA	NA	NA	NA
chrX	153008363	20	7	25.93	1.33895	NA	27	0	NA	NA	NA	NA
