chr	st	BC05T.ref	BC05T.var	BC05T.vaf	BC05T.cn	BC05T.cleancn	BC05T.depth	adequateDepth	cluster	cluster.prob.1	cluster.prob.2	cluster.prob.3	cluster.prob.4
chr1	136885	183	7	3.68	1.53464	NA	190	1	NA	NA	NA	NA	NA
chr1	136908	129	5	3.73	1.53464	NA	134	1	NA	NA	NA	NA	NA
chr1	789099	20	13	39.39	1.53464	NA	33	1	NA	NA	NA	NA	NA
chr1	1354479	19	2	9.52	1.53464	NA	21	0	NA	NA	NA	NA	NA
chr1	1576586	29	4	12.12	1.53464	NA	33	1	NA	NA	NA	NA	NA
chr1	6635059	21	2	8.7	1.53464	NA	23	0	NA	NA	NA	NA	NA
chr1	6641306	30	2	6.25	1.53464	NA	32	1	NA	NA	NA	NA	NA
chr1	12025641	28	2	6.67	1.53464	NA	30	1	NA	NA	NA	NA	NA
chr1	12854162	135	20	12.9	1.53464	NA	155	1	NA	NA	NA	NA	NA
chr1	12855843	56	8	12.5	1.53464	NA	64	1	NA	NA	NA	NA	NA
chr1	12855876	63	16	20.25	1.53464	NA	79	1	NA	NA	NA	NA	NA
chr1	12891069	28	16	36.36	1.53464	NA	44	1	NA	NA	NA	NA	NA
chr1	12891159	68	10	12.82	1.53464	NA	78	1	NA	NA	NA	NA	NA
chr1	12891160	67	10	12.99	1.53464	NA	77	1	NA	NA	NA	NA	NA
chr1	12891161	58	16	21.62	1.53464	NA	74	1	NA	NA	NA	NA	NA
chr1	12908236	35	12	25.53	1.53464	NA	47	1	NA	NA	NA	NA	NA
chr1	12908243	37	12	24.49	1.53464	NA	49	1	NA	NA	NA	NA	NA
chr1	12919626	111	13	10.48	1.53464	NA	124	1	NA	NA	NA	NA	NA
chr1	12919634	110	11	9.09	1.53464	NA	121	1	NA	NA	NA	NA	NA
chr1	12919681	103	22	17.6	1.53464	NA	125	1	NA	NA	NA	NA	NA
chr1	12919683	103	22	17.6	1.53464	NA	125	1	NA	NA	NA	NA	NA
chr1	12919701	96	18	15.79	1.53464	NA	114	1	NA	NA	NA	NA	NA
chr1	12957959	77	12	13.48	1.53464	NA	89	1	NA	NA	NA	NA	NA
chr1	12957971	100	12	10.71	1.53464	NA	112	1	NA	NA	NA	NA	NA
chr1	13183138	172	7	3.91	1.53464	NA	179	1	NA	NA	NA	NA	NA
chr1	16058971	19	2	9.52	1.53464	NA	21	0	NA	NA	NA	NA	NA
chr1	16862821	49	20	28.99	1.53464	NA	69	1	NA	NA	NA	NA	NA
chr1	16862858	43	11	20.37	1.53464	NA	54	1	NA	NA	NA	NA	NA
chr1	16862875	40	12	23.08	1.53464	NA	52	1	NA	NA	NA	NA	NA
chr1	16862876	41	13	24.07	1.53464	NA	54	1	NA	NA	NA	NA	NA
chr1	16862890	37	20	35.09	1.53464	NA	57	1	NA	NA	NA	NA	NA
chr1	16862892	37	20	35.09	1.53464	NA	57	1	NA	NA	NA	NA	NA
chr1	16891340	377	36	8.72	1.53464	NA	413	1	NA	NA	NA	NA	NA
chr1	16894523	421	26	5.82	1.53464	NA	447	1	NA	NA	NA	NA	NA
chr1	16902943	145	32	18.08	1.53464	NA	177	1	NA	NA	NA	NA	NA
chr1	16972134	85	13	13.27	1.53464	NA	98	1	NA	NA	NA	NA	NA
chr1	16972190	77	8	9.41	1.53464	NA	85	1	NA	NA	NA	NA	NA
chr1	16976345	49	10	16.95	1.53464	NA	59	1	NA	NA	NA	NA	NA
chr1	17077221	124	26	17.33	1.53464	NA	150	1	NA	NA	NA	NA	NA
chr1	17081886	190	41	17.75	1.53464	NA	231	1	NA	NA	NA	NA	NA
chr1	17084264	412	24	5.5	1.53464	NA	436	1	NA	NA	NA	NA	NA
chr1	17200227	37	5	11.9	1.53464	NA	42	1	NA	NA	NA	NA	NA
chr1	26657994	27	2	6.9	1.53464	NA	29	0	NA	NA	NA	NA	NA
chr1	40777322	39	3	7.14	1.53464	NA	42	1	NA	NA	NA	NA	NA
chr1	44057649	19	3	13.64	1.53464	NA	22	0	NA	NA	NA	NA	NA
chr1	59247951	40	5	11.11	1.53464	NA	45	1	NA	NA	NA	NA	NA
chr1	68627004	53	48	47.52	1.53464	NA	101	1	NA	NA	NA	NA	NA
chr1	68627147	264	10	3.65	1.53464	NA	274	1	NA	NA	NA	NA	NA
chr1	68627513	44	21	32.31	6.86281	NA	65	1	NA	NA	NA	NA	NA
chr1	68627533	76	14	15.56	6.86281	NA	90	1	NA	NA	NA	NA	NA
chr1	68627700	160	17	9.6	1.73905	NA	177	1	NA	NA	NA	NA	NA
chr1	68627754	138	30	17.86	1.73905	NA	168	1	NA	NA	NA	NA	NA
chr1	68627758	141	27	16.07	1.73905	NA	168	1	NA	NA	NA	NA	NA
chr1	68627769	127	25	16.45	1.73905	NA	152	1	NA	NA	NA	NA	NA
chr1	68627882	83	25	23.15	1.73905	NA	108	1	NA	NA	NA	NA	NA
chr1	68627883	81	25	23.58	1.73905	NA	106	1	NA	NA	NA	NA	NA
chr1	68627887	82	24	22.64	1.73905	NA	106	1	NA	NA	NA	NA	NA
chr1	68627889	82	24	22.64	1.73905	NA	106	1	NA	NA	NA	NA	NA
chr1	68627892	95	11	10.38	1.73905	NA	106	1	NA	NA	NA	NA	NA
chr1	68627894	89	16	15.24	1.73905	NA	105	1	NA	NA	NA	NA	NA
chr1	68628147	41	19	31.67	1.73905	NA	60	1	NA	NA	NA	NA	NA
chr1	68628154	40	16	28.57	1.73905	NA	56	1	NA	NA	NA	NA	NA
chr1	68628546	34	5	12.82	1.73905	NA	39	1	NA	NA	NA	NA	NA
chr1	103380393	24	3	11.11	1.73905	NA	27	0	NA	NA	NA	NA	NA
chr1	119619045	30	3	9.09	1.73905	NA	33	1	NA	NA	NA	NA	NA
chr1	142619350	118	20	14.49	1.73905	NA	138	1	NA	NA	NA	NA	NA
chr1	142621003	159	18	10.17	1.73905	NA	177	1	NA	NA	NA	NA	NA
chr1	142660172	53	9	14.52	1.73905	NA	62	1	NA	NA	NA	NA	NA
chr1	142670450	86	51	37.23	1.73905	NA	137	1	NA	NA	NA	NA	NA
chr1	142723534	218	34	13.49	1.73905	NA	252	1	NA	NA	NA	NA	NA
chr1	142803281	94	7	6.93	1.73905	NA	101	1	NA	NA	NA	NA	NA
chr1	142805940	155	9	5.49	1.73905	NA	164	1	NA	NA	NA	NA	NA
chr1	142805942	159	9	5.36	1.73905	NA	168	1	NA	NA	NA	NA	NA
chr1	142806030	380	38	9.09	1.73905	NA	418	1	NA	NA	NA	NA	NA
chr1	142806552	319	13	3.92	1.73905	NA	332	1	NA	NA	NA	NA	NA
chr1	142806903	189	9	4.55	1.73905	NA	198	1	NA	NA	NA	NA	NA
chr1	142807198	27	3	10	1.73905	NA	30	1	NA	NA	NA	NA	NA
chr1	142808237	278	33	10.61	1.73905	NA	311	1	NA	NA	NA	NA	NA
chr1	142811760	595	45	7.03	1.73905	NA	640	1	NA	NA	NA	NA	NA
chr1	142815204	179	23	11.39	1.73905	NA	202	1	NA	NA	NA	NA	NA
chr1	142815656	292	37	11.25	1.73905	NA	329	1	NA	NA	NA	NA	NA
chr1	142815884	831	69	7.67	1.73905	NA	900	1	NA	NA	NA	NA	NA
chr1	142816262	587	38	6.08	1.73905	NA	625	1	NA	NA	NA	NA	NA
chr1	142816297	728	42	5.45	1.73905	NA	771	1	NA	NA	NA	NA	NA
chr1	142816330	821	43	4.98	1.73905	NA	863	1	NA	NA	NA	NA	NA
chr1	142816346	841	40	4.54	1.73905	NA	881	1	NA	NA	NA	NA	NA
chr1	142816373	773	40	4.92	1.73905	NA	813	1	NA	NA	NA	NA	NA
chr1	142816385	719	30	4.01	1.73905	NA	748	1	NA	NA	NA	NA	NA
chr1	142817537	83	6	6.74	1.73905	NA	89	1	NA	NA	NA	NA	NA
chr1	142820343	175	31	15.05	1.73905	NA	206	1	NA	NA	NA	NA	NA
chr1	142820393	150	29	16.2	1.73905	NA	179	1	NA	NA	NA	NA	NA
chr1	142822389	163	28	14.66	1.73905	NA	191	1	NA	NA	NA	NA	NA
chr1	142822395	180	15	7.69	1.73905	NA	195	1	NA	NA	NA	NA	NA
chr1	142824559	261	23	8.1	1.73905	NA	284	1	NA	NA	NA	NA	NA
chr1	142825018	635	55	7.97	1.73905	NA	690	1	NA	NA	NA	NA	NA
chr1	142826589	64	76	54.29	1.73905	NA	140	1	NA	NA	NA	NA	NA
chr1	142826701	318	25	7.29	1.73905	NA	343	1	NA	NA	NA	NA	NA
chr1	142826750	443	46	9.41	1.73905	NA	489	1	NA	NA	NA	NA	NA
chr1	143166751	73	14	16.09	1.73905	NA	87	1	NA	NA	NA	NA	NA
chr1	143209665	528	79	13.01	1.73905	NA	607	1	NA	NA	NA	NA	NA
chr1	143209669	542	77	12.44	1.73905	NA	619	1	NA	NA	NA	NA	NA
chr1	143209689	566	88	13.46	1.73905	NA	654	1	NA	NA	NA	NA	NA
chr1	143209711	527	71	11.87	1.73905	NA	598	1	NA	NA	NA	NA	NA
chr1	143209759	505	46	8.35	1.73905	NA	551	1	NA	NA	NA	NA	NA
chr1	143209765	499	40	7.42	1.73905	NA	539	1	NA	NA	NA	NA	NA
chr1	143209767	482	65	11.88	1.73905	NA	547	1	NA	NA	NA	NA	NA
chr1	143217610	139	17	10.9	1.73905	NA	156	1	NA	NA	NA	NA	NA
chr1	143217649	124	9	6.77	1.73905	NA	133	1	NA	NA	NA	NA	NA
chr1	143219950	327	14	4.11	1.73905	NA	341	1	NA	NA	NA	NA	NA
chr1	143228757	90	8	8.16	1.73905	NA	98	1	NA	NA	NA	NA	NA
chr1	143230376	341	20	5.54	1.73905	NA	361	1	NA	NA	NA	NA	NA
chr1	143380625	71	8	10.13	1.73905	NA	79	1	NA	NA	NA	NA	NA
chr1	143767628	304	46	13.14	1.73905	NA	350	1	NA	NA	NA	NA	NA
chr1	143767643	240	103	30.03	1.73905	NA	343	1	NA	NA	NA	NA	NA
chr1	143767878	25	11	30.56	1.73905	NA	36	1	NA	NA	NA	NA	NA
chr1	144618403	20	7	25.93	1.73905	NA	27	0	NA	NA	NA	NA	NA
chr1	144828946	370	72	16.29	1.73905	NA	442	1	NA	NA	NA	NA	NA
chr1	145293566	201	61	23.28	1.73905	NA	262	1	NA	NA	NA	NA	NA
chr1	145301853	28	16	36.36	1.73905	NA	44	1	NA	NA	NA	NA	NA
chr1	148004567	307	38	11.01	2.13924	2	345	1	3	1.47820589204033e-08	0.000520179683465758	0.516309220008522	0.483170589525953
chr1	148004568	308	39	11.24	2.13924	2	347	1	3	2.09802575052115e-08	0.000727695523434144	0.574399208963176	0.424873078533132
chr1	148004584	291	29	9.06	2.13924	2	320	1	4	1.29817484053771e-09	1.33015520112063e-05	0.109194329530585	0.890792371619229
chr1	148010026	158	26	14.13	2.13924	2	184	1	3	8.70856214856271e-07	0.0161825799444108	0.936719268746097	0.0470972844532771
chr1	148023340	43	7	14	2.11844	2	50	1	3	7.49289929130311e-07	0.0144608651895807	0.933066296771616	0.0524720927488741
chr1	148556107	13	8	38.1	2.11844	2	21	0	NA	NA	NA	NA	NA
chr1	148756499	19	22	53.66	2.11844	2	41	1	1	0.999999999633065	2.36693505170261e-09	1.00000001236584e-09	1e-09
chr1	148853835	162	23	12.43	2.11844	2	185	1	3	1.10741960564734e-07	0.00317697006173769	0.809508269942731	0.18731465325357
chr1	148902117	38	12	24	2.11844	2	50	1	2	0.00402178752222928	0.937699367807111	0.0582764223454157	2.42632524336445e-06
chr1	149307550	34	4	10.53	2.11844	2	38	1	4	7.01331257211298e-09	0.000242075287649338	0.39238104093448	0.607376880764558
chr1	152129100	46	17	26.98	2.11844	2	63	1	2	0.024457155959512	0.964975706483017	0.0105670691451	7.24123708371053e-08
chr1	152129101	44	17	27.87	2.11844	2	61	1	2	0.0424359793383335	0.951256708663853	0.00630728982170622	2.6176106868268e-08
chr1	152276583	110	37	25.17	2.11844	2	147	1	2	0.00810939144294179	0.961992781277829	0.0298972275512576	6.03727971863734e-07
chr1	152276598	106	31	22.63	2.11844	2	137	1	2	0.00176203820028557	0.873332914426935	0.124892640694741	1.2410678039141e-05
chr1	152280265	100	27	21.26	2.11844	2	127	1	2	0.000738861831066748	0.746690792796704	0.252508810134977	6.15392372522583e-05
chr1	152284597	373	15	3.87	2.11844	2	388	1	4	1.00000005953386e-09	1.00048580132326e-09	2.04463323616383e-05	0.999979555667152
chr1	155030746	21	2	8.7	2.11844	2	23	0	NA	NA	NA	NA	NA
chr1	161163038	36	2	5.26	2.11844	2	38	1	4	1.00000946172523e-09	1.2000082069608e-09	0.000424491851500459	0.999575509948482
chr1	161520514	25	7	21.88	2.11844	2	32	1	2	0.0011050229058289	0.813248118442264	0.185616829830956	3.00328209507847e-05
chr1	161577204	68	6	8.11	2.11844	2	74	1	4	1.03120975692461e-09	1.35928387374898e-06	0.0358297443882352	0.964168899296681
chr1	201179173	191	13	6.37	2.11844	2	204	1	4	1.0002910225068e-09	1.04220591514487e-08	0.00295961741686817	0.997040375160782
chr1	205892232	45	3	6.25	2.11844	2	48	1	4	1.00020489448422e-09	7.40225332459905e-09	0.00243594061929446	0.997564054978247
chr1	206646538	32	2	5.88	2.11844	2	34	1	4	1.00006754697062e-09	2.86349122093686e-09	0.00130763665593663	0.998692363480505
chr1	224135870	50	12	19.35	2.11844	2	62	1	3	0.000180468584049704	0.457299745426508	0.542032832321545	0.000486957667897235
chr1	228554119	49	3	5.77	2.11844	2	52	1	4	1.00004815006045e-09	2.27411759336113e-09	0.00107956473486171	0.998920435990973
chr1	242539919	47	32	40.51	2.11844	2	79	1	1	0.998634443604089	0.00136554692563679	1.24702743247691e-08	1.00000003960933e-09
chr1	248525021	219	22	9.13	2.11844	2	241	1	4	1.34905150210607e-09	1.55512605668905e-05	0.117621122053522	0.88236332933686
chr1	248525053	224	22	8.94	2.11844	2	246	1	4	1.22693144909193e-09	1.01362308403534e-05	0.0958721065567465	0.904117759985482
chr1	248617095	100	11	9.91	2.11844	2	111	1	4	2.83907870266722e-09	7.87573340568156e-05	0.247102892972357	0.752818350854507
chr1	248617105	85	23	21.3	2.11844	2	108	1	2	0.000758756799836497	0.751469660044042	0.247712802451862	5.87847042591675e-05
chr1	248617111	82	28	25.45	2.11844	2	110	1	2	0.00960232650236199	0.964933097460511	0.0254641464577576	4.33579368952651e-07
chr1	248722621	55	10	15.38	2.11844	2	65	1	3	3.56313041633022e-06	0.0445095664199091	0.938837187326339	0.0166496871233361
chr1	248722624	56	10	15.15	2.11844	2	66	1	3	2.76191827429685e-06	0.0372762029556465	0.942562060027488	0.0201589790985913
chr1	249230848	89	9	9.18	2.11844	2	98	1	4	1.39031410271773e-09	1.73695946686144e-05	0.123946088772946	0.876036544242072
chr1	249230875	78	15	16.13	2.11844	2	93	1	3	8.06052943065235e-06	0.0772665225927195	0.913814538588687	0.00891088228916243
chr1	249230876	78	15	16.13	2.11844	2	93	1	3	8.06052943065235e-06	0.0772665225927195	0.913814538588687	0.00891088228916243
chr1	249230878	76	14	15.56	2.11844	2	90	1	3	4.34313546245405e-06	0.0510005022804602	0.934660850090132	0.0143343084939454
chr1	249230884	77	15	16.3	2.11844	2	92	1	3	9.66684658567293e-06	0.0870428267762008	0.905219854087882	0.00772765628933159
chr10	38475397	28	5	15.15	1.88583	2	33	1	3	2.76191827429685e-06	0.0372762029556465	0.942562060027488	0.0201589790985913
chr10	38475410	31	7	18.42	1.88583	2	38	1	3	8.03314859216047e-05	0.308006574124158	0.69071009383837	0.00120300455155032
chr10	38475415	31	7	18.42	1.88583	2	38	1	3	8.03314859216047e-05	0.308006574124158	0.69071009383837	0.00120300455155032
chr10	38475420	33	8	19.51	1.88583	2	41	1	3	0.000205646435731105	0.484156718455025	0.515223810998306	0.000413828110938114
chr10	38475425	37	8	17.78	1.88583	2	45	1	3	4.38984181562675e-05	0.2208059032104	0.776990832948222	0.00215936942322181
chr10	38475431	41	8	16.33	1.88583	2	49	1	3	9.98047654226139e-06	0.088871290347859	0.903583301984142	0.00753543119145643
chr10	38475451	45	8	15.09	1.88583	2	53	1	3	2.5835260170124e-06	0.0355685006467998	0.943238644991763	0.0211902748354205
chr10	38475454	46	8	14.81	1.88583	2	54	1	3	1.88849951934405e-06	0.0284779039791767	0.944773289675631	0.0267469218456732
chr10	38475472	51	8	13.56	1.88583	2	59	1	3	4.4734336658168e-07	0.00976243915807662	0.914681234248228	0.0755558832503284
chr10	38736212	69	18	20.69	1.88583	2	87	1	2	0.00050040311856295	0.671538359723481	0.327844139796814	0.000117101361141872
chr10	38894559	26	7	21.21	1.88583	2	33	1	2	0.000714631016754734	0.740623417524952	0.258596797910067	6.5157548226968e-05
chr10	38939433	145	13	8.23	1.88583	2	158	1	4	1.04198872447496e-09	1.84250643958898e-06	0.0416624769786034	0.958335683472968
chr10	42949923	82	9	9.89	1.88583	2	91	1	4	2.76640988083507e-09	7.57639387794102e-05	0.242962004397911	0.756962232896899
chr10	42949930	72	6	7.69	1.88583	2	78	1	4	1.010773775503e-09	4.52199242732671e-07	0.0206895125189911	0.979310038270992
chr10	42949932	71	6	7.79	1.88583	2	77	1	4	1.01392822855518e-09	5.90662412545348e-07	0.023649617516988	0.976349794806671
chr10	42949933	70	6	7.89	1.88583	2	76	1	4	1.01796620474103e-09	7.69079710701023e-07	0.026983279692513	0.97301595420981
chr10	42949940	74	6	7.5	1.88583	2	80	1	4	1.00657325967462e-09	2.69854091519254e-07	0.0159660735282802	0.984033659611055
chr10	42949949	69	5	6.76	1.88583	2	74	1	4	1.00088530920893e-09	3.26843701262978e-08	0.00545176503387874	0.994548205280866
chr10	42949960	65	5	7.14	1.88583	2	70	1	4	1.00251966082767e-09	9.84135182009204e-08	0.00959207764391115	0.990407826940051
chr10	49218561	93	25	21.19	1.88583	2	118	1	2	0.000705133252142674	0.73816738311612	0.26106082617006	6.66614616772857e-05
chr10	49239470	119	9	7.03	1.88583	2	128	1	4	1.0018682894848e-09	7.17724671077619e-08	0.00816878464845577	0.991831146577209
chr10	50311751	37	3	7.5	1.88583	2	40	1	4	1.00657325967462e-09	2.69854091519254e-07	0.0159660735282802	0.984033659611055
chr10	105238889	20	2	9.09	1.62845	NA	22	0	NA	NA	NA	NA	NA
chr10	105357406	63	3	4.55	1.62845	NA	66	1	NA	NA	NA	NA	NA
chr10	119013895	29	2	6.45	1.62845	NA	31	1	NA	NA	NA	NA	NA
chr10	126677158	863	102	10.57	1.62845	NA	965	1	NA	NA	NA	NA	NA
chr10	126677189	872	103	10.56	1.62845	NA	975	1	NA	NA	NA	NA	NA
chr10	126677242	705	73	9.38	1.62845	NA	778	1	NA	NA	NA	NA	NA
chr10	126677275	876	65	6.91	1.62845	NA	941	1	NA	NA	NA	NA	NA
chr10	126677434	396	25	5.94	1.62845	NA	421	1	NA	NA	NA	NA	NA
chr10	126677579	246	93	27.43	1.62845	NA	339	1	NA	NA	NA	NA	NA
chr10	126677645	329	61	15.64	1.62845	NA	390	1	NA	NA	NA	NA	NA
chr10	126677651	303	62	16.99	1.62845	NA	365	1	NA	NA	NA	NA	NA
chr10	126678110	191	11	5.45	1.62845	NA	202	1	NA	NA	NA	NA	NA
chr10	126686575	24	8	25	1.62845	NA	32	1	NA	NA	NA	NA	NA
chr10	126686577	24	8	25	1.62845	NA	32	1	NA	NA	NA	NA	NA
chr10	126686579	24	8	25	1.62845	NA	32	1	NA	NA	NA	NA	NA
chr10	134943289	26	2	7.14	1.62845	NA	28	0	NA	NA	NA	NA	NA
chr11	128787	132	6	4.35	1.79365	2	138	1	4	1.00000038922039e-09	1.00472124366305e-09	6.42697630878585e-05	0.999935732232191
chr11	640614	22	2	8.33	1.79365	2	24	0	NA	NA	NA	NA	NA
chr11	837945	25	2	7.41	1.79365	2	27	0	NA	NA	NA	NA	NA
chr11	1013021	25	2	7.41	1.79365	2	27	0	NA	NA	NA	NA	NA
chr11	1016619	343	22	6.03	1.79365	2	365	1	4	1.00010647539778e-09	4.09834393039778e-09	0.0016896336931112	0.998310365208439
chr11	1016678	577	55	8.7	1.79365	2	632	1	4	1.13002481250895e-09	5.8015888060238e-06	0.0731912586256392	0.92680294265553
chr11	1016707	606	48	7.34	1.79365	2	654	1	4	1.00430836270425e-09	1.73191302657375e-07	0.012769035109313	0.987230794695076
chr11	1016708	582	73	11.15	1.79365	2	655	1	3	1.83109728732561e-08	0.000639567992332827	0.5519400822526	0.447420335444095
chr11	1016754	733	43	5.54	1.79365	2	776	1	4	1.00002340071449e-09	1.56328586636304e-09	0.000715399550260654	0.99928460188643
chr11	1016756	705	40	5.37	1.79365	2	745	1	4	1.00001355445678e-09	1.30213396900188e-09	0.000522606818117179	0.999477394879735
chr11	1016777	778	47	5.7	1.79365	2	825	1	4	1.00003873460526e-09	1.99695125586824e-09	0.000953985919819007	0.999046015083191
chr11	1016833	896	65	6.76	1.79365	2	962	1	4	1.00088530920893e-09	3.26843701262978e-08	0.00545176503387874	0.994548205280866
chr11	1016842	866	96	9.98	1.79365	2	962	1	4	3.11564589988032e-09	9.00861422129638e-05	0.261911197901814	0.737998716840327
chr11	1016919	570	38	6.25	1.79365	2	608	1	4	1.00020489448422e-09	7.40225332459905e-09	0.00243594061929446	0.997564054978247
chr11	1017024	507	33	6.11	1.79365	2	540	1	4	1.00013532422201e-09	5.04491230343368e-09	0.00193264906758522	0.998067348887367
chr11	1017059	487	38	7.24	1.79365	2	525	1	4	1.00329866660855e-09	1.30745647681488e-07	0.0110776621763777	0.988922210074676
chr11	1017066	535	26	4.63	1.79365	2	562	1	4	1.00000108746419e-09	1.01603588597097e-09	0.000118999378230436	0.999881002605733
chr11	1017068	520	53	9.25	1.79365	2	573	1	4	1.45588687673973e-09	2.02482580352625e-05	0.13323914770484	0.866740606581238
chr11	1017085	610	28	4.39	1.79365	2	638	1	4	1.00000045202502e-09	1.00564663290959e-09	7.03339703835125e-05	0.99992966802397
chr11	1017090	642	30	4.46	1.79365	2	673	1	4	1.00000058593531e-09	1.00769633193951e-09	8.22091811456676e-05	0.999917792811157
chr11	1017111	465	46	9	1.79365	2	511	1	4	1.26024593457908e-09	1.16186160812951e-05	0.102359267629018	0.897629116494655
chr11	1017116	546	29	5.04	1.79365	2	575	1	4	1.00000453999937e-09	1.08559467819458e-09	0.000276746548663792	0.999723255365737
chr11	1017200	627	52	7.66	1.79365	2	679	1	4	1.00997057588649e-09	4.17117760152683e-07	0.0198688004614311	0.980130785410838
chr11	1017211	604	45	6.93	1.79365	2	649	1	4	1.00141984513076e-09	5.37252697721505e-08	0.00704451900383762	0.992955430269473
chr11	1017221	653	30	4.39	1.79365	2	683	1	4	1.00000045202502e-09	1.00564663290959e-09	7.03339703835125e-05	0.99992966802397
chr11	1017280	445	41	8.44	1.79365	2	486	1	4	1.07001788072272e-09	3.10305521071315e-06	0.0538845247947606	0.946112375080011
chr11	1017822	543	38	6.54	1.79365	2	581	1	4	1.00047506959584e-09	1.71121185524691e-08	0.00387821280732251	0.996121773080084
chr11	1017841	684	35	4.87	1.79365	2	719	1	4	1.00000253568425e-09	1.0434094159105e-09	0.000196552534494277	0.999803449422094
chr11	1017848	675	53	7.28	1.79365	2	728	1	4	1.00367155259466e-09	1.4636006526215e-07	0.0117281800371946	0.988271676599069
chr11	1017869	648	72	10	1.79365	2	720	1	4	3.20140838401151e-09	9.35796655177796e-05	0.266230191101493	0.733676230031581
chr11	1017921	574	77	11.83	1.79365	2	651	1	3	4.93937926585267e-08	0.00158724022803579	0.707481511739585	0.290931202638587
chr11	1018256	230	26	10.16	1.79365	2	256	1	4	4.01106948289937e-09	0.000126155425024121	0.302105202245337	0.697768642318569
chr11	1018266	251	30	10.68	1.79365	2	281	1	4	8.85628288032304e-09	0.000310421806577404	0.430863546452892	0.568826026884248
chr11	1018275	275	27	8.94	1.79365	2	302	1	4	1.22693144909193e-09	1.01362308403534e-05	0.0958721065567465	0.904117759985482
chr11	1018289	256	33	11.42	1.79365	2	289	1	3	2.74292378589235e-08	0.000934144519137728	0.617893031855699	0.381172800195925
chr11	1018312	256	21	7.58	1.79365	2	277	1	4	1.00810147518029e-09	3.35839348853454e-07	0.0178214146801599	0.98217825247239
chr11	1018321	263	22	7.72	1.79365	2	285	1	4	1.0116393338618e-09	4.90091551151786e-07	0.0215405439038266	0.978458968992983
chr11	1018331	238	14	5.56	1.79365	2	252	1	4	1.00002493515666e-09	1.60543534000311e-09	0.000741902750815781	0.999258098643724
chr11	1018333	245	12	4.67	1.79365	2	257	1	4	1.00000125487117e-09	1.01899162262668e-09	0.000129587580500767	0.999870414400506
chr11	1018334	233	12	4.9	1.79365	2	245	1	4	1.00000281299605e-09	1.04901004579749e-09	0.00020894766841309	0.999791054282574
chr11	33680478	21	2	8.7	1.79365	2	23	0	NA	NA	NA	NA	NA
chr11	47204654	23	2	8	1.79365	2	25	0	NA	NA	NA	NA	NA
chr11	59368187	31	10	24.39	1.79365	2	41	1	2	0.00507812921282538	0.948228572932306	0.0466917774170247	1.52443784430303e-06
chr11	61044119	18	2	10	1.79365	2	20	0	NA	NA	NA	NA	NA
chr11	64374226	33	2	5.71	1.79365	2	35	1	4	1.00003996177396e-09	2.03267626095039e-09	0.000971069024348646	0.999028931942935
chr11	67023005	29	2	6.45	1.79365	2	31	1	4	1.00036687766209e-09	1.31471229352872e-08	0.00336377245850758	0.996636217394002
chr11	67764088	20	2	9.09	1.79365	2	22	0	NA	NA	NA	NA	NA
chr11	68530102	20	2	9.09	1.79365	2	22	0	NA	NA	NA	NA	NA
chr11	73387605	193	10	4.93	1.79365	2	203	1	4	1.0000031192798e-09	1.05529633683377e-09	0.000222050030411827	0.999777951914289
chr11	89774397	164	22	11.83	1.79365	2	186	1	3	4.93937926585267e-08	0.00158724022803579	0.707481511739585	0.290931202638587
chr11	89775183	21	4	16	1.79365	2	25	0	NA	NA	NA	NA	NA
chr11	104905100	35	29	45.31	1.79365	2	64	1	1	0.999985524642481	1.44773470838863e-05	1.01043450646288e-09	1.00000000000263e-09
chr11	118767312	24	2	7.69	1.79365	2	26	0	NA	NA	NA	NA	NA
chr11	129062091	57	3	5	1.79365	2	60	1	4	1.00000396337796e-09	1.07309396019309e-09	0.000255579241837255	0.999744422685065
chr12	74094	23	2	8	1.71119	NA	25	0	NA	NA	NA	NA	NA
chr12	8082367	45	6	11.76	1.71119	NA	51	1	NA	NA	NA	NA	NA
chr12	8353318	122	16	11.59	1.71119	NA	138	1	NA	NA	NA	NA	NA
chr12	11214264	235	14	5.62	1.71119	NA	249	1	NA	NA	NA	NA	NA
chr12	11214273	243	16	6.18	1.71119	NA	259	1	NA	NA	NA	NA	NA
chr12	11214299	219	20	8.37	1.71119	NA	239	1	NA	NA	NA	NA	NA
chr12	11214324	209	16	7.11	1.71119	NA	225	1	NA	NA	NA	NA	NA
chr12	11214326	212	15	6.61	1.71119	NA	227	1	NA	NA	NA	NA	NA
chr12	11214330	216	15	6.49	1.71119	NA	231	1	NA	NA	NA	NA	NA
chr12	11214336	204	16	7.27	1.71119	NA	220	1	NA	NA	NA	NA	NA
chr12	11244285	67	9	11.84	1.71119	NA	76	1	NA	NA	NA	NA	NA
chr12	11244721	65	7	9.72	1.71119	NA	72	1	NA	NA	NA	NA	NA
chr12	11244723	62	8	11.43	1.71119	NA	70	1	NA	NA	NA	NA	NA
chr12	11244730	58	9	13.43	1.71119	NA	67	1	NA	NA	NA	NA	NA
chr12	11244731	57	9	13.64	1.71119	NA	66	1	NA	NA	NA	NA	NA
chr12	11244744	56	14	20	1.71119	NA	70	1	NA	NA	NA	NA	NA
chr12	11244745	59	14	19.18	1.71119	NA	73	1	NA	NA	NA	NA	NA
chr12	11244793	42	11	20.75	1.71119	NA	53	1	NA	NA	NA	NA	NA
chr12	11244797	41	9	18	1.71119	NA	50	1	NA	NA	NA	NA	NA
chr12	11244805	40	10	20	1.71119	NA	50	1	NA	NA	NA	NA	NA
chr12	31227016	13	7	35	1.71119	NA	20	0	NA	NA	NA	NA	NA
chr12	42477340	59	27	31.4	1.71119	NA	86	1	NA	NA	NA	NA	NA
chr12	42477347	54	27	33.33	1.71119	NA	81	1	NA	NA	NA	NA	NA
chr12	42477356	55	29	34.52	1.71119	NA	84	1	NA	NA	NA	NA	NA
chr12	42477373	62	31	33.33	1.71119	NA	93	1	NA	NA	NA	NA	NA
chr12	42477389	67	27	28.72	1.71119	NA	94	1	NA	NA	NA	NA	NA
chr12	42477390	68	27	28.42	1.71119	NA	95	1	NA	NA	NA	NA	NA
chr12	42477397	66	27	29.03	1.71119	NA	93	1	NA	NA	NA	NA	NA
chr12	42477402	67	27	28.72	1.71119	NA	94	1	NA	NA	NA	NA	NA
chr12	42480041	90	17	15.89	1.71119	NA	107	1	NA	NA	NA	NA	NA
chr12	42480054	109	16	12.8	1.71119	NA	125	1	NA	NA	NA	NA	NA
chr12	42480067	108	15	12.2	1.71119	NA	123	1	NA	NA	NA	NA	NA
chr12	42480073	110	16	12.7	1.71119	NA	126	1	NA	NA	NA	NA	NA
chr12	42480074	108	17	13.6	1.71119	NA	125	1	NA	NA	NA	NA	NA
chr12	42480103	102	12	10.53	1.71119	NA	114	1	NA	NA	NA	NA	NA
chr12	48145817	23	2	8	1.71119	NA	25	0	NA	NA	NA	NA	NA
chr12	51279052	62	4	6.06	1.71119	NA	66	1	NA	NA	NA	NA	NA
chr12	56515735	28	2	6.67	1.71119	NA	30	1	NA	NA	NA	NA	NA
chr12	58217256	50	4	7.41	1.71119	NA	54	1	NA	NA	NA	NA	NA
chr12	58217316	33	5	13.16	1.71119	NA	38	1	NA	NA	NA	NA	NA
chr12	69140082	21	2	8.7	1.71119	NA	23	0	NA	NA	NA	NA	NA
chr12	107090176	32	3	8.57	1.71119	NA	35	1	NA	NA	NA	NA	NA
chr12	118481117	18	2	10	1.71119	NA	20	0	NA	NA	NA	NA	NA
chr12	122246220	26	2	7.14	1.71119	NA	28	0	NA	NA	NA	NA	NA
chr12	123892646	24	6	20	1.71119	NA	30	1	NA	NA	NA	NA	NA
chr12	123892672	28	7	20	1.71119	NA	35	1	NA	NA	NA	NA	NA
chr12	123892684	30	7	18.92	1.71119	NA	37	1	NA	NA	NA	NA	NA
chr12	123893372	21	9	30	1.71119	NA	30	1	NA	NA	NA	NA	NA
chr12	123893377	21	9	30	1.71119	NA	30	1	NA	NA	NA	NA	NA
chr12	132241075	21	2	8.7	1.71119	NA	23	0	NA	NA	NA	NA	NA
chr13	19412953	215	8	3.59	1.92412	2	223	1	4	1.00000001837057e-09	1.00011401221634e-09	9.85570562848839e-06	0.999990146294258
chr13	19419995	96	16	14.29	1.92412	2	112	1	3	1.04670614591698e-06	0.0185473909751908	0.940223594482134	0.0412279718365289
chr13	19420033	80	8	9.09	1.92412	2	88	1	4	1.31905225618567e-09	1.4225780735091e-05	0.112745366774678	0.887240410125535
chr13	19420035	81	8	8.99	1.92412	2	89	1	4	1.25438813424362e-09	1.13582503107553e-05	0.101254184211931	0.89873446028337
chr13	19420067	70	9	11.39	1.92412	2	79	1	3	2.62414411290582e-08	0.00089674105960827	0.610794319436377	0.388308917262573
chr13	113140349	55	15	21.43	1.92412	2	70	1	2	0.000826675950599071	0.766538320325694	0.232584377792021	5.06299316857833e-05
chr14	19378020	304	55	15.32	1.81403	2	359	1	3	3.33469866235484e-06	0.0425128933166489	0.939982241978656	0.0175015340060326
chr14	19488023	41	12	22.64	1.81403	2	53	1	2	0.0017728480469047	0.873996935187638	0.124217956414715	1.22643507422114e-05
chr14	19488054	44	17	27.87	1.81403	2	61	1	2	0.0424359793383335	0.951256708663853	0.00630728982170622	2.6176106868268e-08
chr14	22070440	34	10	22.73	1.81403	2	44	1	2	0.00187299105889071	0.879823946310573	0.118292044703934	1.10219266014927e-05
chr14	70714259	172	19	9.95	1.81403	2	191	1	4	2.99274309218259e-09	8.50638912363253e-05	0.255505450323701	0.744409486792319
chr14	77860702	47	9	16.07	1.81403	2	56	1	3	7.557414205993e-06	0.0740453106610611	0.916577652244108	0.00936948368062528
chr14	92492826	116	8	6.45	1.81403	2	124	1	4	1.00036687766209e-09	1.31471229352872e-08	0.00336377245850758	0.996636217394002
chr14	96176708	48	16	25	1.81403	2	64	1	2	0.00732070958720238	0.959724352595473	0.03295420338482	7.38432505013555e-07
chr14	105415333	123	13	9.56	1.81403	2	136	1	4	1.89202158100659e-09	3.91019397384969e-05	0.180767952230802	0.819192947937438
chr14	105954829	18	2	10	1.81403	2	20	0	NA	NA	NA	NA	NA
chr15	23282589	77	6	7.23	1.73003	NA	83	1	NA	NA	NA	NA	NA
chr15	23299841	64	17	20.99	1.73003	NA	81	1	NA	NA	NA	NA	NA
chr15	23300080	50	8	13.79	1.73003	NA	58	1	NA	NA	NA	NA	NA
chr15	28989968	41	9	18	1.73003	NA	50	1	NA	NA	NA	NA	NA
chr15	38751121	38	13	25.49	1.73003	NA	51	1	NA	NA	NA	NA	NA
chr15	58983248	38	12	24	1.7256	NA	50	1	NA	NA	NA	NA	NA
chr15	64970698	39	2	4.88	1.7256	NA	41	1	NA	NA	NA	NA	NA
chr15	65681204	30	3	9.09	1.7256	NA	33	1	NA	NA	NA	NA	NA
chr15	72956669	95	4	4.04	1.7256	NA	99	1	NA	NA	NA	NA	NA
chr15	74364655	84	20	19.23	1.7256	NA	104	1	NA	NA	NA	NA	NA
chr15	74474500	25	2	7.41	1.7256	NA	27	0	NA	NA	NA	NA	NA
chr15	76030135	84	15	15.15	1.7256	NA	99	1	NA	NA	NA	NA	NA
chr15	79026183	55	26	32.1	1.7256	NA	81	1	NA	NA	NA	NA	NA
chr15	81614910	56	7	11.11	1.7256	NA	63	1	NA	NA	NA	NA	NA
chr15	100649227	30	3	9.09	1.7256	NA	33	1	NA	NA	NA	NA	NA
chr15	101555543	32	6	15.79	1.7256	NA	38	1	NA	NA	NA	NA	NA
chr15	102517868	102	19	15.7	1.7256	NA	121	1	NA	NA	NA	NA	NA
chr16	1500569	20	2	9.09	1.61239	NA	22	0	NA	NA	NA	NA	NA
chr16	8875545	7	19	73.08	1.61239	NA	26	0	NA	NA	NA	NA	NA
chr16	20430681	29	2	6.45	1.61239	NA	31	1	NA	NA	NA	NA	NA
chr16	21529743	167	15	8.24	1.61239	NA	182	1	NA	NA	NA	NA	NA
chr16	21823156	59	11	15.71	1.61239	NA	70	1	NA	NA	NA	NA	NA
chr16	22588087	81	13	13.83	1.61239	NA	94	1	NA	NA	NA	NA	NA
chr16	29496815	272	26	8.72	1.61239	NA	298	1	NA	NA	NA	NA	NA
chr16	29496872	212	30	12.4	1.61239	NA	242	1	NA	NA	NA	NA	NA
chr16	32095695	69	5	6.76	1.61239	NA	74	1	NA	NA	NA	NA	NA
chr16	32095766	35	6	14.63	1.61239	NA	41	1	NA	NA	NA	NA	NA
chr16	32192551	14	7	33.33	1.61239	NA	21	0	NA	NA	NA	NA	NA
chr16	32192557	17	7	29.17	1.61239	NA	24	0	NA	NA	NA	NA	NA
chr16	32192558	16	7	30.43	1.61239	NA	23	0	NA	NA	NA	NA	NA
chr16	32192566	19	7	26.92	1.61239	NA	26	0	NA	NA	NA	NA	NA
chr16	32192582	18	7	28	1.61239	NA	25	0	NA	NA	NA	NA	NA
chr16	32437194	74	13	14.94	1.61239	NA	87	1	NA	NA	NA	NA	NA
chr16	32437203	62	14	18.42	1.61239	NA	76	1	NA	NA	NA	NA	NA
chr16	32891067	152	6	3.8	1.61239	NA	158	1	NA	NA	NA	NA	NA
chr16	33530731	74	47	38.84	1.61239	NA	121	1	NA	NA	NA	NA	NA
chr16	33530772	73	25	25.51	1.61239	NA	98	1	NA	NA	NA	NA	NA
chr16	33530811	71	15	17.44	1.61239	NA	86	1	NA	NA	NA	NA	NA
chr16	33544302	207	32	13.39	1.61239	NA	239	1	NA	NA	NA	NA	NA
chr16	53497974	20	2	9.09	1.61239	NA	22	0	NA	NA	NA	NA	NA
chr16	57748750	44	12	21.43	1.61239	NA	56	1	NA	NA	NA	NA	NA
chr16	57748755	45	13	22.41	1.61239	NA	58	1	NA	NA	NA	NA	NA
chr16	57748759	43	13	23.21	1.61239	NA	56	1	NA	NA	NA	NA	NA
chr16	67305591	19	2	9.52	1.61239	NA	21	0	NA	NA	NA	NA	NA
chr16	90161578	66	12	15.38	1.61239	NA	78	1	NA	NA	NA	NA	NA
chr16	90161592	67	10	12.99	1.61239	NA	77	1	NA	NA	NA	NA	NA
chr16	90235589	77	14	15.38	1.61239	NA	91	1	NA	NA	NA	NA	NA
chr16	90235595	76	9	10.59	1.61239	NA	85	1	NA	NA	NA	NA	NA
chr16	90235832	209	8	3.69	1.61239	NA	217	1	NA	NA	NA	NA	NA
chr16	90235978	80	12	13.04	1.61239	NA	92	1	NA	NA	NA	NA	NA
chr17	290138	39	6	13.33	1.52668	NA	45	1	NA	NA	NA	NA	NA
chr17	417366	113	5	4.24	1.52668	NA	118	1	NA	NA	NA	NA	NA
chr17	1611389	36	2	5.26	1.52668	NA	38	1	NA	NA	NA	NA	NA
chr17	5043171	46	2	4.17	1.52668	NA	48	1	NA	NA	NA	NA	NA
chr17	14140081	26	7	21.21	1.52668	NA	33	1	NA	NA	NA	NA	NA
chr17	15641449	49	18	26.87	1.52668	NA	67	1	NA	NA	NA	NA	NA
chr17	15641457	54	18	25	1.52668	NA	72	1	NA	NA	NA	NA	NA
chr17	15641459	52	20	27.78	1.52668	NA	72	1	NA	NA	NA	NA	NA
chr17	15641462	51	20	28.17	1.52668	NA	71	1	NA	NA	NA	NA	NA
chr17	15641472	52	20	27.78	1.52668	NA	72	1	NA	NA	NA	NA	NA
chr17	18652946	38	11	22.45	1.52668	NA	49	1	NA	NA	NA	NA	NA
chr17	19239149	39	5	11.36	1.52668	NA	44	1	NA	NA	NA	NA	NA
chr17	20768069	56	19	25.33	1.52668	NA	75	1	NA	NA	NA	NA	NA
chr17	20768132	97	20	17.09	1.52668	NA	117	1	NA	NA	NA	NA	NA
chr17	20768134	98	20	16.95	1.52668	NA	118	1	NA	NA	NA	NA	NA
chr17	20768137	100	20	16.67	1.52668	NA	120	1	NA	NA	NA	NA	NA
chr17	20768142	105	22	17.32	1.52668	NA	127	1	NA	NA	NA	NA	NA
chr17	20768446	138	17	10.97	1.52668	NA	155	1	NA	NA	NA	NA	NA
chr17	20768453	83	64	43.54	1.52668	NA	147	1	NA	NA	NA	NA	NA
chr17	20768458	122	20	14.08	1.52668	NA	142	1	NA	NA	NA	NA	NA
chr17	21536022	70	23	24.73	1.52668	NA	93	1	NA	NA	NA	NA	NA
chr17	25748609	40	8	16.67	1.52668	NA	48	1	NA	NA	NA	NA	NA
chr17	25748610	40	8	16.67	1.52668	NA	48	1	NA	NA	NA	NA	NA
chr17	25969246	24	6	20	1.52668	NA	30	1	NA	NA	NA	NA	NA
chr17	34493176	49	6	10.91	1.64	NA	55	1	NA	NA	NA	NA	NA
chr17	36203073	24	7	22.58	1.64	NA	31	1	NA	NA	NA	NA	NA
chr17	36203167	45	7	13.46	1.64	NA	52	1	NA	NA	NA	NA	NA
chr17	36203174	46	8	14.81	1.64	NA	54	1	NA	NA	NA	NA	NA
chr17	36203175	48	7	12.73	1.64	NA	55	1	NA	NA	NA	NA	NA
chr17	36203178	47	7	12.96	1.64	NA	54	1	NA	NA	NA	NA	NA
chr17	36203184	47	7	12.96	1.64	NA	54	1	NA	NA	NA	NA	NA
chr17	36203213	41	7	14.58	1.64	NA	48	1	NA	NA	NA	NA	NA
chr17	36203214	39	7	15.22	1.64	NA	46	1	NA	NA	NA	NA	NA
chr17	36204788	55	6	9.84	1.64	NA	61	1	NA	NA	NA	NA	NA
chr17	39190943	93	8	7.92	1.64	NA	101	1	NA	NA	NA	NA	NA
chr17	39190953	81	20	19.8	1.64	NA	101	1	NA	NA	NA	NA	NA
chr17	39190954	80	20	20	1.64	NA	100	1	NA	NA	NA	NA	NA
chr17	39240713	82	6	6.82	1.64	NA	88	1	NA	NA	NA	NA	NA
chr17	39254133	107	19	15.08	1.64	NA	126	1	NA	NA	NA	NA	NA
chr17	39346622	132	6	4.35	1.64	NA	138	1	NA	NA	NA	NA	NA
chr17	43530666	22	2	8.33	1.64	NA	24	0	NA	NA	NA	NA	NA
chr17	45214690	248	29	10.47	1.64	NA	277	1	NA	NA	NA	NA	NA
chr17	45219299	86	7	7.53	1.64	NA	93	1	NA	NA	NA	NA	NA
chr17	45221261	38	9	19.15	1.64	NA	47	1	NA	NA	NA	NA	NA
chr17	45221281	35	12	25.53	1.64	NA	47	1	NA	NA	NA	NA	NA
chr17	45221301	44	3	6.38	1.64	NA	47	1	NA	NA	NA	NA	NA
chr17	45221307	38	3	7.32	1.64	NA	41	1	NA	NA	NA	NA	NA
chr17	45221313	36	3	7.69	1.64	NA	39	1	NA	NA	NA	NA	NA
chr17	45234417	573	22	3.7	1.64	NA	595	1	NA	NA	NA	NA	NA
chr17	58087754	56	14	20	1.64	NA	70	1	NA	NA	NA	NA	NA
chr17	58093274	46	4	8	1.64	NA	50	1	NA	NA	NA	NA	NA
chr17	72949783	32	3	8.57	1.6245	NA	35	1	NA	NA	NA	NA	NA
chr18	11644564	104	12	10.34	1.64171	NA	116	1	NA	NA	NA	NA	NA
chr18	14183814	115	8	6.5	1.64171	NA	123	1	NA	NA	NA	NA	NA
chr18	14183823	103	7	6.36	1.64171	NA	110	1	NA	NA	NA	NA	NA
chr18	14184151	87	8	8.42	1.64171	NA	95	1	NA	NA	NA	NA	NA
chr18	14213052	33	3	8.33	1.64171	NA	36	1	NA	NA	NA	NA	NA
chr18	14214196	60	3	4.76	1.64171	NA	63	1	NA	NA	NA	NA	NA
chr18	14218034	117	39	25	1.64171	NA	156	1	NA	NA	NA	NA	NA
chr18	14218041	111	39	26	1.64171	NA	150	1	NA	NA	NA	NA	NA
chr18	14218132	84	23	21.5	1.64171	NA	107	1	NA	NA	NA	NA	NA
chr18	14779925	45	6	11.76	1.64171	NA	51	1	NA	NA	NA	NA	NA
chr18	14779940	44	7	13.73	1.64171	NA	51	1	NA	NA	NA	NA	NA
chr18	14779941	46	7	13.21	1.64171	NA	53	1	NA	NA	NA	NA	NA
chr18	14779951	53	8	13.11	1.64171	NA	61	1	NA	NA	NA	NA	NA
chr18	15316623	94	6	6	1.64171	NA	100	1	NA	NA	NA	NA	NA
chr18	15316627	103	6	5.5	1.64171	NA	109	1	NA	NA	NA	NA	NA
chr18	15316645	120	6	4.76	1.64171	NA	126	1	NA	NA	NA	NA	NA
chr18	15316656	123	6	4.65	1.64171	NA	129	1	NA	NA	NA	NA	NA
chr18	15316666	131	6	4.38	1.64171	NA	137	1	NA	NA	NA	NA	NA
chr18	15316669	134	6	4.29	1.64171	NA	140	1	NA	NA	NA	NA	NA
chr18	15316743	144	6	4	1.64171	NA	150	1	NA	NA	NA	NA	NA
chr18	15316755	135	7	4.93	1.64171	NA	142	1	NA	NA	NA	NA	NA
chr18	15316782	108	9	7.69	1.64171	NA	117	1	NA	NA	NA	NA	NA
chr18	15325567	111	20	15.27	1.64171	NA	131	1	NA	NA	NA	NA	NA
chr18	47431033	22	2	8.33	1.67807	NA	24	0	NA	NA	NA	NA	NA
chr19	6383491	18	2	10	1.54328	NA	20	0	NA	NA	NA	NA	NA
chr19	9009663	30	8	21.05	1.54328	NA	38	1	NA	NA	NA	NA	NA
chr19	9009675	27	6	18.18	1.54328	NA	33	1	NA	NA	NA	NA	NA
chr19	11106957	37	2	5.13	1.54328	NA	39	1	NA	NA	NA	NA	NA
chr19	11486551	20	2	9.09	1.54328	NA	22	0	NA	NA	NA	NA	NA
chr19	14863209	30	2	6.25	1.54328	NA	32	1	NA	NA	NA	NA	NA
chr19	16126474	27	2	6.9	1.54328	NA	29	0	NA	NA	NA	NA	NA
chr19	17571528	23	4	14.81	1.54328	NA	27	0	NA	NA	NA	NA	NA
chr19	35540453	18	2	10	1.54328	NA	20	0	NA	NA	NA	NA	NA
chr19	36334507	24	2	7.69	1.54328	NA	26	0	NA	NA	NA	NA	NA
chr19	36398607	23	2	8	1.54328	NA	25	0	NA	NA	NA	NA	NA
chr19	38633343	18	2	10	1.54328	NA	20	0	NA	NA	NA	NA	NA
chr19	39957105	28	3	9.68	1.54328	NA	31	1	NA	NA	NA	NA	NA
chr19	47712835	44	2	4.35	1.54328	NA	46	1	NA	NA	NA	NA	NA
chr19	48823368	24	3	11.11	1.54328	NA	27	0	NA	NA	NA	NA	NA
chr19	49539396	54	2	3.57	1.54328	NA	56	1	NA	NA	NA	NA	NA
chr19	50215081	20	2	9.09	1.54328	NA	22	0	NA	NA	NA	NA	NA
chr19	55385734	22	2	8.33	1.54328	NA	24	0	NA	NA	NA	NA	NA
chr19	58258241	35	2	5.41	1.54328	NA	37	1	NA	NA	NA	NA	NA
chr2	905788	233	28	10.73	1.77412	2	261	1	4	9.57422485480923e-09	0.000336586490616847	0.44380636801673	0.555857039918428
chr2	9546301	31	11	26.19	1.77412	2	42	1	2	0.0150553358576272	0.968293506077393	0.0166509804530473	1.81611932105463e-07
chr2	89105127	105	39	27.08	1.82716	2	144	1	2	0.02601477846337	0.964010712256978	0.00997444876556985	6.45140826621253e-08
chr2	90414227	55	10	15.38	1.82716	2	65	1	3	3.56313041633022e-06	0.0445095664199091	0.938837187326339	0.0166496871233361
chr2	91968795	24	6	20	1.82716	2	30	1	2	0.000302063623536986	0.565472258951759	0.4339775201119	0.000248161312804043
chr2	91968798	25	5	16.67	1.82716	2	30	1	3	1.42870403957959e-05	0.111908859063986	0.882420048251768	0.00565680964384954
chr2	92075628	86	20	18.87	1.82716	2	106	1	3	0.000120114634468302	0.377983898150042	0.621112595004515	0.00078339621097504
chr2	95474182	54	13	19.4	1.82716	2	67	1	3	0.000188037686642652	0.465688253207003	0.53366079354554	0.000462919560813807
chr2	95474236	69	10	12.66	1.82716	2	79	1	3	1.48772656319481e-07	0.00405939484464484	0.839302919563092	0.156637540819607
chr2	95474319	84	11	11.58	1.82716	2	95	1	3	3.4636164697886e-08	0.0011559022972961	0.654586454932139	0.3442576121344
chr2	95474322	93	11	10.58	1.82716	2	104	1	4	7.57927341852238e-09	0.000263257657843066	0.405133439241818	0.594603299521065
chr2	95474325	89	11	11	1.82716	2	100	1	3	1.45562890710583e-08	0.000512417379254199	0.513739273429087	0.48574829863537
chr2	95502370	49	37	43.02	1.82716	2	86	1	1	0.999864825389194	0.000135176295953359	1.31485283311882e-09	1.00000000027724e-09
chr2	95511218	115	7	5.74	1.82716	2	122	1	4	1.00004387219964e-09	2.14734153839639e-09	0.00102400665195777	0.998975994200657
chr2	95511265	91	31	25.41	1.82716	2	122	1	2	0.00937294765663716	0.964571624526445	0.026054977264602	4.54552315695115e-07
chr2	95512033	91	18	16.51	1.82716	2	109	1	3	1.2076716935495e-05	0.100524624048008	0.89298719199672	0.00647611123833572
chr2	95513734	128	19	12.93	1.82716	2	147	1	3	2.08679230347875e-07	0.00534790069403807	0.868295531239614	0.126356363387117
chr2	95513854	142	24	14.46	1.82716	2	166	1	3	1.27100468371614e-06	0.0213890817997229	0.942820331838875	0.035789319356718
chr2	95513889	127	24	15.89	1.82716	2	151	1	3	6.22294163937285e-06	0.0650585824389321	0.924046063376848	0.0108891352425802
chr2	95814407	77	12	13.48	1.82716	2	89	1	3	4.06766504824731e-07	0.00906929418414031	0.910222316453668	0.0807079865956873
chr2	95947101	18	2	10	1.82716	2	20	0	NA	NA	NA	NA	NA
chr2	96516693	19	4	17.39	1.82716	2	23	0	NA	NA	NA	NA	NA
chr2	96519436	42	12	22.22	1.82716	2	54	1	2	0.0013682843057647	0.843097413692283	0.155514154213876	2.01517880758013e-05
chr2	96519437	42	12	22.22	1.82716	2	54	1	2	0.0013682843057647	0.843097413692283	0.155514154213876	2.01517880758013e-05
chr2	96519692	46	23	33.33	1.82716	2	69	1	1	0.667503119652765	0.332382483095429	0.000114400231556642	1.02024972086036e-09
chr2	96525453	20	8	28.57	1.82716	2	28	0	NA	NA	NA	NA	NA
chr2	96525483	24	34	58.62	1.82716	2	58	1	1	1.00000000099794	1.00206108621468e-09	1.00000000000119e-09	1e-09
chr2	96583823	38	27	41.54	1.82716	2	65	1	1	0.99946237205202	0.000537627280236516	3.66774325431534e-09	1.00000000526003e-09
chr2	96594858	99	20	16.81	1.82716	2	119	1	3	1.65316277943412e-05	0.122703112211941	0.872257693642617	0.00502266651764853
chr2	96594874	109	21	16.15	1.82716	2	130	1	3	8.23527689000973e-06	0.0783662890185841	0.912862513100185	0.00876296660434126
chr2	96594878	108	21	16.28	1.82716	2	129	1	3	9.46302979386448e-06	0.0858413966471051	0.906290688938936	0.00785845538416453
chr2	96594881	108	21	16.28	1.82716	2	129	1	3	9.46302979386448e-06	0.0858413966471051	0.906290688938936	0.00785845538416453
chr2	96604917	64	18	21.95	1.82716	2	82	1	2	0.001155125361213	0.81976646788053	0.179050738962803	2.76717954541741e-05
chr2	96616597	33	10	23.26	1.82716	2	43	1	2	0.00258135521974551	0.909072874616239	0.0883399085997026	5.86556431264977e-06
chr2	96616599	33	11	25	1.82716	2	44	1	2	0.00732070958720238	0.959724352595473	0.03295420338482	7.38432505013555e-07
chr2	96616607	32	8	20	1.82716	2	40	1	2	0.000302063623536986	0.565472258951759	0.4339775201119	0.000248161312804043
chr2	96619735	120	21	14.89	1.82716	2	141	1	3	2.06600900186354e-06	0.0303635724328021	0.944609418708054	0.0250249468501417
chr2	97820478	60	25	29.41	1.82716	2	85	1	2	0.109345142635726	0.888146052253685	0.00250880402580007	5.08478884141146e-09
chr2	97820489	52	26	33.33	1.82716	2	78	1	1	0.667503119652765	0.332382483095429	0.000114400231556642	1.02024972086036e-09
chr2	97820493	49	25	33.78	1.82716	2	74	1	1	0.738179986086086	0.261748927073965	7.10898301522538e-05	1.00979712708754e-09
chr2	97827931	51	20	28.17	1.82716	2	71	1	2	0.0511122169769014	0.943596862976046	0.00529090533702012	1.87100321928706e-08
chr2	97827954	46	12	20.69	1.82716	2	58	1	2	0.00050040311856295	0.671538359723481	0.327844139796814	0.000117101361141872
chr2	97829925	65	57	46.72	1.82716	2	122	1	1	0.999996560976167	3.4410226328987e-06	1.00120009990502e-09	1.00000000000014e-09
chr2	113993504	24	2	7.69	1.82716	2	26	0	NA	NA	NA	NA	NA
chr2	114352916	79	12	13.19	1.82716	2	91	1	3	2.87019812129895e-07	0.00689954703986513	0.8907325067217	0.102367663218623
chr2	114355998	170	22	11.46	1.82716	2	192	1	3	2.90895366279688e-08	0.000985998755688178	0.627255048155453	0.371758927999322
chr2	114356239	51	4	7.27	1.82716	2	55	1	4	1.00357468024236e-09	1.42296124836114e-07	0.0115623828006316	0.988437477899669
chr2	132860610	28	7	20	1.82716	2	35	1	2	0.000302063623536986	0.565472258951759	0.4339775201119	0.000248161312804043
chr2	132861097	75	7	8.54	1.82716	2	82	1	4	1.08900524914113e-09	3.95762387103088e-06	0.0607195768455469	0.939276468441577
chr2	132861111	93	11	10.58	1.82716	2	104	1	4	7.57927341852238e-09	0.000263257657843066	0.405133439241818	0.594603299521065
chr2	132861114	96	10	9.43	1.82716	2	106	1	4	1.67542641535107e-09	2.9797447915627e-05	0.15955066719928	0.840419537677378
chr2	132861139	105	16	13.22	1.82716	2	121	1	3	2.9765513022931e-07	0.00710102978854084	0.893005695350383	0.0998929812059454
chr2	132861885	76	8	9.52	1.82716	2	84	1	4	1.81928592286406e-09	3.59891359276431e-05	0.174039907532801	0.825924105511986
chr2	132861935	66	8	10.81	1.82716	2	74	1	4	1.08449599283786e-08	0.0003823371102373	0.46456636454718	0.535051291497623
chr2	132905601	55	11	16.67	1.82716	2	66	1	3	1.42870403957959e-05	0.111908859063986	0.882420048251768	0.00565680964384954
chr2	132912419	53	8	13.11	1.82716	2	61	1	3	2.60380265211903e-07	0.00638595235687417	0.88436119339768	0.10925259786518
chr2	133015244	438	22	4.78	1.82716	2	460	1	4	1.0000018523241e-09	1.03004033584239e-09	0.000163271539642776	0.999836730430315
chr2	133015309	419	26	5.84	1.82716	2	445	1	4	1.00005975235851e-09	2.62406720504928e-09	0.00122005619636993	0.998779944179503
chr2	173332195	54	3	5.26	1.82716	2	57	1	4	1.00000946172523e-09	1.2000082069608e-09	0.000424491851500459	0.999575509948482
chr2	198669592	28	2	6.67	1.82716	2	30	1	4	1.00068735062416e-09	2.50845909462187e-08	0.00474859852803836	0.995251379386683
chr2	219103361	24	6	20	1.82716	2	30	1	2	0.000302063623536986	0.565472258951759	0.4339775201119	0.000248161312804043
chr2	219103365	24	6	20	1.82716	2	30	1	2	0.000302063623536986	0.565472258951759	0.4339775201119	0.000248161312804043
chr2	219267893	21	2	8.7	1.82716	2	23	0	NA	NA	NA	NA	NA
chr2	220501188	26	2	7.14	1.82716	2	28	0	NA	NA	NA	NA	NA
chr2	234397999	19	2	9.52	1.82716	2	21	0	NA	NA	NA	NA	NA
chr20	1309912	29	6	17.14	1.93227	2	35	1	3	2.32118996728969e-05	0.151396108775564	0.844794945449389	0.0037857378753735
chr20	20582456	49	3	5.77	1.93227	2	52	1	4	1.00004815006045e-09	2.27411759336113e-09	0.00107956473486171	0.998920435990973
chr20	25752489	156	31	16.58	1.93227	2	187	1	3	1.30003700214988e-05	0.105383131575771	0.88849941239488	0.00610445965932787
chr20	25752718	347	44	11.25	1.93227	2	391	1	3	2.12981531258297e-08	0.000738077986190307	0.576868373807917	0.42239353090774
chr20	25752826	132	11	7.69	1.93227	2	143	1	4	1.010773775503e-09	4.52199242732671e-07	0.0206895125189911	0.979310038270992
chr20	25752845	145	10	6.45	1.93227	2	155	1	4	1.00036687766209e-09	1.31471229352872e-08	0.00336377245850758	0.996636217394002
chr20	25753564	113	21	15.67	1.93227	2	134	1	3	4.89864492435183e-06	0.0553608040860321	0.931554148047078	0.0130801532219657
chr20	25753571	116	31	21.09	1.93227	2	147	1	2	0.000659262146043981	0.725639548538112	0.273626498035351	7.46952804922583e-05
chr20	25753575	85	60	41.38	1.93227	2	145	1	1	0.999377646907427	0.000622351741358937	4.35121349734021e-09	1.00000000720874e-09
chr20	25753597	127	24	15.89	1.93227	2	151	1	3	6.22294163937285e-06	0.0650585824389321	0.924046063376848	0.0108891352425802
chr20	25753646	70	37	34.58	1.93227	2	107	1	1	0.838890866210938	0.161080368086933	2.87686995833503e-05	1.00254509290025e-09
chr20	25754033	63	14	18.18	1.93227	2	77	1	3	6.43145472438123e-05	0.273381208263363	0.725051571509701	0.00150290967969167
chr20	26061909	14	7	33.33	1.93227	2	21	0	NA	NA	NA	NA	NA
chr20	26063442	50	9	15.25	1.93227	2	59	1	3	3.08611340483235e-06	0.040283137017648	0.941163270391122	0.0185505104778256
chr20	26063469	42	9	17.65	1.93227	2	51	1	3	3.86641048040975e-05	0.205213752897193	0.792323326563015	0.0024242604349885
chr20	26063490	45	7	13.46	1.93227	2	52	1	3	3.97183110489239e-07	0.00890281278283557	0.909048597902304	0.0820481961317498
chr20	26188889	10	9	47.37	1.93227	2	19	0	NA	NA	NA	NA	NA
chr20	26188894	14	9	39.13	1.93227	2	23	0	NA	NA	NA	NA	NA
chr20	26189803	58	3	4.92	1.93227	2	61	1	4	1.00000301379302e-09	1.05311998430539e-09	0.000217601791618422	0.999782400155258
chr20	29612039	37	4	9.76	1.93227	2	41	1	4	2.35501992177159e-09	5.86736557003776e-05	0.217058517747478	0.782882810241802
chr20	29624093	159	8	4.79	1.93227	2	167	1	4	1.0000019184792e-09	1.03130420465712e-09	0.000166697677153554	0.99983330429154
chr20	29631627	102	8	7.27	1.93227	2	110	1	4	1.00357468024236e-09	1.42296124836114e-07	0.0115623828006316	0.988437477899669
chr20	29632562	165	18	9.84	1.93227	2	183	1	4	2.59616564676861e-09	6.87222014017395e-05	0.2327893394232	0.767141939779233
chr20	29632660	538	54	9.12	1.93227	2	592	1	4	1.34131063907492e-09	1.52095258718669e-05	0.116386949028512	0.883597844104305
chr20	29632719	489	57	10.44	1.93227	2	546	1	4	6.10364060468394e-09	0.000207628222796225	0.369684564635035	0.630107805038528
chr20	29633983	339	18	5.04	1.93227	2	357	1	4	1.00000453999937e-09	1.08559467819458e-09	0.000276746548663792	0.999723255365737
chr20	33575265	24	2	7.69	1.93227	2	26	0	NA	NA	NA	NA	NA
chr20	33575329	23	3	11.54	1.93227	2	26	0	NA	NA	NA	NA	NA
chr20	42331155	37	2	5.13	1.93227	2	39	1	4	1.00000614657242e-09	1.12160431288019e-09	0.000330328238655511	0.999669673639734
chr20	46318882	59	3	4.84	1.93227	2	62	1	4	1.00000228470492e-09	1.03842282380553e-09	0.000184829974435715	0.999815171987139
chr20	48506057	37	2	5.13	1.93227	2	39	1	4	1.00000614657242e-09	1.12160431288019e-09	0.000330328238655511	0.999669673639734
chr21	9907222	33	14	29.79	2.02076	2	47	1	2	0.137133583514718	0.86089115240419	0.00197526449694351	3.58414820293134e-09
chr21	9907343	111	19	14.62	2.02076	2	130	1	3	1.52414256190816e-06	0.0244081303037421	0.944262699598598	0.0313276499550984
chr21	9907346	108	19	14.96	2.02076	2	127	1	3	2.23452068596246e-06	0.032103148717836	0.944285046460258	0.0236095743012204
chr21	9907385	119	19	13.77	2.02076	2	138	1	3	5.73025489246668e-07	0.01180500341475	0.924686514299155	0.0635079132606051
chr21	9907398	131	24	15.48	2.02076	2	155	1	3	3.97795340588125e-06	0.0480201933267549	0.936654968649121	0.0153208640707188
chr21	9907402	139	26	15.76	2.02076	2	165	1	3	5.40369644158566e-06	0.0591653598149033	0.92869371434659	0.0121355261420647
chr21	9908317	159	24	13.11	2.02076	2	183	1	3	2.60380265211903e-07	0.00638595235687417	0.88436119339768	0.10925259786518
chr21	10164496	72	15	17.24	2.02076	2	87	1	3	2.56912199009321e-05	0.161027120057327	0.835475050892473	0.00347214183029823
chr21	10164497	69	15	17.86	2.02076	2	84	1	3	4.74339343463639e-05	0.230773732141857	0.767168850174368	0.00200998774942886
chr21	10164504	77	9	10.47	2.02076	2	86	1	4	6.39207518356562e-09	0.000218606760059008	0.377208841262069	0.622572549585797
chr21	11020740	63	6	8.7	2.02076	2	69	1	4	1.13002481250895e-09	5.8015888060238e-06	0.0731912586256392	0.92680294265553
chr21	11020750	73	5	6.41	2.02076	2	78	1	4	1.00032683057718e-09	1.1701927532289e-08	0.00315579512196639	0.996844196175779
chr21	11021038	254	45	15.05	2.02076	2	299	1	3	2.47086257719292e-06	0.0344687017126287	0.943621851956101	0.0219069794686932
chr21	11021107	282	26	8.44	2.02076	2	308	1	4	1.07001788072272e-09	3.10305521071315e-06	0.0538845247947606	0.946112375080011
chr21	14468783	166	28	14.43	1.79104	2	194	1	3	1.22830465660061e-06	0.0208613180293	0.942443368734226	0.0366940889318173
chr21	15217319	61	20	24.69	1.79104	2	81	1	2	0.00607754226418573	0.95457493210783	0.0393464627265328	1.06690145133062e-06
chr21	15217323	62	20	24.39	1.79104	2	82	1	2	0.00507812921282538	0.948228572932306	0.0466917774170247	1.52443784430303e-06
chr21	15219244	124	11	8.15	1.79104	2	135	1	4	1.03446620330204e-09	1.50509502239767e-06	0.0376885850091965	0.962309912861315
chr21	15219253	124	9	6.77	1.79104	2	133	1	4	1.00091043984591e-09	3.36581697446552e-08	0.00553548511924344	0.994464484221676
chr21	15219258	138	9	6.12	1.79104	2	147	1	4	1.00013942162203e-09	5.18106638121663e-09	0.00196517034774053	0.998034827471054
chr21	15219265	140	8	5.41	1.79104	2	148	1	4	1.00001542846625e-09	1.35037536605143e-09	0.000563125420399571	0.99943687622921
chr21	15219267	141	9	6	1.79104	2	150	1	4	1.00009726905333e-09	3.80131189858148e-09	0.00160594182548537	0.998394057373106
chr21	15219271	149	8	5.1	1.79104	2	157	1	4	1.00000555838537e-09	1.10823895694384e-09	0.000311501056384599	0.999688500835371
chr21	15219367	119	24	16.78	1.79104	2	143	1	3	1.60241843877449e-05	0.120322900869901	0.874508557463748	0.00515252148196403
chr21	15219376	116	30	20.55	1.79104	2	146	1	2	0.000453125742545656	0.651190077218669	0.348220057917088	0.000136743121697771
chr21	15219381	122	32	20.78	1.79104	2	154	1	2	0.000532951924423533	0.684247817523492	0.315113313127485	0.000105921424599439
chr21	15219383	122	33	21.29	1.79104	2	155	1	2	0.000753739914553894	0.750281208789687	0.248905593314907	5.94619808523469e-05
chr21	15219391	118	36	23.38	1.79104	2	154	1	2	0.00277444272813517	0.914598334669175	0.0826221430723348	5.08353035502687e-06
chr21	15219393	117	38	24.52	1.79104	2	155	1	2	0.00548903156469421	0.951153158425424	0.0433565080967085	1.30591317290644e-06
chr21	15339629	90	7	7.22	1.79104	2	97	1	4	1.00312623401746e-09	1.23552864444973e-07	0.0107648351309346	0.989235044313075
chr21	15339734	163	23	12.37	1.79104	2	186	1	3	1.02412620177768e-07	0.00297506173150715	0.800913620015257	0.196111219840616
chr21	15339762	154	20	11.49	1.79104	2	174	1	3	3.03944736963891e-08	0.0010264188537952	0.63419644012204	0.364777114629691
chr21	15343537	185	23	11.06	1.79104	2	208	1	3	1.59615401513183e-08	0.000560478959675437	0.529114967885044	0.470324541193741
chr21	15343568	148	34	18.68	1.79104	2	182	1	3	0.000101593928144669	0.34774245039458	0.651215221072051	0.000940738605225361
chr21	15343569	156	23	12.85	1.79104	2	179	1	3	1.88930535617227e-07	0.00493463821144295	0.860341905300145	0.134723271557876
chr21	15537624	53	4	7.02	1.79104	2	57	1	4	1.00181790832865e-09	6.9731131173495e-08	0.00804943363851164	0.991950499628539
chr21	20230625	65	20	23.53	1.79104	2	85	1	2	0.00303572501089086	0.920993114860441	0.0759669134663045	4.25066236401492e-06
chr21	20230626	64	20	23.81	1.79104	2	84	1	2	0.00358982506134804	0.931518057009832	0.0648890784241486	3.04350467074629e-06
chr21	38117418	25	3	10.71	1.79104	2	28	0	NA	NA	NA	NA	NA
chr21	42751967	41	2	4.65	1.79104	2	43	1	4	1.00000116829819e-09	1.01745416442716e-09	0.000124190949267395	0.999875811033277
chr21	43241562	33	3	8.33	1.79104	2	36	1	4	1.05363229823408e-09	2.36576491327619e-06	0.0471424175961378	0.952855219585317
chr21	46058034	60	16	21.05	1.79104	2	76	1	2	0.00064164740062095	0.720513722985001	0.278766471361915	7.81622524626228e-05
chr22	16914190	67	9	11.84	1.48494	NA	76	1	NA	NA	NA	NA	NA
chr22	16914195	57	18	24	1.48494	NA	75	1	NA	NA	NA	NA	NA
chr22	16914198	57	18	24	1.48494	NA	75	1	NA	NA	NA	NA	NA
chr22	16940793	60	15	20	1.48494	NA	75	1	NA	NA	NA	NA	NA
chr22	18769081	52	4	7.14	1.48494	NA	56	1	NA	NA	NA	NA	NA
chr22	18840834	9	8	47.06	1.48494	NA	17	0	NA	NA	NA	NA	NA
chr22	18840900	31	8	20.51	1.48494	NA	39	1	NA	NA	NA	NA	NA
chr22	18841011	32	11	25.58	1.48494	NA	43	1	NA	NA	NA	NA	NA
chr22	18841022	38	13	25.49	1.48494	NA	51	1	NA	NA	NA	NA	NA
chr22	21576172	17	4	19.05	1.48494	NA	21	0	NA	NA	NA	NA	NA
chr22	21638073	188	7	3.59	1.48494	NA	195	1	NA	NA	NA	NA	NA
chr22	21649731	24	4	14.29	1.48494	NA	28	0	NA	NA	NA	NA	NA
chr22	22985902	189	17	8.25	1.48494	NA	206	1	NA	NA	NA	NA	NA
chr22	23658783	43	12	21.82	1.48494	NA	55	1	NA	NA	NA	NA	NA
chr22	23660826	65	4	5.8	1.48494	NA	69	1	NA	NA	NA	NA	NA
chr22	23742460	59	3	4.84	1.48494	NA	62	1	NA	NA	NA	NA	NA
chr22	24657859	91	9	9	1.48494	NA	100	1	NA	NA	NA	NA	NA
chr22	25016970	43	3	6.52	1.48494	NA	46	1	NA	NA	NA	NA	NA
chr22	25024275	71	6	7.79	1.48494	NA	77	1	NA	NA	NA	NA	NA
chr22	25024296	61	7	10.29	1.48494	NA	68	1	NA	NA	NA	NA	NA
chr22	25024326	45	7	13.46	1.48494	NA	52	1	NA	NA	NA	NA	NA
chr22	25048094	46	10	17.86	1.48494	NA	56	1	NA	NA	NA	NA	NA
chr22	25054846	197	25	11.26	1.48494	NA	222	1	NA	NA	NA	NA	NA
chr22	25425234	19	2	9.52	1.48494	NA	21	0	NA	NA	NA	NA	NA
chr22	26138272	24	2	7.69	1.48494	NA	26	0	NA	NA	NA	NA	NA
chr22	30782043	40	3	6.98	1.48494	NA	43	1	NA	NA	NA	NA	NA
chr22	31602602	32	5	13.51	1.48494	NA	37	1	NA	NA	NA	NA	NA
chr22	41832353	19	2	9.52	1.48494	NA	21	0	NA	NA	NA	NA	NA
chr3	10428260	38	4	9.52	1.65898	NA	42	1	NA	NA	NA	NA	NA
chr3	38022416	22	3	12	1.65898	NA	25	0	NA	NA	NA	NA	NA
chr3	38603902	39	2	4.88	1.65898	NA	41	1	NA	NA	NA	NA	NA
chr3	41277269	44	10	18.52	1.65898	NA	54	1	NA	NA	NA	NA	NA
chr3	48491396	27	5	15.62	1.65898	NA	32	1	NA	NA	NA	NA	NA
chr3	75713507	34	15	30.61	1.65898	NA	49	1	NA	NA	NA	NA	NA
chr3	75713958	91	15	14.15	1.65898	NA	106	1	NA	NA	NA	NA	NA
chr3	75713963	94	14	12.96	1.65898	NA	108	1	NA	NA	NA	NA	NA
chr3	75714517	93	26	21.85	1.65898	NA	119	1	NA	NA	NA	NA	NA
chr3	75714532	47	47	50	1.65898	NA	94	1	NA	NA	NA	NA	NA
chr3	75714541	67	24	26.37	1.65898	NA	91	1	NA	NA	NA	NA	NA
chr3	75714895	446	49	9.9	1.65898	NA	495	1	NA	NA	NA	NA	NA
chr3	75787174	480	59	10.95	1.65898	NA	539	1	NA	NA	NA	NA	NA
chr3	75788033	267	35	11.59	1.65898	NA	302	1	NA	NA	NA	NA	NA
chr3	113225504	32	4	11.11	1.65898	NA	36	1	NA	NA	NA	NA	NA
chr3	129817154	146	8	5.19	1.65898	NA	154	1	NA	NA	NA	NA	NA
chr3	133673914	31	2	6.06	1.65898	NA	33	1	NA	NA	NA	NA	NA
chr3	183889297	39	2	4.88	1.65898	NA	41	1	NA	NA	NA	NA	NA
chr3	183957613	23	2	8	1.65898	NA	25	0	NA	NA	NA	NA	NA
chr3	184035630	26	2	7.14	1.65898	NA	28	0	NA	NA	NA	NA	NA
chr3	191861000	35	4	10.26	1.65898	NA	39	1	NA	NA	NA	NA	NA
chr3	195399599	61	17	21.79	1.65898	NA	78	1	NA	NA	NA	NA	NA
chr3	195505878	41	2	4.65	1.65898	NA	43	1	NA	NA	NA	NA	NA
chr3	195507155	267	28	9.49	1.65898	NA	295	1	NA	NA	NA	NA	NA
chr3	195507173	306	32	9.47	1.65898	NA	338	1	NA	NA	NA	NA	NA
chr3	195507604	259	42	13.95	1.65898	NA	301	1	NA	NA	NA	NA	NA
chr3	195507771	238	30	11.19	1.65898	NA	268	1	NA	NA	NA	NA	NA
chr3	195508005	277	22	7.36	1.65898	NA	299	1	NA	NA	NA	NA	NA
chr3	195508115	354	58	14.08	1.65898	NA	412	1	NA	NA	NA	NA	NA
chr3	195509832	386	41	9.6	1.65898	NA	427	1	NA	NA	NA	NA	NA
chr3	195509843	333	39	10.48	1.65898	NA	372	1	NA	NA	NA	NA	NA
chr3	195511973	272	33	10.82	1.65898	NA	305	1	NA	NA	NA	NA	NA
chr3	195515470	194	30	13.39	1.65898	NA	224	1	NA	NA	NA	NA	NA
chr3	195690117	70	12	14.63	1.65898	NA	82	1	NA	NA	NA	NA	NA
chr3	195690122	73	16	17.98	1.65898	NA	89	1	NA	NA	NA	NA	NA
chr3	195690139	79	23	22.55	1.65898	NA	102	1	NA	NA	NA	NA	NA
chr3	195690149	84	23	21.5	1.65898	NA	107	1	NA	NA	NA	NA	NA
chr3	195690163	79	24	23.3	1.65898	NA	103	1	NA	NA	NA	NA	NA
chr4	1827439	25	2	7.41	1.6457	NA	27	0	NA	NA	NA	NA	NA
chr4	3944145	94	17	15.32	1.6457	NA	111	1	NA	NA	NA	NA	NA
chr4	3944146	91	17	15.74	1.6457	NA	108	1	NA	NA	NA	NA	NA
chr4	49165376	89	5	5.32	1.81945	2	94	1	4	1.00001151831236e-09	1.25071339117625e-09	0.000475700344459327	0.999524301404816
chr4	49165445	142	18	11.25	1.81945	2	160	1	3	2.12981531258297e-08	0.000738077986190307	0.576868373807917	0.42239353090774
chr4	49214360	136	14	9.33	1.81945	2	150	1	4	1.54352548448082e-09	2.40758598084303e-05	0.144498613439867	0.855477313156799
chr4	49214646	236	38	13.87	1.81945	2	274	1	3	6.44128211105969e-07	0.0129020233721231	0.92864370202767	0.0584536344719958
chr4	49214834	212	34	13.82	1.81945	2	246	1	3	6.07581180074979e-07	0.0123428703656047	0.926727293600797	0.0609292324524178
chr4	49214875	205	21	9.29	1.81945	2	226	1	4	1.49789148823705e-09	2.20855304998985e-05	0.138782848368807	0.861195068602801
chr4	49214878	212	14	6.19	1.81945	2	226	1	4	1.00017164763402e-09	6.26446878246267e-09	0.00220717874465055	0.997792817990709
chr4	103808915	109	29	21.01	1.81945	2	138	1	2	0.000624438671914881	0.715323033042595	0.28397074917933	8.17831061599348e-05
chr4	103832649	58	8	12.12	1.81945	2	66	1	3	7.35083368347387e-08	0.00224387457306876	0.761284603137631	0.236471452780963
chr4	190805609	232	20	7.94	1.82513	2	252	1	4	1.02038799514851e-09	8.76537582773478e-07	0.0288023508587129	0.971196775583316
chr4	190878494	191	34	15.11	1.82513	2	225	1	3	2.64171086116167e-06	0.0361299107881527	0.943026678888341	0.0208407726126453
chr4	190878512	160	17	9.6	1.82513	2	177	1	4	1.9707541237259e-09	4.24588283577809e-05	0.187673544619029	0.812283998581859
chr4	190882909	24	7	22.58	1.82513	2	31	1	2	0.00170891242851328	0.869962266844631	0.12831565611127	1.31686155856789e-05
chr4	190882959	41	6	12.77	1.82513	2	47	1	3	1.70932512708041e-07	0.00454859817192257	0.851860599284906	0.143590635610659
chr5	34192944	418	43	9.33	1.84446	2	461	1	4	1.54352548448082e-09	2.40758598084303e-05	0.144498613439867	0.855477313156799
chr5	69515758	564	32	5.37	1.84446	2	596	1	4	1.00001355445678e-09	1.30213396900188e-09	0.000522606818117179	0.999477394879735
chr5	97912321	226	41	15.36	1.84446	2	267	1	3	3.48535092493144e-06	0.0438350653981166	0.93923251754047	0.0169289357104881
chr5	98858400	224	32	12.5	1.84446	2	256	1	3	1.21242364816352e-07	0.00342673412899945	0.819098713693072	0.177474434935564
chr5	98858401	226	32	12.4	1.84446	2	258	1	3	1.06502717884545e-07	0.00307464594009382	0.805254496928276	0.191670754628912
chr5	99727056	31	6	16.22	1.84446	2	37	1	3	8.87600357065963e-06	0.0823201323399564	0.909407033415437	0.00826396224103633
chr5	141052075	19	2	9.52	1.84446	2	21	0	NA	NA	NA	NA	NA
chr5	145718814	25	3	10.71	1.84446	2	28	0	NA	NA	NA	NA	NA
chr5	150567003	53	5	8.62	1.84446	2	58	1	4	1.10765901967013e-09	4.79669342617093e-06	0.0667088050695214	0.933286401129394
chr6	3154882	119	18	13.14	1.82564	2	137	1	3	2.70085260455963e-07	0.00657458934446754	0.886803926478006	0.106621218092266
chr6	30282108	44	7	13.73	1.82564	2	51	1	3	5.46743305434487e-07	0.0113895480570628	0.922962161004885	0.0656477481947472
chr6	30955053	61	5	7.58	1.82564	2	66	1	4	1.00810147518029e-09	3.35839348853454e-07	0.0178214146801599	0.98217825247239
chr6	30955143	38	8	17.39	1.82564	2	46	1	3	2.98773894468937e-05	0.17631233582519	0.82061045211756	0.00304733866780376
chr6	32497918	30	10	25	1.82564	2	40	1	2	0.00732070958720238	0.959724352595473	0.03295420338482	7.38432505013555e-07
chr6	32497928	30	9	23.08	1.82564	2	39	1	2	0.0023159587853455	0.900059484101394	0.0976172922765782	7.26883668255807e-06
chr6	32557365	21	12	36.36	1.82564	2	33	1	1	0.95520990648764	0.0447869247498407	3.17176241357622e-06	1.00010531407555e-09
chr6	33054619	39	17	30.36	1.82564	2	56	1	2	0.190461205119023	0.808178954595458	0.00135984200203524	2.28348351443013e-09
chr6	33368390	35	4	10.26	1.82564	2	39	1	4	4.64644513060149e-09	0.000151267117802767	0.325618584586318	0.674230147649434
chr6	43098282	27	2	6.9	1.82564	2	29	0	NA	NA	NA	NA	NA
chr6	66011362	46	8	14.81	1.82564	2	54	1	3	1.88849951934405e-06	0.0284779039791767	0.944773289675631	0.0267469218456732
chr6	111179575	67	9	11.84	1.82564	2	76	1	3	5.00879989276951e-08	0.00160689914873397	0.709475339962628	0.288917714800639
chr6	138195987	25	3	10.71	1.82564	2	28	0	NA	NA	NA	NA	NA
chr6	145148459	59	6	9.23	1.82564	2	65	1	4	1.43616092361863e-09	1.93836585778954e-05	0.130531259490132	0.869449359415129
chr6	161054859	328	60	15.46	4.19305	4	388	1	NA	NA	NA	NA	NA
chr6	167786750	64	22	25.58	1.72632	NA	86	1	NA	NA	NA	NA	NA
chr7	752813	18	2	10	1.82323	2	20	0	NA	NA	NA	NA	NA
chr7	5642852	19	2	9.52	1.82323	2	21	0	NA	NA	NA	NA	NA
chr7	47855085	29	2	6.45	1.82323	2	31	1	4	1.00036687766209e-09	1.31471229352872e-08	0.00336377245850758	0.996636217394002
chr7	56895283	98	20	16.95	1.82323	2	118	1	3	1.91073057979282e-05	0.134306781248649	0.861217118994676	0.00445699645087663
chr7	63213593	47	5	9.62	1.82323	2	52	1	4	2.01250766575093e-09	4.42339691669988e-05	0.191192816432074	0.808762951586251
chr7	63213599	52	6	10.34	1.82323	2	58	1	4	5.23980293709497e-09	0.000174408757759639	0.344953944237803	0.654871645764635
chr7	63213765	173	30	14.78	1.82323	2	203	1	3	1.82582340867948e-06	0.027797932970716	0.944777397707499	0.0274228474983765
chr7	63213974	167	22	11.64	3.62706	NA	189	1	NA	NA	NA	NA	NA
chr7	64292576	146	6	3.95	1.78287	2	152	1	4	1.00000008233867e-09	1.00072210338969e-09	2.49629715347816e-05	0.999975039027743
chr7	64292663	127	7	5.22	1.78287	2	134	1	4	1.00000829205722e-09	1.17181860034414e-09	0.000393199417080884	0.999606802411092
chr7	65306563	72	5	6.49	1.78287	2	77	1	4	1.00041164661185e-09	1.4777916587599e-08	0.00358418651115983	0.996415801710512
chr7	65306577	93	9	8.82	1.78287	2	102	1	4	1.1720807120058e-09	7.6868368255509e-06	0.0839000674127881	0.916092248578306
chr7	65306584	72	35	32.71	1.78287	2	107	1	1	0.558580764947478	0.441208491690952	0.000210746308839794	1.05273069619913e-09
chr7	65306616	63	34	35.05	1.78287	2	97	1	1	0.882490892824943	0.117492689444989	1.64207289469868e-05	1.00112065388219e-09
chr7	73477941	30	3	9.09	1.78287	2	33	1	4	1.31905225618567e-09	1.4225780735091e-05	0.112745366774678	0.887240410125535
chr7	75052095	52	3	5.45	1.78287	2	55	1	4	1.00001755047155e-09	1.40592379340823e-09	0.000606488224336295	0.999393513369722
chr7	76610346	9	13	59.09	1.78287	2	22	0	NA	NA	NA	NA	NA
chr7	76680113	32	25	43.86	1.78287	2	57	1	1	0.999939593331641	6.04085768006015e-05	1.09155858614318e-09	1.00000000005097e-09
chr7	99110187	21	3	12.5	1.78287	2	24	0	NA	NA	NA	NA	NA
chr7	100645759	1112	60	5.12	4.33971	NA	1172	1	NA	NA	NA	NA	NA
chr7	100679184	181	18	9.05	1.62947	NA	199	1	NA	NA	NA	NA	NA
chr7	100679192	188	19	9.18	1.62947	NA	207	1	NA	NA	NA	NA	NA
chr7	100680408	85	7	7.61	1.62947	NA	92	1	NA	NA	NA	NA	NA
chr7	100680416	87	8	8.42	1.62947	NA	95	1	NA	NA	NA	NA	NA
chr7	100680438	91	8	8.08	1.62947	NA	99	1	NA	NA	NA	NA	NA
chr7	102131189	52	9	14.75	1.85318	2	61	1	3	1.76516623923765e-06	0.0271323547695549	0.944749994501122	0.0281158895630836
chr7	102131229	38	6	13.64	1.85318	2	44	1	3	4.91755560507438e-07	0.0105010296545589	0.918774688193364	0.0707237943965167
chr7	128210643	39	9	18.75	1.85318	2	48	1	3	0.00010810384075073	0.35877947966331	0.640232732125376	0.000879688370563286
chr7	128292353	149	16	9.7	1.85318	2	165	1	4	2.19682268745419e-09	5.20303300805758e-05	0.205710951875031	0.794237019598065
chr7	128292569	91	29	24.17	1.85318	2	120	1	2	0.004452050581312	0.942628333922314	0.0529176382972631	1.98119911051181e-06
chr7	129951839	19	2	9.52	1.85318	2	21	0	NA	NA	NA	NA	NA
chr7	142460482	80	21	20.79	1.85318	2	101	1	2	0.000536677013085995	0.685641383907726	0.313717199254996	0.000104743824191726
chr8	3224619	49	3	5.77	1.68156	NA	52	1	NA	NA	NA	NA	NA
chr8	12036227	23	13	36.11	1.68156	NA	36	1	NA	NA	NA	NA	NA
chr8	12486761	96	13	11.93	1.68156	NA	109	1	NA	NA	NA	NA	NA
chr8	12486785	74	12	13.95	1.68156	NA	86	1	NA	NA	NA	NA	NA
chr8	12486799	41	9	18	1.68156	NA	50	1	NA	NA	NA	NA	NA
chr8	52731344	168	10	5.62	1.68156	NA	178	1	NA	NA	NA	NA	NA
chr8	52731369	137	8	5.52	1.68156	NA	145	1	NA	NA	NA	NA	NA
chr8	52732768	68	9	11.69	1.68156	NA	77	1	NA	NA	NA	NA	NA
chr8	52732781	73	10	12.05	1.68156	NA	83	1	NA	NA	NA	NA	NA
chr8	52733029	101	41	28.87	1.68156	NA	142	1	NA	NA	NA	NA	NA
chr8	52733030	122	16	11.59	1.68156	NA	138	1	NA	NA	NA	NA	NA
chr8	86569766	46	5	9.8	1.68156	NA	51	1	NA	NA	NA	NA	NA
chr8	86572085	364	150	29.18	1.68156	NA	514	1	NA	NA	NA	NA	NA
chr8	86840847	61	3	4.69	1.68156	NA	64	1	NA	NA	NA	NA	NA
chr8	101715243	66	5	7.04	1.68156	NA	71	1	NA	NA	NA	NA	NA
chr8	128428475	165	14	7.82	2.2253	2	179	1	4	1.01503714768989e-09	6.39548718390431e-07	0.0246087607482873	0.975390602687957
chr9	14701	328	24	6.82	1.68308	NA	352	1	NA	NA	NA	NA	NA
chr9	16967	41	6	12.77	1.68308	NA	47	1	NA	NA	NA	NA	NA
chr9	26926562	78	3	3.7	1.68308	NA	81	1	NA	NA	NA	NA	NA
chr9	33386023	15	6	28.57	1.68308	NA	21	0	NA	NA	NA	NA	NA
chr9	33386144	29	10	25.64	1.68308	NA	39	1	NA	NA	NA	NA	NA
chr9	33386146	28	10	26.32	1.68308	NA	38	1	NA	NA	NA	NA	NA
chr9	33386387	16	9	36	1.68308	NA	25	0	NA	NA	NA	NA	NA
chr9	33386393	19	8	29.63	1.68308	NA	27	0	NA	NA	NA	NA	NA
chr9	33386399	20	9	31.03	1.68308	NA	29	0	NA	NA	NA	NA	NA
chr9	33386400	20	9	31.03	1.68308	NA	29	0	NA	NA	NA	NA	NA
chr9	33798135	47	8	14.55	1.68308	NA	55	1	NA	NA	NA	NA	NA
chr9	41954571	236	19	7.45	1.68308	NA	255	1	NA	NA	NA	NA	NA
chr9	43151983	69	17	19.77	1.68308	NA	86	1	NA	NA	NA	NA	NA
chr9	44091269	81	11	11.96	1.68308	NA	92	1	NA	NA	NA	NA	NA
chr9	44091315	73	12	14.12	1.68308	NA	85	1	NA	NA	NA	NA	NA
chr9	45727963	129	38	22.75	1.68308	NA	167	1	NA	NA	NA	NA	NA
chr9	45727974	143	47	24.74	1.68308	NA	190	1	NA	NA	NA	NA	NA
chr9	45728006	168	62	26.96	1.68308	NA	230	1	NA	NA	NA	NA	NA
chr9	66499891	106	22	17.19	1.68308	NA	128	1	NA	NA	NA	NA	NA
chr9	66499897	102	13	11.3	1.68308	NA	115	1	NA	NA	NA	NA	NA
chr9	66499904	76	17	18.28	1.68308	NA	93	1	NA	NA	NA	NA	NA
chr9	66500712	29	19	39.58	1.68308	NA	48	1	NA	NA	NA	NA	NA
chr9	66500737	41	16	28.07	1.68308	NA	57	1	NA	NA	NA	NA	NA
chr9	66500772	71	8	10.13	1.68308	NA	79	1	NA	NA	NA	NA	NA
chr9	66501221	24	5	17.24	1.68308	NA	29	0	NA	NA	NA	NA	NA
chr9	66513513	156	8	4.88	1.68308	NA	164	1	NA	NA	NA	NA	NA
chr9	66513785	232	19	7.57	1.68308	NA	251	1	NA	NA	NA	NA	NA
chr9	66513854	380	51	11.83	1.68308	NA	431	1	NA	NA	NA	NA	NA
chr9	66513855	382	51	11.78	1.68308	NA	433	1	NA	NA	NA	NA	NA
chr9	66553619	28	2	6.67	1.68308	NA	30	1	NA	NA	NA	NA	NA
chr9	67957954	89	4	4.3	1.68308	NA	93	1	NA	NA	NA	NA	NA
chr9	68427840	327	36	9.92	1.68308	NA	363	1	NA	NA	NA	NA	NA
chr9	68427854	322	35	9.8	1.68308	NA	357	1	NA	NA	NA	NA	NA
chr9	68430193	637	70	9.9	1.68308	NA	707	1	NA	NA	NA	NA	NA
chr9	68430310	547	56	9.29	1.68308	NA	603	1	NA	NA	NA	NA	NA
chr9	68433612	144	34	19.1	1.68308	NA	178	1	NA	NA	NA	NA	NA
chr9	68433626	125	18	12.59	1.68308	NA	143	1	NA	NA	NA	NA	NA
chr9	68437641	27	6	18.18	1.68308	NA	33	1	NA	NA	NA	NA	NA
chr9	68438697	59	10	14.49	1.68308	NA	69	1	NA	NA	NA	NA	NA
chr9	69083162	176	9	4.86	1.68308	NA	185	1	NA	NA	NA	NA	NA
chr9	69424577	89	70	44.03	1.68308	NA	159	1	NA	NA	NA	NA	NA
chr9	69424583	104	59	36.2	1.68308	NA	163	1	NA	NA	NA	NA	NA
chr9	70919325	118	25	17.48	1.6888	NA	143	1	NA	NA	NA	NA	NA
chr9	101785652	23	2	8	1.55401	NA	25	0	NA	NA	NA	NA	NA
chr9	103114772	51	3	5.56	1.55401	NA	54	1	NA	NA	NA	NA	NA
chr9	124966264	53	3	5.36	1.55401	NA	56	1	NA	NA	NA	NA	NA
chr9	134361595	23	2	8	1.55401	NA	25	0	NA	NA	NA	NA	NA
chr9	135962189	24	7	22.58	1.55401	NA	31	1	NA	NA	NA	NA	NA
chr9	140674185	27	2	6.9	1.55401	NA	29	0	NA	NA	NA	NA	NA
chr9	141069942	16	10	38.46	1.55401	NA	26	0	NA	NA	NA	NA	NA
chr9	141069956	18	10	35.71	1.55401	NA	28	0	NA	NA	NA	NA	NA
chrX	7811214	32	6	15.79	1.89198	2	38	1	3	5.5829624713659e-06	0.0604827983681768	0.927675695588236	0.0118359270811157
chrX	73803020	265	21	7.34	1.89198	2	286	1	4	1.00430836270425e-09	1.73191302657375e-07	0.012769035109313	0.987230794695076
chrX	73803023	265	21	7.34	1.89198	2	286	1	4	1.00430836270425e-09	1.73191302657375e-07	0.012769035109313	0.987230794695076
chrX	73803029	277	20	6.73	1.89198	2	297	1	4	1.00081387641676e-09	2.99268181527124e-08	0.00520748148353194	0.994792491588836
chrX	73803042	270	18	6.25	1.89198	2	288	1	4	1.00020489448422e-09	7.40225332459905e-09	0.00243594061929446	0.997564054978247
chrX	118603929	31	5	13.89	1.89198	2	36	1	3	6.59329437757534e-07	0.0131318112291209	0.929376144787329	0.0574913886541121
chrX	118603941	29	6	17.14	1.89198	2	35	1	3	2.32118996728969e-05	0.151396108775564	0.844794945449389	0.0037857378753735
chrX	118827092	24	2	7.69	1.89198	2	26	0	NA	NA	NA	NA	NA
chrX	155252816	38	2	5	1.92559	2	40	1	4	1.00000396337796e-09	1.07309396019309e-09	0.000255579241837255	0.999744422685065
