chr	st	BC06T.ref	BC06T.var	BC06T.vaf	BC06T.cn	BC06T.cleancn	BC06T.depth	adequateDepth	cluster	cluster.prob.1	cluster.prob.2	cluster.prob.3
chr1	1588543	21	8	27.59	1.51635	NA	29	0	NA	NA	NA	NA
chr1	1654058	14	6	30	1.51635	NA	20	0	NA	NA	NA	NA
chr1	12891021	49	9	15.52	1.51635	NA	58	1	NA	NA	NA	NA
chr1	12891024	51	9	15	1.51635	NA	60	1	NA	NA	NA	NA
chr1	12891051	61	10	14.08	1.51635	NA	71	1	NA	NA	NA	NA
chr1	12954921	25	10	28.57	1.51635	NA	35	1	NA	NA	NA	NA
chr1	13183138	154	13	7.78	1.51635	NA	167	1	NA	NA	NA	NA
chr1	13184231	87	17	16.35	1.51635	NA	104	1	NA	NA	NA	NA
chr1	13184246	98	18	15.52	1.51635	NA	116	1	NA	NA	NA	NA
chr1	15802924	26	3	10.34	1.51635	NA	29	0	NA	NA	NA	NA
chr1	16892565	64	11	14.67	1.51635	NA	75	1	NA	NA	NA	NA
chr1	16893070	329	34	9.37	1.51635	NA	363	1	NA	NA	NA	NA
chr1	16893701	604	87	12.59	1.51635	NA	691	1	NA	NA	NA	NA
chr1	16894523	294	26	8.12	1.51635	NA	320	1	NA	NA	NA	NA
chr1	16902914	133	23	14.74	1.51635	NA	156	1	NA	NA	NA	NA
chr1	16903727	79	13	14.13	1.51635	NA	92	1	NA	NA	NA	NA
chr1	16903736	70	26	27.08	1.51635	NA	96	1	NA	NA	NA	NA
chr1	16907105	125	20	13.79	1.51635	NA	145	1	NA	NA	NA	NA
chr1	16912099	46	10	17.86	1.51635	NA	56	1	NA	NA	NA	NA
chr1	16914141	149	30	16.76	1.51635	NA	179	1	NA	NA	NA	NA
chr1	16914332	204	32	13.56	1.51635	NA	236	1	NA	NA	NA	NA
chr1	17081472	206	40	16.26	1.51635	NA	246	1	NA	NA	NA	NA
chr1	17082080	111	19	14.62	1.51635	NA	130	1	NA	NA	NA	NA
chr1	17084175	283	37	11.56	1.51635	NA	320	1	NA	NA	NA	NA
chr1	19561733	22	2	8.33	1.51635	NA	24	0	NA	NA	NA	NA
chr1	22191874	34	3	8.11	1.60081	NA	37	1	NA	NA	NA	NA
chr1	27088807	24	3	11.11	1.60081	NA	27	0	NA	NA	NA	NA
chr1	32160823	10	15	60	1.60081	NA	25	0	NA	NA	NA	NA
chr1	68627192	201	20	9.05	1.60081	NA	221	1	NA	NA	NA	NA
chr1	68628580	82	7	7.87	1.60081	NA	89	1	NA	NA	NA	NA
chr1	89652102	11	10	47.62	1.60081	NA	21	0	NA	NA	NA	NA
chr1	110776574	18	2	10	2.72489	NA	20	0	NA	NA	NA	NA
chr1	142619283	110	11	9.09	2.72489	NA	121	1	NA	NA	NA	NA
chr1	142660174	82	6	6.82	2.72489	NA	88	1	NA	NA	NA	NA
chr1	142721959	89	14	13.59	2.72489	NA	103	1	NA	NA	NA	NA
chr1	142805110	23	6	20.69	2.72489	NA	29	0	NA	NA	NA	NA
chr1	142808237	337	28	7.67	2.72489	NA	365	1	NA	NA	NA	NA
chr1	142810346	90	13	12.62	2.72489	NA	103	1	NA	NA	NA	NA
chr1	142813024	639	49	7.12	2.72489	NA	688	1	NA	NA	NA	NA
chr1	142815884	805	64	7.36	2.72489	NA	870	1	NA	NA	NA	NA
chr1	142815938	711	76	9.66	2.72489	NA	787	1	NA	NA	NA	NA
chr1	142819215	202	27	11.79	2.72489	NA	229	1	NA	NA	NA	NA
chr1	142819629	92	10	9.8	2.72489	NA	102	1	NA	NA	NA	NA
chr1	142819635	86	10	10.42	2.72489	NA	96	1	NA	NA	NA	NA
chr1	142819668	70	9	11.39	2.72489	NA	79	1	NA	NA	NA	NA
chr1	142820391	132	35	20.96	2.72489	NA	167	1	NA	NA	NA	NA
chr1	142822352	161	25	13.44	2.72489	NA	186	1	NA	NA	NA	NA
chr1	142822360	163	25	13.3	2.72489	NA	188	1	NA	NA	NA	NA
chr1	142822658	206	26	11.21	2.72489	NA	232	1	NA	NA	NA	NA
chr1	142827877	289	23	7.37	2.72489	NA	312	1	NA	NA	NA	NA
chr1	142891001	46	4	8	2.72489	NA	50	1	NA	NA	NA	NA
chr1	143188417	15	6	28.57	2.72489	NA	21	0	NA	NA	NA	NA
chr1	143195902	79	9	10.23	2.72489	NA	88	1	NA	NA	NA	NA
chr1	143209759	571	70	10.92	2.72489	NA	641	1	NA	NA	NA	NA
chr1	143223297	57	7	10.94	2.72489	NA	64	1	NA	NA	NA	NA
chr1	143230327	378	51	11.89	2.72489	NA	429	1	NA	NA	NA	NA
chr1	143380544	46	10	17.86	2.72489	NA	56	1	NA	NA	NA	NA
chr1	145209012	18	7	28	2.72489	NA	25	0	NA	NA	NA	NA
chr1	145290317	105	32	23.36	2.72489	NA	137	1	NA	NA	NA	NA
chr1	147597271	38	11	22.45	2.72489	NA	49	1	NA	NA	NA	NA
chr1	148853997	131	17	11.49	2.72489	NA	148	1	NA	NA	NA	NA
chr1	148876127	15	5	25	2.72489	NA	20	0	NA	NA	NA	NA
chr1	149262467	194	32	14.16	2.72489	NA	226	1	NA	NA	NA	NA
chr1	149369364	155	17	9.88	2.72489	NA	172	1	NA	NA	NA	NA
chr1	152187588	391	45	10.32	2.72489	NA	436	1	NA	NA	NA	NA
chr1	155319043	22	4	15.38	2.72489	NA	26	0	NA	NA	NA	NA
chr1	168511349	51	14	21.54	2.72489	NA	65	1	NA	NA	NA	NA
chr1	201178977	477	41	7.92	2.72489	NA	518	1	NA	NA	NA	NA
chr1	224136455	30	3	9.09	2.72489	NA	33	1	NA	NA	NA	NA
chr1	248617086	146	13	8.18	2.72489	NA	159	1	NA	NA	NA	NA
chr10	5010367	21	9	30	1.59394	NA	30	1	NA	NA	NA	NA
chr10	42832258	96	13	11.93	1.59394	NA	109	1	NA	NA	NA	NA
chr10	44052727	45	3	6.25	1.59394	NA	48	1	NA	NA	NA	NA
chr10	49239470	87	11	11.22	1.59394	NA	98	1	NA	NA	NA	NA
chr10	89125585	27	2	6.9	1.59394	NA	29	0	NA	NA	NA	NA
chr10	98126320	40	18	31.03	1.59394	NA	58	1	NA	NA	NA	NA
chr10	126309194	19	2	9.52	1.59394	NA	21	0	NA	NA	NA	NA
chr10	126677001	249	118	32.15	1.59394	NA	367	1	NA	NA	NA	NA
chr10	126677444	381	35	8.41	1.59394	NA	416	1	NA	NA	NA	NA
chr10	126677596	376	26	6.47	1.59394	NA	402	1	NA	NA	NA	NA
chr10	126683225	44	46	51.11	1.59394	NA	90	1	NA	NA	NA	NA
chr10	126686546	15	5	25	1.59394	NA	20	0	NA	NA	NA	NA
chr10	127585190	118	10	7.81	1.59394	NA	128	1	NA	NA	NA	NA
chr10	127585301	50	16	24.24	1.59394	NA	66	1	NA	NA	NA	NA
chr10	127585316	47	17	26.56	1.59394	NA	64	1	NA	NA	NA	NA
chr11	1016766	987	69	6.53	2.53678	NA	1057	1	NA	NA	NA	NA
chr11	1016887	907	62	6.4	2.53678	NA	969	1	NA	NA	NA	NA
chr11	1016919	747	58	7.2	2.53678	NA	806	1	NA	NA	NA	NA
chr11	1016960	693	55	7.35	2.53678	NA	748	1	NA	NA	NA	NA
chr11	1017059	599	40	6.26	2.53678	NA	639	1	NA	NA	NA	NA
chr11	1017068	655	45	6.43	2.53678	NA	700	1	NA	NA	NA	NA
chr11	1017116	550	37	6.3	2.53678	NA	587	1	NA	NA	NA	NA
chr11	1017200	762	92	10.77	2.53678	NA	854	1	NA	NA	NA	NA
chr11	1017211	735	74	9.15	2.53678	NA	809	1	NA	NA	NA	NA
chr11	1017280	583	88	13.11	2.53678	NA	671	1	NA	NA	NA	NA
chr11	1017294	546	65	10.64	2.53678	NA	611	1	NA	NA	NA	NA
chr11	1017655	226	23	9.24	2.53678	NA	249	1	NA	NA	NA	NA
chr11	1017841	727	57	7.27	2.53678	NA	784	1	NA	NA	NA	NA
chr11	1017869	744	83	10.04	2.53678	NA	827	1	NA	NA	NA	NA
chr11	1017870	822	71	7.95	2.53678	NA	893	1	NA	NA	NA	NA
chr11	1018256	234	35	13.01	2.53678	NA	269	1	NA	NA	NA	NA
chr11	1018266	253	38	13.06	2.53678	NA	291	1	NA	NA	NA	NA
chr11	1018279	210	64	23.36	2.53678	NA	274	1	NA	NA	NA	NA
chr11	1018290	187	31	14.22	2.53678	NA	218	1	NA	NA	NA	NA
chr11	1018292	214	34	13.71	2.53678	NA	248	1	NA	NA	NA	NA
chr11	1018329	202	44	17.89	2.53678	NA	246	1	NA	NA	NA	NA
chr11	6636243	30	33	52.38	2.53678	NA	63	1	NA	NA	NA	NA
chr11	51516144	41	49	54.44	2.53678	NA	90	1	NA	NA	NA	NA
chr11	61291853	25	2	7.41	1.22137	1	27	0	NA	NA	NA	NA
chr11	61643390	23	2	8	1.22137	1	25	0	NA	NA	NA	NA
chr11	64808533	23	2	8	1.22137	1	25	0	NA	NA	NA	NA
chr11	67490698	79	5	5.95	1.22137	1	84	1	NA	NA	NA	NA
chr11	117309985	26	3	10.34	1.29406	NA	29	0	NA	NA	NA	NA
chr11	124763624	18	13	41.94	1.29406	NA	31	1	NA	NA	NA	NA
chr12	7585247	5	26	83.87	2.26028	NA	31	1	NA	NA	NA	NA
chr12	9465235	34	3	8.11	2.26028	NA	37	1	NA	NA	NA	NA
chr12	11183121	189	26	12.09	2.26028	NA	215	1	NA	NA	NA	NA
chr12	11183123	185	26	12.32	2.26028	NA	211	1	NA	NA	NA	NA
chr12	11214273	211	25	10.59	2.26028	NA	236	1	NA	NA	NA	NA
chr12	11214299	199	29	12.72	2.26028	NA	228	1	NA	NA	NA	NA
chr12	11244199	144	20	12.2	2.26028	NA	164	1	NA	NA	NA	NA
chr12	58217259	56	5	8.2	2.26028	NA	61	1	NA	NA	NA	NA
chr12	58217261	55	5	8.33	2.26028	NA	60	1	NA	NA	NA	NA
chr12	58217267	53	4	7.02	2.26028	NA	57	1	NA	NA	NA	NA
chr12	58217269	50	4	7.41	2.26028	NA	54	1	NA	NA	NA	NA
chr12	109284051	66	5	7.04	2.26028	NA	71	1	NA	NA	NA	NA
chr13	19413073	68	19	21.84	1.65554	NA	87	1	NA	NA	NA	NA
chr13	19413087	55	13	19.12	1.65554	NA	68	1	NA	NA	NA	NA
chr13	19419995	84	13	13.4	1.65554	NA	97	1	NA	NA	NA	NA
chr13	19600126	14	11	44	1.65554	NA	25	0	NA	NA	NA	NA
chr13	25671667	107	19	15.08	1.65554	NA	126	1	NA	NA	NA	NA
chr13	25671672	109	17	13.49	1.65554	NA	126	1	NA	NA	NA	NA
chr13	25671679	98	18	15.52	1.65554	NA	116	1	NA	NA	NA	NA
chr13	25671688	98	12	10.91	1.65554	NA	110	1	NA	NA	NA	NA
chr13	111111117	27	2	6.9	1.65554	NA	29	0	NA	NA	NA	NA
chr14	19378117	353	45	11.31	1.92372	2	398	1	2	0.00121988280957109	0.8812946654993	0.117485454691129
chr14	20020201	40	10	20	1.92372	2	50	1	2	0.342218033380197	0.657781928924902	4.06949014753343e-08
chr14	36982416	41	3	6.82	1.92372	2	44	1	3	4.36862841955612e-06	0.0110330949056444	0.988962539465936
chr14	91233390	26	8	23.53	1.92372	2	34	1	1	0.926500028541205	0.0734999734526025	1.00619277334689e-09
chr15	28989968	41	8	16.33	1.88126	2	49	1	2	0.0281716616471789	0.971791300812545	3.70405402759808e-05
chr15	38992076	51	8	13.56	1.88126	2	59	1	2	0.00459794230646326	0.991635471576272	0.00376658911726523
chr15	56297909	60	19	24.05	1.88126	2	79	1	1	0.95411356457004	0.0458864374285371	1.00142280236784e-09
chr15	74364778	30	3	9.09	1.88126	2	33	1	3	0.000123386737068135	0.211357055020288	0.788519561242643
chr15	75631587	25	2	7.41	1.88126	2	27	0	NA	NA	NA	NA
chr15	78208286	37	6	13.95	1.88126	2	43	1	2	0.00583137803390713	0.992168687493245	0.00199993747284813
chr15	78208300	35	8	18.6	1.88126	2	43	1	2	0.140631906307974	0.859367459957082	6.36734943289606e-07
chr15	78208321	25	9	26.47	1.88126	2	34	1	1	0.99577877768842	0.0042212243115788	1.00000112063659e-09
chr15	78209668	24	7	22.58	1.88126	2	31	1	1	0.837510328452965	0.162489673463764	1.08327023346329e-09
chr15	94576903	13	10	43.48	1.88126	2	23	0	NA	NA	NA	NA
chr16	3000043	16	13	44.83	1.80638	2	29	0	NA	NA	NA	NA
chr16	29394256	30	3	9.09	1.80638	2	33	1	3	0.000123386737068135	0.211357055020288	0.788519561242643
chr16	29496754	63	9	12.5	1.80638	2	72	1	2	0.00247394936619243	0.97726007071742	0.0202659829163875
chr16	29496755	64	10	13.51	1.80638	2	74	1	2	0.00446188063307578	0.9914549723034	0.00408315006352421
chr16	29496758	70	7	9.09	1.80638	2	77	1	3	0.000123386737068135	0.211357055020288	0.788519561242643
chr16	29496770	107	13	10.83	1.80638	2	120	1	2	0.00086984137996837	0.781541111620784	0.217589049999248
chr16	29496772	114	16	12.31	1.80638	2	130	1	2	0.00221875436157377	0.970602162640194	0.0271790859982326
chr16	29606297	18	2	10	1.80638	2	20	0	NA	NA	NA	NA
chr16	33544231	89	17	16.04	1.80638	2	106	1	2	0.023020715299382	0.976918345367065	6.09423335526776e-05
chr16	33544247	104	15	12.61	1.80638	2	119	1	2	0.00263507592761098	0.980290064170588	0.0170748629018015
chr16	33717921	19	6	24	1.80638	2	25	0	NA	NA	NA	NA
chr16	33961471	15	5	25	1.80638	2	20	0	NA	NA	NA	NA
chr16	51174941	57	4	6.56	1.80638	2	61	1	3	3.10113560334432e-06	0.00783271347803626	0.99216418838636
chr16	53525715	105	7	6.25	1.80638	2	112	1	3	2.10202038328305e-06	0.00523023719851365	0.994767663781103
chr16	55854259	31	11	26.19	1.80638	2	42	1	1	0.99437058967012	0.00562941232987687	1.000002616437e-09
chr16	69997572	48	14	22.58	1.80638	2	62	1	1	0.837510328452965	0.162489673463764	1.08327023346329e-09
chr16	89178474	24	10	29.41	1.80638	2	34	1	1	0.999821303434906	0.000178698565094229	1.000000000114e-09
chr17	8137799	37	3	7.5	1.81353	2	40	1	3	1.13665436281099e-05	0.0273349953233415	0.97265364113303
chr17	10258359	63	33	34.38	1.81353	2	96	1	1	0.999999504128675	4.97871324921361e-07	1e-09
chr17	18380399	22	3	12	1.81353	2	25	0	NA	NA	NA	NA
chr17	20297545	42	8	16	1.81353	2	50	1	2	0.0223923287052472	0.977542417995111	6.52562996413691e-05
chr17	20768132	107	36	25.17	1.81353	2	143	1	1	0.98430314267546	0.0156968593244852	1.00005497236753e-09
chr17	20768134	107	35	24.65	1.81353	2	142	1	1	0.97395648539617	0.0260435166035779	1.00025224880519e-09
chr17	20768137	108	36	25	1.81353	2	144	1	1	0.981451905845469	0.0185480961544406	1.00009066913903e-09
chr17	20768142	111	39	26	1.81353	2	150	1	1	0.993166230671549	0.00683377132844604	1.00000463816216e-09
chr17	21904951	519	35	6.32	1.81353	2	554	1	3	2.290380449151e-06	0.00572683988816277	0.994270872731388
chr17	39406691	174	25	12.56	1.81353	2	199	1	2	0.00256053862813039	0.978979455497362	0.0184600088745073
chr17	39406713	194	34	14.91	1.81353	2	228	1	2	0.0107407650068471	0.988848611698043	0.000410626295109551
chr17	39406737	189	36	16	1.81353	2	225	1	2	0.0223923287052472	0.977542417995111	6.52562996413691e-05
chr17	39406755	169	36	17.56	1.81353	2	205	1	2	0.0674690448039093	0.932526679052871	4.27914321954654e-06
chr17	39406763	165	37	18.32	1.81353	2	202	1	2	0.115729672464061	0.884269257041098	1.07349484066503e-06
chr17	39406774	169	36	17.56	1.81353	2	205	1	2	0.0674690448039093	0.932526679052871	4.27914321954654e-06
chr17	40345064	22	3	12	1.81353	2	25	0	NA	NA	NA	NA
chr17	45214690	289	31	9.69	1.81353	2	320	1	3	0.00027846753668745	0.392708461409642	0.607013074053671
chr17	45221261	49	10	16.95	1.81353	2	59	1	2	0.0436498104275527	0.95633758384351	1.26087289375532e-05
chr17	45221281	57	11	16.18	1.81353	2	68	1	2	0.0253709137462303	0.974581146287643	4.79429661261441e-05
chr17	60344343	35	18	33.96	1.81353	2	53	1	1	0.999999162285848	8.39714152268232e-07	1e-09
chr17	62079534	39	3	7.14	1.81353	2	42	1	3	6.78434496186845e-06	0.016883994785175	0.983109223869863
chr17	71745563	109	18	14.17	1.81353	2	127	1	2	0.00668580515683553	0.991918572785319	0.00139562505784531
chr18	48338	150	23	13.29	1.34779	NA	173	1	NA	NA	NA	NA
chr18	14183574	29	8	21.62	1.34779	NA	37	1	NA	NA	NA	NA
chr18	14183818	102	33	24.44	1.34779	NA	135	1	NA	NA	NA	NA
chr18	14196968	46	8	14.81	1.34779	NA	54	1	NA	NA	NA	NA
chr18	14217919	47	7	12.96	1.34779	NA	54	1	NA	NA	NA	NA
chr18	14220978	25	4	13.79	1.34779	NA	29	0	NA	NA	NA	NA
chr18	14226725	33	6	15.38	1.34779	NA	39	1	NA	NA	NA	NA
chr18	14226730	32	6	15.79	1.34779	NA	38	1	NA	NA	NA	NA
chr18	14226746	32	6	15.79	1.34779	NA	38	1	NA	NA	NA	NA
chr18	14337944	108	12	10	1.34779	NA	120	1	NA	NA	NA	NA
chr18	14779941	28	9	24.32	1.34779	NA	37	1	NA	NA	NA	NA
chr18	15271452	71	5	6.58	1.34779	NA	76	1	NA	NA	NA	NA
chr18	44549509	22	2	8.33	1.34779	NA	24	0	NA	NA	NA	NA
chr18	47349683	53	7	11.67	1.34779	NA	60	1	NA	NA	NA	NA
chr18	47349684	53	8	13.11	1.34779	NA	61	1	NA	NA	NA	NA
chr18	47349692	55	12	17.91	1.34779	NA	67	1	NA	NA	NA	NA
chr18	74090857	18	3	14.29	1.34779	NA	21	0	NA	NA	NA	NA
chr19	501725	19	17	47.22	1.73628	NA	36	1	NA	NA	NA	NA
chr19	8999409	89	7	7.29	1.73628	NA	96	1	NA	NA	NA	NA
chr19	8999411	90	7	7.22	1.73628	NA	97	1	NA	NA	NA	NA
chr19	8999422	90	7	7.22	1.73628	NA	97	1	NA	NA	NA	NA
chr19	8999439	102	7	6.42	1.73628	NA	109	1	NA	NA	NA	NA
chr19	8999448	111	7	5.93	1.73628	NA	118	1	NA	NA	NA	NA
chr19	8999456	111	7	5.93	1.73628	NA	118	1	NA	NA	NA	NA
chr19	41349550	30	11	26.83	1.73628	NA	41	1	NA	NA	NA	NA
chr19	41384781	55	11	16.67	1.73628	NA	66	1	NA	NA	NA	NA
chr19	45783676	17	8	32	1.73628	NA	25	0	NA	NA	NA	NA
chr19	46913897	24	14	36.84	1.73628	NA	38	1	NA	NA	NA	NA
chr19	52839700	34	3	8.11	1.73628	NA	37	1	NA	NA	NA	NA
chr19	55250849	16	5	23.81	1.73628	NA	21	0	NA	NA	NA	NA
chr19	55275271	23	9	28.12	1.73628	NA	32	1	NA	NA	NA	NA
chr19	55359195	81	19	19	1.73628	NA	100	1	NA	NA	NA	NA
chr19	55377884	36	9	20	1.73628	NA	45	1	NA	NA	NA	NA
chr2	74666696	40	3	6.98	1.60603	NA	43	1	NA	NA	NA	NA
chr2	89104958	82	8	8.89	1.60603	NA	90	1	NA	NA	NA	NA
chr2	89104985	94	7	6.93	1.60603	NA	101	1	NA	NA	NA	NA
chr2	89105045	109	10	8.4	1.60603	NA	119	1	NA	NA	NA	NA
chr2	91824833	136	27	16.56	1.60603	NA	163	1	NA	NA	NA	NA
chr2	92102193	79	11	12.22	1.60603	NA	90	1	NA	NA	NA	NA
chr2	95474224	47	15	24.19	1.60603	NA	62	1	NA	NA	NA	NA
chr2	95474236	60	13	17.81	1.60603	NA	73	1	NA	NA	NA	NA
chr2	95474269	79	21	21	1.60603	NA	100	1	NA	NA	NA	NA
chr2	95502527	29	6	17.14	1.60603	NA	35	1	NA	NA	NA	NA
chr2	95505481	36	8	18.18	1.60603	NA	44	1	NA	NA	NA	NA
chr2	95509833	52	14	21.21	1.60603	NA	66	1	NA	NA	NA	NA
chr2	95511185	92	13	12.38	1.60603	NA	105	1	NA	NA	NA	NA
chr2	95511218	82	18	18	1.60603	NA	100	1	NA	NA	NA	NA
chr2	95512198	47	17	26.56	1.60603	NA	64	1	NA	NA	NA	NA
chr2	95512218	52	17	24.64	1.60603	NA	69	1	NA	NA	NA	NA
chr2	95513593	110	11	9.09	1.60603	NA	121	1	NA	NA	NA	NA
chr2	95513690	108	9	7.69	1.60603	NA	117	1	NA	NA	NA	NA
chr2	96522086	112	12	9.68	1.60603	NA	124	1	NA	NA	NA	NA
chr2	96594777	29	8	21.62	1.60603	NA	37	1	NA	NA	NA	NA
chr2	96594840	69	14	16.87	1.60603	NA	83	1	NA	NA	NA	NA
chr2	96594858	77	15	16.3	1.60603	NA	92	1	NA	NA	NA	NA
chr2	96594874	83	20	19.42	1.60603	NA	103	1	NA	NA	NA	NA
chr2	96594878	81	19	19	1.60603	NA	100	1	NA	NA	NA	NA
chr2	96594881	80	21	20.79	1.60603	NA	101	1	NA	NA	NA	NA
chr2	96594883	82	20	19.61	1.60603	NA	102	1	NA	NA	NA	NA
chr2	96601507	76	10	11.63	1.60603	NA	86	1	NA	NA	NA	NA
chr2	96610811	28	7	20	1.60603	NA	35	1	NA	NA	NA	NA
chr2	96616597	25	8	24.24	1.60603	NA	33	1	NA	NA	NA	NA
chr2	96616599	23	8	25.81	1.60603	NA	31	1	NA	NA	NA	NA
chr2	96616607	21	8	27.59	1.60603	NA	29	0	NA	NA	NA	NA
chr2	96616622	17	5	22.73	1.60603	NA	22	0	NA	NA	NA	NA
chr2	97812323	26	5	16.13	1.60603	NA	31	1	NA	NA	NA	NA
chr2	97812327	26	5	16.13	1.60603	NA	31	1	NA	NA	NA	NA
chr2	97829866	46	10	17.86	1.60603	NA	56	1	NA	NA	NA	NA
chr2	97833399	58	6	9.38	1.60603	NA	64	1	NA	NA	NA	NA
chr2	98928307	18	3	14.29	1.63773	NA	21	0	NA	NA	NA	NA
chr2	114352916	65	16	19.75	1.63592	NA	81	1	NA	NA	NA	NA
chr2	114353008	34	8	19.05	1.63592	NA	42	1	NA	NA	NA	NA
chr2	114353009	37	4	9.76	1.63592	NA	41	1	NA	NA	NA	NA
chr2	114353282	172	23	11.79	1.63592	NA	195	1	NA	NA	NA	NA
chr2	114356423	80	8	9.09	1.63592	NA	88	1	NA	NA	NA	NA
chr2	120362266	37	4	9.76	1.63592	NA	41	1	NA	NA	NA	NA
chr2	132043921	46	7	13.21	1.63592	NA	53	1	NA	NA	NA	NA
chr2	132043938	51	12	19.05	1.63592	NA	63	1	NA	NA	NA	NA
chr2	132861088	30	8	21.05	1.63592	NA	38	1	NA	NA	NA	NA
chr2	132861111	35	9	20.45	1.63592	NA	44	1	NA	NA	NA	NA
chr2	132861114	36	9	20	1.63592	NA	45	1	NA	NA	NA	NA
chr2	132861139	54	14	20.59	1.63592	NA	68	1	NA	NA	NA	NA
chr2	132861885	41	10	19.61	1.63592	NA	51	1	NA	NA	NA	NA
chr2	133015261	165	21	11.29	1.63592	NA	186	1	NA	NA	NA	NA
chr2	133015268	107	20	15.75	1.63592	NA	127	1	NA	NA	NA	NA
chr2	141598652	35	3	7.89	1.63592	NA	38	1	NA	NA	NA	NA
chr2	179575503	24	9	27.27	1.63592	NA	33	1	NA	NA	NA	NA
chr2	204055840	171	18	9.52	1.63592	NA	189	1	NA	NA	NA	NA
chr2	207457390	36	25	40.98	1.63592	NA	61	1	NA	NA	NA	NA
chr2	231912025	44	12	21.43	1.63592	NA	56	1	NA	NA	NA	NA
chr20	3672022	21	2	8.7	1.85241	2	23	0	NA	NA	NA	NA
chr20	13936793	30	14	31.82	1.85241	2	44	1	1	0.999988798802594	1.12031974065059e-05	1.00000000000004e-09
chr20	25754055	74	10	11.9	1.85241	2	84	1	2	0.00175073428271039	0.947720893190707	0.0505283755265821
chr20	29449597	99	8	7.48	1.85241	2	107	1	3	1.10396987460788e-05	0.0266119236430177	0.973377039658236
chr20	29612064	15	5	25	1.85241	2	20	0	NA	NA	NA	NA
chr20	29624093	213	14	6.17	1.85241	2	227	1	3	1.90848083485689e-06	0.00471694524655302	0.995281149272612
chr20	29628216	250	27	9.75	1.85241	2	277	1	3	0.000299916444385166	0.41409668311727	0.585603403438345
chr20	29632562	215	16	6.93	1.85241	2	231	1	3	5.07124917237036e-06	0.0127654118473449	0.987229519903483
chr20	29632583	325	23	6.61	1.85241	2	348	1	3	3.30867989462835e-06	0.00836401606588688	0.991632678254218
chr20	29632673	630	52	7.62	1.85241	2	682	1	3	1.35561298277506e-05	0.0321052361025274	0.967881210767645
chr20	29632784	339	22	6.09	1.85241	2	361	1	3	1.73558580383548e-06	0.00425576813188789	0.995742499282308
chr20	29633823	110	20	15.38	1.85241	2	130	1	2	0.0146716741813692	0.985141505893059	0.000186822925572077
chr20	29637779	115	10	8	1.85241	2	125	1	3	2.39292338944035e-05	0.0533460662501814	0.946630007515924
chr20	60913143	19	5	20.83	1.85241	2	24	0	NA	NA	NA	NA
chr20	62923006	77	19	19.79	1.85241	2	96	1	2	0.303432745201243	0.696567195357113	6.24416432610231e-08
chr21	9892085	191	30	13.57	1.85472	2	221	1	2	0.00462570140938851	0.991668064982729	0.00370623660788296
chr21	9907963	134	15	10.07	1.85472	2	149	1	2	0.000433761577174311	0.532287113031808	0.467279128391017
chr21	9968507	40	11	21.57	1.85472	2	51	1	1	0.672169838067494	0.327830162820374	2.11213162207595e-09
chr21	11021095	257	32	11.07	1.85472	2	289	1	2	0.00103742728923207	0.837455723701899	0.161506852008869
chr21	11039055	471	39	7.65	1.85472	2	510	1	3	1.41704803287652e-05	0.0334222267674024	0.966563605752269
chr21	11039079	547	56	9.29	1.85472	2	603	1	3	0.000163907237920652	0.264089398866376	0.735746696895703
chr21	11057743	119	19	13.77	1.85472	2	138	1	2	0.00522171043153772	0.992097618116054	0.00268067445240785
chr21	11057751	131	40	23.39	1.85472	2	171	1	1	0.916880743192114	0.0831192587987326	1.00915336635476e-09
chr21	14468783	137	22	13.84	1.85472	2	159	1	2	0.00545000088422748	0.992157603845567	0.00239239827020597
chr21	15339761	98	42	30	1.85472	2	140	1	1	0.999907960575647	9.20414243532739e-05	1.00000000001692e-09
chr22	16449536	53	7	11.67	1.78349	2	60	1	2	0.0015273740195922	0.927672328741182	0.070800300239226
chr22	18769081	33	9	21.43	1.78349	2	42	1	1	0.643971805273022	0.356028195161156	2.56582166542734e-09
chr22	18843446	38	6	13.64	1.78349	2	44	1	2	0.0048252844286329	0.991865121647528	0.0033095969238388
chr22	21065797	39	3	7.14	1.78349	2	42	1	3	6.78434496186845e-06	0.016883994785175	0.983109223869863
chr22	29137790	20	2	9.09	1.78349	2	22	0	NA	NA	NA	NA
chr3	8730201	170	15	8.11	1.95708	2	185	1	3	2.82687597575816e-05	0.0617259625803877	0.938245771659855
chr3	52728484	63	12	16	1.95708	2	75	1	2	0.0223923287052472	0.977542417995111	6.52562996413691e-05
chr3	75713903	77	17	18.09	1.95708	2	94	1	2	0.098408814946957	0.901589548545617	1.63950742624929e-06
chr3	75713904	77	17	18.09	1.95708	2	94	1	2	0.098408814946957	0.901589548545617	1.63950742624929e-06
chr3	75713955	86	12	12.24	1.95708	2	98	1	2	0.00213142106920762	0.96761216418345	0.0302564177473429
chr3	75713958	80	16	16.67	1.95708	2	96	1	2	0.0357862413669781	0.964193200556665	2.05610763568519e-05
chr3	75713963	83	15	15.31	1.95708	2	98	1	2	0.0139987872383373	0.985791033331451	0.000210182430211483
chr3	75790886	56	6	9.68	1.95708	2	62	1	3	0.000275004680318709	0.389184344239948	0.610540654079734
chr3	101133219	74	16	17.78	1.95708	2	90	1	2	0.0789456773089874	0.921051444780393	2.88091061951767e-06
chr3	101133220	74	16	17.78	1.95708	2	90	1	2	0.0789456773089874	0.921051444780393	2.88091061951767e-06
chr3	101133225	79	16	16.84	1.95708	2	95	1	2	0.0403672749323905	0.959617441347128	1.52867204813172e-05
chr3	101133227	84	16	16	1.95708	2	100	1	2	0.0223923287052472	0.977542417995111	6.52562996413691e-05
chr3	195412863	140	17	10.83	1.98866	2	157	1	2	0.00086984137996837	0.781541111620784	0.217589049999248
chr3	195507144	276	34	10.97	1.98866	2	310	1	2	0.000965887302918986	0.815676620631976	0.183357495065105
chr3	195507605	278	47	14.46	1.98866	2	325	1	2	0.00803009629423516	0.99110375696235	0.000866149743414483
chr3	195507614	253	45	15.1	1.98866	2	298	1	2	0.0121722775258273	0.987528764270549	0.000298961203624065
chr3	195507620	265	43	13.96	1.98866	2	308	1	2	0.00586748595079009	0.992164939457299	0.00196757759191052
chr3	195511431	253	34	11.85	1.98866	2	287	1	2	0.00170009305717901	0.943886161500899	0.0544137484419217
chr3	195512629	820	54	6.18	1.98866	2	874	1	3	1.93149306432822e-06	0.0047781394265636	0.995219932080372
chr3	195690139	80	31	27.93	1.98866	2	111	1	1	0.999094834523356	0.000905167476643889	1.00000001244914e-09
chr3	195690149	85	29	25.44	1.98866	2	114	1	1	0.987988613120696	0.0120113888792795	1.0000247236296e-09
chr3	197947632	33	5	13.16	1.98866	2	38	1	2	0.00362500847886252	0.98921483631527	0.00716015820586702
chr4	9250422	134	19	12.42	1.99474	2	153	1	2	0.00236310769807821	0.974695958587645	0.0229409367142763
chr4	9370469	94	6	6	1.99474	2	100	1	3	1.56285635822225e-06	0.00379253827435469	0.996205901869287
chr4	49165376	75	6	7.41	1.99474	2	81	1	3	9.97238276302429e-06	0.0242289536953075	0.97576107692193
chr4	49215012	103	15	12.71	1.99474	2	118	1	2	0.00279100497056791	0.982608628107978	0.0146003699214545
chr4	119526915	72	15	17.24	1.99474	2	87	1	2	0.053676185950815	0.946316252755036	7.56429414929327e-06
chr4	122854059	17	5	22.73	1.99474	2	22	0	NA	NA	NA	NA
chr4	190805623	80	7	8.05	2.09914	2	87	1	3	2.58101673202777e-05	0.057009040595221	0.942965152237459
chr4	190878563	225	29	11.42	2.09914	2	254	1	2	0.00130912068220571	0.8977186101563	0.100972272161494
chr4	190882911	43	7	14	2.09914	2	50	1	2	0.00601440893338915	0.992142375958594	0.00184321810801686
chr4	190882917	45	7	13.46	2.09914	2	52	1	2	0.00433025391628017	0.991243922355427	0.00442582672829248
chr5	21482593	264	18	6.38	2.01349	2	282	1	3	2.46753747362888e-06	0.00619130233421035	0.993806233128316
chr5	34192694	1027	71	6.47	2.01349	2	1097	1	3	2.76368920277411e-06	0.00696226688392667	0.993034972426871
chr5	34192944	703	45	6.02	2.01349	2	748	1	3	1.59939312613042e-06	0.0038907306459929	0.996107672960881
chr5	131302124	20	11	35.48	1.9602	2	31	1	1	0.999999877803129	1.24196871239092e-07	1e-09
chr5	140563931	40	14	25.93	1.9602	2	54	1	1	0.992662544394818	0.00733745760517571	1.00000572388357e-09
chr5	150656599	51	27	34.62	1.9602	2	78	1	1	0.999999633413157	3.68586843332626e-07	1e-09
chr5	177474623	31	2	6.06	1.9602	2	33	1	3	1.67558628608275e-06	0.00409514214126652	0.995903185272447
chr5	177482830	105	8	7.08	1.9602	2	113	1	3	6.23797094959062e-06	0.0155853281998994	0.984408436829151
chr5	177482832	107	8	6.96	1.9602	2	115	1	3	5.28391169735539e-06	0.0132844610645447	0.986710258023758
chr5	177482834	108	8	6.9	1.9602	2	116	1	3	4.86798159975545e-06	0.0122670566703466	0.987728078348054
chr5	177482842	108	8	6.9	1.9602	2	116	1	3	4.86798159975545e-06	0.0122670566703466	0.987728078348054
chr5	177482847	109	8	6.84	1.9602	2	117	1	3	4.48791516114403e-06	0.011329153803577	0.988666361281262
chr6	13053706	35	6	14.63	2.52836	NA	41	1	NA	NA	NA	NA
chr6	31322963	30	4	11.76	2.52836	NA	34	1	NA	NA	NA	NA
chr6	32489795	3	12	80	2.52836	NA	15	0	NA	NA	NA	NA
chr6	56141265	71	13	15.48	2.52836	NA	84	1	NA	NA	NA	NA
chr6	57398226	76	95	55.56	2.52836	NA	171	1	NA	NA	NA	NA
chr6	105548577	42	4	8.7	1.30532	NA	46	1	NA	NA	NA	NA
chr6	150346508	20	2	9.09	1.30532	NA	22	0	NA	NA	NA	NA
chr6	167596056	10	12	54.55	1.30532	NA	22	0	NA	NA	NA	NA
chr6	168188192	20	2	9.09	1.30532	NA	22	0	NA	NA	NA	NA
chr6	168377094	34	10	22.73	1.30532	NA	44	1	NA	NA	NA	NA
chr6	170567456	23	2	8	1.30532	NA	25	0	NA	NA	NA	NA
chr7	966141	18	3	14.29	1.9025	2	21	0	NA	NA	NA	NA
chr7	24784225	45	4	8.16	1.87918	2	49	1	3	3.04995208937299e-05	0.0659411937196806	0.934028309759426
chr7	28859625	27	19	41.3	1.87918	2	46	1	1	1.00000000095714	1.04285935237158e-09	1e-09
chr7	44080367	40	3	6.98	1.87918	2	43	1	3	5.43113025313517e-06	0.0136424139104052	0.986352157959342
chr7	50742182	26	3	10.34	1.87918	2	29	0	NA	NA	NA	NA
chr7	56900517	95	14	12.84	1.87918	2	109	1	2	0.00300840107512291	0.985092316196084	0.0118992857287931
chr7	56900525	108	22	16.92	1.87918	2	130	1	2	0.0427282700081907	0.957258443427452	1.32895643570274e-05
chr7	56900528	107	23	17.69	1.87918	2	130	1	2	0.0740349464584192	0.9259616680697	3.38847188068856e-06
chr7	63204605	64	10	13.51	1.87918	2	74	1	2	0.00446188063307578	0.9914549723034	0.00408315006352421
chr7	63204608	59	10	14.49	1.87918	2	69	1	2	0.00818530670048357	0.990990399386814	0.000824296912701908
chr7	63204646	59	13	18.06	1.87918	2	72	1	2	0.0963397986916522	0.90365847228653	1.73202181746425e-06
chr7	63204652	60	12	16.67	1.87918	2	72	1	2	0.0357862413669781	0.964193200556665	2.05610763568519e-05
chr7	65305734	42	3	6.67	1.87918	2	45	1	3	3.57871407541319e-06	0.00905085680363984	0.990945567482285
chr7	65306553	74	10	11.9	1.87918	2	84	1	2	0.00175073428271039	0.947720893190707	0.0505283755265821
chr7	102233335	40	4	9.09	1.87918	2	44	1	3	0.000123386737068135	0.211357055020288	0.788519561242643
chr7	102782190	119	10	7.75	1.87918	2	129	1	3	1.6438817967036e-05	0.038211847448815	0.961771716733218
chr7	102782232	87	11	11.22	1.87918	2	98	1	2	0.00114958975244482	0.86619589851731	0.132654514730246
chr7	102782288	71	9	11.25	1.87918	2	80	1	2	0.001172760616721	0.871401477795375	0.127425764587904
chr7	102782290	71	9	11.25	1.87918	2	80	1	2	0.001172760616721	0.871401477795375	0.127425764587904
chr7	102782293	72	9	11.11	1.87918	2	81	1	2	0.00106675340615417	0.845572259303342	0.153360990290503
chr7	102782306	72	9	11.11	1.87918	2	81	1	2	0.00106675340615417	0.845572259303342	0.153360990290503
chr8	12036280	31	14	31.11	1.93214	2	45	1	1	0.999974251360423	2.57506395768211e-05	1.00000000000044e-09
chr8	22398503	41	25	37.88	1.93214	2	66	1	1	0.999999995785148	6.21485207596379e-09	1e-09
chr8	52732768	81	14	14.74	1.96605	2	95	1	2	0.00961428310710039	0.989840864759992	0.000544855132907231
chr8	52732781	80	14	14.89	1.96605	2	94	1	2	0.010601065675063	0.988974394249195	0.000424543075741903
chr8	56675510	62	10	13.89	1.96605	2	72	1	2	0.00561982259821615	0.992174777755711	0.00220540264607299
chr8	76470851	33	26	44.07	1.96605	2	59	1	1	1.00000000099933	1.00066960641129e-09	1e-09
chr8	86571977	61	10	14.08	1.96605	2	71	1	2	0.00632060425441502	0.992062116714743	0.00161728203084172
chr8	86573016	22	3	12	1.96605	2	25	0	NA	NA	NA	NA
chr8	94935483	44	9	16.98	1.96605	2	53	1	2	0.0445917381875579	0.955396302620471	1.1962191970699e-05
chr8	98900368	25	4	13.79	1.96605	2	29	0	NA	NA	NA	NA
chr9	29474	19	7	26.92	1.88583	2	26	0	NA	NA	NA	NA
chr9	33795731	27	12	30.77	1.88583	2	39	1	1	0.999961827371097	3.81746289031514e-05	1.00000000000136e-09
chr9	35057227	34	3	8.11	1.88583	2	37	1	3	2.82687597575816e-05	0.0617259625803877	0.938245771659855
chr9	44110557	68	6	8.11	1.88583	2	74	1	3	2.82687597575816e-05	0.0617259625803877	0.938245771659855
chr9	44110559	67	6	8.22	1.88583	2	73	1	3	3.34140085170185e-05	0.0713629213722465	0.928603667619237
chr9	44110588	58	5	7.94	1.88583	2	63	1	3	2.1856970360207e-05	0.0492514818751267	0.950726664154513
chr9	45424492	60	12	16.67	1.88583	2	72	1	2	0.0357862413669781	0.964193200556665	2.05610763568519e-05
chr9	45424494	64	10	13.51	1.88583	2	74	1	2	0.00446188063307578	0.9914549723034	0.00408315006352421
chr9	45424513	66	12	15.38	1.88583	2	78	1	2	0.0146716741813692	0.985141505893059	0.000186822925572077
chr9	45727954	80	43	34.96	1.88583	2	123	1	1	0.999999761809937	2.4019006340557e-07	1e-09
chr9	66499888	155	16	9.36	1.88583	2	171	1	3	0.000180557284872086	0.28450150412529	0.715317941589838
chr9	67293386	115	12	9.45	1.88583	2	127	1	3	0.000204001398211045	0.312157241634969	0.68763875996682
chr9	67938832	32	5	13.51	1.88583	2	37	1	2	0.00446188063307578	0.9914549723034	0.00408315006352421
chr9	67958009	247	16	6.08	1.88583	2	263	1	3	1.71530590451454e-06	0.00420151005774785	0.995796777636348
chr9	68430310	614	71	10.36	1.88583	2	685	1	2	0.000582087895695564	0.637434455467406	0.361983459636898
chr9	68433522	211	36	14.57	1.88583	2	247	1	2	0.00861552268237927	0.990662284108395	0.00072219620922583
chr9	68433567	249	41	14.14	1.88583	2	290	1	2	0.00656154743916158	0.991972493880692	0.00146596168014685
chr9	68433612	226	42	15.67	1.88583	2	268	1	2	0.0178530315837313	0.982032529368384	0.000114442047884511
chr9	68433626	213	20	8.58	1.88583	2	233	1	3	5.77867100436215e-05	0.113721840363802	0.886220375926154
chr9	68433657	184	15	7.54	1.88583	2	199	1	3	1.20514977770261e-05	0.0288406943639819	0.971147257138241
chr9	68438594	148	11	6.92	1.88583	2	159	1	3	5.0024713048861e-06	0.0125970356186955	0.98739796491
chr9	69082084	67	22	24.72	1.88583	2	89	1	1	0.975653936751528	0.0243460652482659	1.00020572832734e-09
chr9	69082096	67	14	17.28	1.88583	2	81	1	2	0.0552319785515277	0.944760977606025	7.04684244741792e-06
chr9	69083162	145	17	10.49	1.88583	2	162	1	2	0.000656159565924024	0.681378577952379	0.317965265481697
chr9	69390986	235	32	11.99	1.88583	2	267	1	2	0.00184509302236809	0.953975836262378	0.0441790737152538
chr9	69390991	234	31	11.7	1.88583	2	265	1	2	0.00155517859155876	0.930656438236206	0.0677883861722348
chr9	69423558	186	27	12.68	1.88583	2	213	1	2	0.00274323659294647	0.981953119980499	0.0153036464265549
chr9	69651318	45	5	10	1.88583	2	50	1	2	0.000401714059968187	0.506197851510619	0.493400437429413
chr9	70488794	98	10	9.26	1.88583	2	108	1	3	0.000157179446884553	0.255646407403064	0.744196416150051
chr9	70919325	225	20	8.16	1.88583	2	245	1	3	3.04995208937299e-05	0.0659411937196806	0.934028309759426
chr9	116835297	28	17	37.78	1.88583	2	45	1	1	0.999999995030836	6.96916429667116e-09	1e-09
chr9	135941874	28	2	6.67	1.88583	2	30	1	3	3.57871407541319e-06	0.00905085680363984	0.990945567482285
chrX	48126418	59	8	11.94	1.82361	2	67	1	2	0.00179214943361089	0.950600017082702	0.0476078364836865
chrX	66931328	27	14	34.15	1.90686	2	41	1	1	0.999999338753048	6.6324695166148e-07	1e-09
chrX	73289462	39	10	20.41	1.90686	2	49	1	2	0.424903137354703	0.575096848165929	1.74793672391622e-08
chrX	140993875	212	24	10.17	1.89474	2	236	1	2	0.000482140412267978	0.569293981218688	0.430223881369044
chrX	140993886	189	24	11.27	1.89474	2	213	1	2	0.0011883509477203	0.874775121958374	0.124036530093905
chrX	140994096	217	20	8.44	1.89474	2	237	1	3	4.67130237625445e-05	0.0950585438919792	0.904894746084258
chrX	150158555	36	6	14.29	1.89474	2	42	1	2	0.00720942543935263	0.991644521067973	0.00114605649267449
chrX	153009912	21	6	22.22	1.89474	2	27	0	NA	NA	NA	NA
chrX	153009914	22	6	21.43	1.89474	2	28	0	NA	NA	NA	NA
