chr	st	BC07T.ref	BC07T.var	BC07T.vaf	BC07T.cn	BC07T.cleancn	BC07T.depth	adequateDepth	cluster	cluster.prob.1	cluster.prob.2	cluster.prob.3
chr1	14815	104	20	16.13	1.89527	2	124	1	3	1.00203599752749e-09	1.12438237379997e-09	1.00000000087358
chr1	12851619	318	28	8.09	1.99986	2	346	1	3	1.00000000008744e-09	1e-09	1.000000001
chr1	12853998	304	45	12.89	1.99986	2	349	1	3	1.00000777633167e-09	1.00000785378133e-09	1.00000000099998
chr1	12891192	297	36	10.81	1.99986	2	333	1	3	1.00000010262425e-09	1.00000000253057e-09	1.000000001
chr1	17081955	231	15	6.1	1.99986	2	246	1	3	1.00000000000009e-09	1e-09	1.000000001
chr1	19447657	31	5	13.89	1.99986	2	36	1	3	1.00004935080587e-09	1.00021331058964e-09	1.00000000099974
chr1	31501648	67	16	19.28	2.34161	NA	83	1	NA	NA	NA	NA
chr1	32639134	84	12	12.5	2.34161	NA	96	1	NA	NA	NA	NA
chr1	36807031	16	12	42.86	2.34161	NA	28	0	NA	NA	NA	NA
chr1	38511418	61	47	43.52	2.34161	NA	108	1	NA	NA	NA	NA
chr1	45479653	45	13	22.41	2.34161	NA	58	1	NA	NA	NA	NA
chr1	46211930	36	21	36.84	2.34161	NA	57	1	NA	NA	NA	NA
chr1	48713108	29	19	39.58	2.34161	NA	48	1	NA	NA	NA	NA
chr1	61869916	44	8	15.38	2.34161	NA	52	1	NA	NA	NA	NA
chr1	68627137	280	29	9.39	2.34161	NA	309	1	NA	NA	NA	NA
chr1	68627652	124	20	13.89	2.34161	NA	144	1	NA	NA	NA	NA
chr1	93720068	56	28	33.33	2.34161	NA	84	1	NA	NA	NA	NA
chr1	142619492	96	17	15.04	2.34161	NA	113	1	NA	NA	NA	NA
chr1	142619518	87	22	20.18	2.34161	NA	109	1	NA	NA	NA	NA
chr1	142619601	49	11	18.33	2.34161	NA	60	1	NA	NA	NA	NA
chr1	142660174	71	8	10.13	2.34161	NA	79	1	NA	NA	NA	NA
chr1	142722244	119	6	4.8	2.34161	NA	125	1	NA	NA	NA	NA
chr1	142722272	73	6	7.59	2.34161	NA	79	1	NA	NA	NA	NA
chr1	142723722	149	33	18.13	2.34161	NA	182	1	NA	NA	NA	NA
chr1	142806033	410	36	8.07	2.34161	NA	446	1	NA	NA	NA	NA
chr1	142806117	358	33	8.44	2.34161	NA	391	1	NA	NA	NA	NA
chr1	142806125	356	21	5.57	2.34161	NA	377	1	NA	NA	NA	NA
chr1	142806133	328	31	8.64	2.34161	NA	359	1	NA	NA	NA	NA
chr1	142806178	342	40	10.47	2.34161	NA	382	1	NA	NA	NA	NA
chr1	142806278	90	11	10.89	2.34161	NA	101	1	NA	NA	NA	NA
chr1	142806369	294	21	6.67	2.34161	NA	315	1	NA	NA	NA	NA
chr1	142806763	383	39	9.24	2.34161	NA	422	1	NA	NA	NA	NA
chr1	142812375	415	25	5.68	2.34161	NA	440	1	NA	NA	NA	NA
chr1	142812376	414	25	5.69	2.34161	NA	439	1	NA	NA	NA	NA
chr1	142812989	402	89	18.13	2.34161	NA	491	1	NA	NA	NA	NA
chr1	142815105	28	4	12.5	2.34161	NA	32	1	NA	NA	NA	NA
chr1	142819331	20	5	20	2.34161	NA	25	0	NA	NA	NA	NA
chr1	142819370	42	8	16	2.34161	NA	50	1	NA	NA	NA	NA
chr1	142819416	67	4	5.63	2.34161	NA	71	1	NA	NA	NA	NA
chr1	142826880	208	27	11.49	2.34161	NA	235	1	NA	NA	NA	NA
chr1	142828326	52	13	20	2.34161	NA	65	1	NA	NA	NA	NA
chr1	144621555	136	14	9.33	2.34161	NA	150	1	NA	NA	NA	NA
chr1	145304787	85	20	19.05	2.34161	NA	105	1	NA	NA	NA	NA
chr1	145370377	164	31	15.9	2.34161	NA	195	1	NA	NA	NA	NA
chr1	147229654	121	20	14.18	2.34161	NA	141	1	NA	NA	NA	NA
chr1	148004567	346	58	14.36	2.34161	NA	404	1	NA	NA	NA	NA
chr1	148004568	350	58	14.22	2.34161	NA	408	1	NA	NA	NA	NA
chr1	148004584	341	51	13.01	2.34161	NA	392	1	NA	NA	NA	NA
chr1	148344469	41	14	25.45	2.34161	NA	55	1	NA	NA	NA	NA
chr1	149285818	191	40	17.32	2.34161	NA	231	1	NA	NA	NA	NA
chr1	153533939	77	16	17.2	2.34161	NA	93	1	NA	NA	NA	NA
chr1	155110168	82	12	12.77	2.34161	NA	94	1	NA	NA	NA	NA
chr1	158639260	74	42	36.21	2.34161	NA	116	1	NA	NA	NA	NA
chr1	158687695	45	22	32.84	2.34161	NA	67	1	NA	NA	NA	NA
chr1	169101341	39	10	20.41	2.34161	NA	49	1	NA	NA	NA	NA
chr1	178866856	63	26	29.21	3.03901	3	89	1	NA	NA	NA	NA
chr1	201178844	589	34	5.46	3.03901	3	623	1	NA	NA	NA	NA
chr1	203046686	24	47	66.2	3.03901	3	71	1	NA	NA	NA	NA
chr1	203689744	55	14	20.29	3.03901	3	69	1	NA	NA	NA	NA
chr1	209936296	42	19	31.15	3.03901	3	61	1	NA	NA	NA	NA
chr1	212277589	81	28	25.69	3.03901	3	109	1	NA	NA	NA	NA
chr1	229653508	77	18	18.95	3.03901	3	95	1	NA	NA	NA	NA
chr1	235331906	89	15	14.42	3.03901	3	104	1	NA	NA	NA	NA
chr1	236379375	110	50	31.25	3.03901	3	160	1	NA	NA	NA	NA
chr10	93694	118	7	5.6	2.08103	2	125	1	3	1.00000000000001e-09	1e-09	1.000000001
chr10	1209490	74	6	7.5	2.08103	2	80	1	3	1.00000000001393e-09	1e-09	1.000000001
chr10	35477146	28	8	22.22	1.77227	2	36	1	3	7.69368879287903e-09	2.61649862274578e-05	0.999973830320084
chr10	38738707	66	8	10.81	1.77227	2	74	1	3	1.00000010262425e-09	1.00000000253057e-09	1.000000001
chr10	51093579	27	7	20.59	1.77227	2	34	1	3	1.95689583161629e-09	1.74322077286957e-06	0.999998257822331
chr10	98320140	110	53	32.52	1.77227	2	163	1	2	6.61775036408898e-05	0.544564710807559	0.4553691146888
chr10	103761744	24	17	41.46	1.77227	2	41	1	2	0.00450048995144598	0.958077485695011	0.0374220273535426
chr10	105793065	20	14	41.18	1.77227	2	34	1	2	0.00380873533827824	0.957781576388327	0.038409691273395
chr10	115348316	29	7	19.44	1.77227	2	36	1	3	1.22249422599841e-09	2.06661137614899e-07	0.999999795116368
chr10	119247555	16	8	33.33	1.77227	2	24	0	NA	NA	NA	NA
chr10	126677158	811	51	5.92	1.77227	2	861	1	3	1.00000000000005e-09	1e-09	1.000000001
chr10	126677176	746	73	8.91	1.77227	2	819	1	3	1.00000000091428e-09	1.00000000000026e-09	1.000000001
chr10	126677248	669	75	10.08	1.77227	2	744	1	3	1.00000001854031e-09	1.00000000009482e-09	1.000000001
chr10	126677466	143	22	13.33	1.77227	2	165	1	3	1.00001782081451e-09	1.00003492708139e-09	1.00000000099995
chr10	126677577	290	41	12.39	1.77227	2	331	1	3	1.00000293090298e-09	1.00000132862368e-09	1.000000001
chr10	126683076	98	9	8.41	1.77227	2	107	1	3	1.00000000022437e-09	1.00000000000002e-09	1.000000001
chr10	126727630	53	75	58.59	1.77227	2	128	1	1	0.999769688442777	1.15671726220703e-05	0.000218747384600878
chr10	126727635	185	8	4.15	1.77227	2	193	1	3	1e-09	1e-09	1.000000001
chr10	127585125	108	21	16.28	1.77227	2	129	1	3	1.00256602976541e-09	1.1823687958514e-09	1.00000000081507
chr10	127585254	60	17	22.08	1.77227	2	77	1	3	6.69313796231161e-09	2.10178895167889e-05	0.999978978417345
chr10	127585268	61	8	11.59	1.77227	2	69	1	3	1.0000005671637e-09	1.00000006359692e-09	1.000000001
chr10	135438951	181	18	9.05	1.61116	NA	199	1	NA	NA	NA	NA
chr10	135438955	171	18	9.52	1.61116	NA	189	1	NA	NA	NA	NA
chr10	135438967	174	20	10.31	1.61116	NA	194	1	NA	NA	NA	NA
chr10	135438977	171	21	10.94	1.61116	NA	192	1	NA	NA	NA	NA
chr10	135440214	75	19	20.21	1.61116	NA	94	1	NA	NA	NA	NA
chr10	135440216	72	18	20	1.61116	NA	90	1	NA	NA	NA	NA
chr11	834580	22	8	26.67	1.3218	NA	30	1	NA	NA	NA	NA
chr11	1016779	679	63	8.49	1.3218	NA	742	1	NA	NA	NA	NA
chr11	1016789	694	68	8.92	1.3218	NA	762	1	NA	NA	NA	NA
chr11	1016802	722	67	8.49	1.3218	NA	789	1	NA	NA	NA	NA
chr11	1016810	741	91	10.94	1.3218	NA	832	1	NA	NA	NA	NA
chr11	1017008	469	26	5.25	1.3218	NA	495	1	NA	NA	NA	NA
chr11	1017012	444	25	5.33	1.3218	NA	469	1	NA	NA	NA	NA
chr11	1017013	454	27	5.61	1.3218	NA	481	1	NA	NA	NA	NA
chr11	1017536	186	17	8.37	1.3218	NA	203	1	NA	NA	NA	NA
chr11	1017806	474	24	4.82	1.3218	NA	498	1	NA	NA	NA	NA
chr11	1017841	535	28	4.97	1.3218	NA	563	1	NA	NA	NA	NA
chr11	1017870	592	35	5.58	1.3218	NA	627	1	NA	NA	NA	NA
chr11	1017900	587	25	4.08	1.3218	NA	613	1	NA	NA	NA	NA
chr11	1017921	475	54	10.21	1.3218	NA	529	1	NA	NA	NA	NA
chr11	1017932	442	61	12.13	1.3218	NA	503	1	NA	NA	NA	NA
chr11	1017933	441	62	12.33	1.3218	NA	503	1	NA	NA	NA	NA
chr11	1017939	423	50	10.57	1.3218	NA	473	1	NA	NA	NA	NA
chr11	1018379	179	17	8.67	1.3218	NA	196	1	NA	NA	NA	NA
chr11	34173591	32	7	17.95	1.6776	NA	39	1	NA	NA	NA	NA
chr11	35273206	59	13	18.06	1.6776	NA	72	1	NA	NA	NA	NA
chr11	44956227	32	3	8.57	1.6776	NA	35	1	NA	NA	NA	NA
chr11	65179990	10	13	56.52	1.52499	NA	23	0	NA	NA	NA	NA
chr11	74352084	17	17	50	1.52499	NA	34	1	NA	NA	NA	NA
chr11	108384940	60	8	11.76	1.52499	NA	68	1	NA	NA	NA	NA
chr11	111338299	30	6	16.67	1.52499	NA	36	1	NA	NA	NA	NA
chr11	118471616	38	12	24	1.52499	NA	50	1	NA	NA	NA	NA
chr11	123893791	113	5	4.24	1.52499	NA	118	1	NA	NA	NA	NA
chr11	134131057	19	7	26.92	1.86917	2	26	0	NA	NA	NA	NA
chr12	7869817	54	14	20.59	1.63082	NA	68	1	NA	NA	NA	NA
chr12	9848454	14	6	30	1.63082	NA	20	0	NA	NA	NA	NA
chr12	9848457	15	10	40	1.63082	NA	25	0	NA	NA	NA	NA
chr12	10757897	44	19	30.16	1.63082	NA	63	1	NA	NA	NA	NA
chr12	11244091	123	19	13.38	1.63082	NA	142	1	NA	NA	NA	NA
chr12	11244096	123	19	13.38	1.63082	NA	142	1	NA	NA	NA	NA
chr12	11244097	124	18	12.68	1.63082	NA	142	1	NA	NA	NA	NA
chr12	11244102	117	20	14.6	1.63082	NA	137	1	NA	NA	NA	NA
chr12	15654933	60	6	9.09	1.63082	NA	66	1	NA	NA	NA	NA
chr12	31242911	41	11	21.15	1.63082	NA	52	1	NA	NA	NA	NA
chr12	46577789	42	5	10.64	1.63082	NA	47	1	NA	NA	NA	NA
chr12	80167616	29	15	34.09	1.43227	NA	44	1	NA	NA	NA	NA
chr12	100904694	8	20	71.43	1.43227	NA	28	0	NA	NA	NA	NA
chr12	106410197	178	8	4.3	1.43227	NA	186	1	NA	NA	NA	NA
chr12	121858339	17	6	26.09	1.37507	NA	23	0	NA	NA	NA	NA
chr12	123098212	33	12	26.67	1.37507	NA	45	1	NA	NA	NA	NA
chr12	124420170	18	14	43.75	1.37507	NA	32	1	NA	NA	NA	NA
chr12	129298779	21	15	41.67	1.37507	NA	36	1	NA	NA	NA	NA
chr13	19313070	83	10	10.75	2.28564	NA	93	1	NA	NA	NA	NA
chr13	19412593	169	8	4.52	2.28564	NA	177	1	NA	NA	NA	NA
chr13	19422799	71	4	5.33	2.28564	NA	75	1	NA	NA	NA	NA
chr13	19422802	71	4	5.33	2.28564	NA	75	1	NA	NA	NA	NA
chr13	19431225	26	4	13.33	2.28564	NA	30	1	NA	NA	NA	NA
chr13	26104345	21	9	30	2.28564	NA	30	1	NA	NA	NA	NA
chr13	46844612	199	52	20.72	2.28564	NA	251	1	NA	NA	NA	NA
chr13	92006556	100	49	32.89	2.28564	NA	149	1	NA	NA	NA	NA
chr13	96444898	117	23	16.43	2.28564	NA	140	1	NA	NA	NA	NA
chr13	101409078	107	56	34.36	2.28564	NA	163	1	NA	NA	NA	NA
chr14	20007833	22	9	29.03	2.14652	2	31	1	3	6.44322532992558e-06	0.0811550349927586	0.918838524781911
chr14	20665878	72	24	25	2.14652	2	96	1	3	1.40641899508208e-07	0.00126068629290326	0.998739176065197
chr14	20666381	64	7	9.86	2.14652	2	71	1	3	1.00000001081326e-09	1.00000000003331e-09	1.000000001
chr14	36340857	38	26	40.62	2.14652	2	64	1	2	0.00275236339642311	0.95630428697598	0.0409433526275966
chr14	37198642	27	19	41.3	2.14652	2	46	1	2	0.0040896408244206	0.957945265464992	0.0379650967105877
chr14	45645579	102	8	7.27	2.14652	2	110	1	3	1.00000000000655e-09	1e-09	1.000000001
chr14	53507285	61	41	40.2	2.14652	2	102	1	2	0.00217421852692199	0.954424650875149	0.0434011335979293
chr14	61439169	38	14	26.92	1.66129	NA	52	1	NA	NA	NA	NA
chr14	64692601	40	12	23.08	1.66129	NA	52	1	NA	NA	NA	NA
chr14	64892867	10	10	50	1.66129	NA	20	0	NA	NA	NA	NA
chr14	70713951	124	11	8.15	1.66129	NA	135	1	NA	NA	NA	NA
chr14	91738302	23	4	14.81	1.66129	NA	27	0	NA	NA	NA	NA
chr14	92441523	7	15	68.18	1.66129	NA	22	0	NA	NA	NA	NA
chr14	94391441	5	18	78.26	1.66129	NA	23	0	NA	NA	NA	NA
chr15	21071208	50	17	25.37	1.33182	NA	67	1	NA	NA	NA	NA
chr15	23191201	74	5	6.33	1.63875	NA	79	1	NA	NA	NA	NA
chr15	23261850	53	4	7.02	1.63875	NA	57	1	NA	NA	NA	NA
chr15	23282589	55	11	16.67	1.63875	NA	66	1	NA	NA	NA	NA
chr15	23299928	70	15	17.65	1.63875	NA	85	1	NA	NA	NA	NA
chr15	29000333	24	7	22.58	1.63875	NA	31	1	NA	NA	NA	NA
chr15	30904731	65	3	4.41	1.63875	NA	68	1	NA	NA	NA	NA
chr15	30904737	71	3	4.05	1.63875	NA	74	1	NA	NA	NA	NA
chr15	31089893	52	10	16.13	1.63875	NA	62	1	NA	NA	NA	NA
chr15	38751087	36	3	7.69	1.63875	NA	39	1	NA	NA	NA	NA
chr15	42602959	40	10	20	1.63875	NA	50	1	NA	NA	NA	NA
chr15	50754400	23	10	30.3	1.63875	NA	33	1	NA	NA	NA	NA
chr15	73030609	35	12	25.53	1.63875	NA	47	1	NA	NA	NA	NA
chr15	79529727	51	54	51.43	1.63875	NA	105	1	NA	NA	NA	NA
chr15	82808231	243	16	6.18	1.63875	NA	259	1	NA	NA	NA	NA
chr15	100332799	76	11	12.64	1.63875	NA	87	1	NA	NA	NA	NA
chr15	102516242	14	9	39.13	1.63875	NA	23	0	NA	NA	NA	NA
chr16	2809307	52	9	14.75	1.39329	NA	61	1	NA	NA	NA	NA
chr16	3294601	5	22	81.48	1.39329	NA	27	0	NA	NA	NA	NA
chr16	15204285	30	17	36.17	1.39329	NA	47	1	NA	NA	NA	NA
chr16	26043441	126	28	18.18	1.35679	NA	154	1	NA	NA	NA	NA
chr16	32095522	30	6	16.67	1.36018	NA	36	1	NA	NA	NA	NA
chr16	32095621	73	5	6.41	1.36018	NA	78	1	NA	NA	NA	NA
chr16	32095713	53	12	18.46	1.36018	NA	65	1	NA	NA	NA	NA
chr16	32095716	50	12	19.35	1.36018	NA	62	1	NA	NA	NA	NA
chr16	32438104	69	12	14.81	1.51162	NA	81	1	NA	NA	NA	NA
chr16	33497978	28	6	17.65	1.51162	NA	34	1	NA	NA	NA	NA
chr16	33530616	48	5	9.43	1.51162	NA	53	1	NA	NA	NA	NA
chr16	33530689	128	7	5.19	1.51162	NA	135	1	NA	NA	NA	NA
chr16	33534075	71	15	17.44	1.51162	NA	86	1	NA	NA	NA	NA
chr16	33539587	105	15	12.5	1.51162	NA	120	1	NA	NA	NA	NA
chr16	33542294	77	6	7.23	1.51162	NA	83	1	NA	NA	NA	NA
chr16	33542315	115	10	8	1.51162	NA	125	1	NA	NA	NA	NA
chr16	33545059	25	11	30.56	1.51162	NA	36	1	NA	NA	NA	NA
chr16	33942005	283	78	21.61	1.51162	NA	361	1	NA	NA	NA	NA
chr16	33961500	8	10	55.56	1.51162	NA	18	0	NA	NA	NA	NA
chr16	33961564	27	9	25	1.51162	NA	36	1	NA	NA	NA	NA
chr16	33961746	19	6	24	2	2	25	0	NA	NA	NA	NA
chr16	69996985	82	14	14.58	1.3878	NA	96	1	NA	NA	NA	NA
chr16	87423394	50	13	20.63	2.21376	2	63	1	3	2.00534025269139e-09	1.87106288165727e-06	0.999998129931778
chr16	89620805	38	8	17.39	2.21376	2	46	1	3	1.01339749191476e-09	3.66885318131672e-09	0.999999998317749
chr16	90162126	59	3	4.84	1.03649	1	62	1	NA	NA	NA	NA
chr16	90162165	59	3	4.84	1.03649	1	62	1	NA	NA	NA	NA
chr16	90162167	62	3	4.62	1.03649	1	65	1	NA	NA	NA	NA
chr16	90233729	20	8	28.57	0.586336	NA	28	0	NA	NA	NA	NA
chr16	90233760	27	8	22.86	0.586336	NA	35	1	NA	NA	NA	NA
chr16	90234868	25	2	7.41	0.586336	NA	27	0	NA	NA	NA	NA
chr17	20407461	19	2	9.52	1.44213	NA	21	0	NA	NA	NA	NA
chr17	25748664	61	10	14.08	1.44213	NA	71	1	NA	NA	NA	NA
chr17	39846106	57	14	19.72	2.56418	NA	71	1	NA	NA	NA	NA
chr17	40961700	99	11	10	2.56418	NA	110	1	NA	NA	NA	NA
chr17	42453656	63	16	20.25	2.56418	NA	79	1	NA	NA	NA	NA
chr17	42475877	47	9	16.07	2.56418	NA	56	1	NA	NA	NA	NA
chr17	45214564	722	65	8.26	2.56418	NA	787	1	NA	NA	NA	NA
chr17	45214606	483	54	10.06	2.56418	NA	537	1	NA	NA	NA	NA
chr17	57252309	53	4	7.02	2.56418	NA	57	1	NA	NA	NA	NA
chr17	62892822	232	22	8.66	2.56418	NA	254	1	NA	NA	NA	NA
chr17	75211909	414	69	14.29	2.56418	NA	483	1	NA	NA	NA	NA
chr17	79477094	117	22	15.83	2.56418	NA	139	1	NA	NA	NA	NA
chr18	11644564	140	10	6.67	1.93925	2	150	1	3	1.00000000000082e-09	1e-09	1.000000001
chr18	11644577	131	11	7.75	1.93925	2	142	1	3	1.00000000003085e-09	1e-09	1.000000001
chr18	11644597	115	10	8	1.93925	2	125	1	3	1.00000000006665e-09	1e-09	1.000000001
chr18	11644658	128	9	6.57	1.93925	2	137	1	3	1.00000000000057e-09	1e-09	1.000000001
chr18	13114196	76	13	14.61	1.93925	2	89	1	3	1.00017291586255e-09	1.00190633463486e-09	1.00000000099792
chr19	9027646	48	9	15.79	1.93254	2	57	1	3	1.00119599249886e-09	1.05127424352196e-09	1.00000000094753
chr19	9027653	55	7	11.29	1.93254	2	62	1	3	1.00000029784849e-09	1.00000001900888e-09	1.000000001
chr19	17370502	18	5	21.74	1.93254	2	23	0	NA	NA	NA	NA
chr19	21609575	63	39	38.24	1.93254	2	102	1	2	0.00078947090705434	0.935103882692737	0.0641066494002087
chr19	22362767	274	18	6.16	1.93254	2	292	1	3	1.00000000000012e-09	1e-09	1.000000001
chr19	37726911	73	17	18.89	1.70823	NA	90	1	NA	NA	NA	NA
chr19	37903627	67	16	19.28	1.70823	NA	83	1	NA	NA	NA	NA
chr19	44680945	118	14	10.61	1.70823	NA	132	1	NA	NA	NA	NA
chr19	50637270	12	9	42.86	1.70823	NA	21	0	NA	NA	NA	NA
chr19	51919240	31	6	16.22	1.70823	NA	37	1	NA	NA	NA	NA
chr2	9546359	44	17	27.87	1.53039	NA	61	1	NA	NA	NA	NA
chr2	20460276	26	5	16.13	1.53039	NA	31	1	NA	NA	NA	NA
chr2	26046826	45	8	15.09	1.53039	NA	53	1	NA	NA	NA	NA
chr2	26046837	47	11	18.97	1.53039	NA	58	1	NA	NA	NA	NA
chr2	26046858	51	16	23.88	1.53039	NA	67	1	NA	NA	NA	NA
chr2	26046879	44	17	27.87	1.53039	NA	61	1	NA	NA	NA	NA
chr2	62053588	55	10	15.38	2.49649	NA	65	1	NA	NA	NA	NA
chr2	71057389	42	20	32.26	2.41312	NA	62	1	NA	NA	NA	NA
chr2	89082471	56	11	16.42	2.1667	2	67	1	3	1.00317883290287e-09	1.25949135890629e-09	1.00000000073733
chr2	89082503	30	10	25	2.1667	2	40	1	3	1.40641899508208e-07	0.00126068629290326	0.998739176065197
chr2	89082520	28	9	24.32	2.1667	2	37	1	3	6.94000507703143e-08	0.000528934554634736	0.999470999045314
chr2	91886070	45	15	25	2.1667	2	60	1	3	1.40641899508208e-07	0.00126068629290326	0.998739176065197
chr2	95511377	43	9	17.31	2.1667	2	52	1	3	1.01193283051298e-09	3.21802602362391e-09	0.999999998770041
chr2	95511379	41	9	18	2.1667	2	50	1	3	1.03187757192469e-09	1.1510436668913e-08	0.999999990457686
chr2	96515919	542	75	12.16	2.1667	2	617	1	3	1.00000184736428e-09	1.00000056895676e-09	1.000000001
chr2	96516675	16	4	20	2.1667	2	20	0	NA	NA	NA	NA
chr2	96521280	962	142	12.86	2.1667	2	1104	1	3	1.0000073416609e-09	1.00000707717052e-09	1.00000000099999
chr2	96521439	1058	107	9.18	2.1667	2	1166	1	3	1.00000000189173e-09	1.00000000000109e-09	1.000000001
chr2	96525915	41	5	10.87	2.1667	2	46	1	3	1.00000011753348e-09	1.00000000327531e-09	1.000000001
chr2	96601613	118	11	8.53	2.1667	2	129	1	3	1.00000000031663e-09	1.00000000000003e-09	1.000000001
chr2	96619849	68	22	24.44	2.1667	2	90	1	3	7.86830814322438e-08	0.000618747022917617	0.999381177294001
chr2	97833702	162	24	12.9	2.1667	2	186	1	3	1.00000792664265e-09	1.00000813058811e-09	1.00000000099998
chr2	97833752	100	15	13.04	2.1667	2	115	1	3	1.00001034789151e-09	1.00001315741987e-09	1.00000000099998
chr2	97909778	141	23	14.02	2.1667	2	164	1	3	1.00006216739696e-09	1.00032027653526e-09	1.00000000099962
chr2	98128262	362	45	11.06	2.1667	2	407	1	3	1.00000017975171e-09	1.00000000733033e-09	1.000000001
chr2	101096912	23	11	32.35	2.1667	2	34	1	2	6.08070803575319e-05	0.51805252629085	0.481886669628792
chr2	112758785	71	22	23.66	2.19878	2	93	1	3	3.46187187932277e-08	0.000217087729102906	0.999782880652178
chr2	114023584	80	13	13.98	2.19878	2	93	1	3	1.00005791686968e-09	1.00028277686125e-09	1.00000000099966
chr2	120934025	75	17	18.48	2.19878	2	92	1	3	1.06187068686781e-09	3.046057794042e-08	0.999999971477551
chr2	125672531	33	20	37.74	2.19878	2	53	1	2	0.000623248708988422	0.926361306238229	0.073015448052782
chr2	132043776	35	19	35.19	2.14132	2	54	1	2	0.00020817700294779	0.831800881790722	0.16799094420633
chr2	132905792	164	28	14.58	2.14132	2	192	1	3	1.00016430767570e-09	1.00174510684715e-09	1.00000000099809
chr2	133015475	159	28	14.97	2.14132	2	187	1	3	1.00031670504238e-09	1.0054026191629e-09	1.00000000099428
chr2	155711858	70	23	24.73	2.14132	2	93	1	3	1.06409677833226e-07	0.000898187754383762	0.999101708835938
chr2	159170495	38	10	20.83	2.14132	2	48	1	3	2.28525522051076e-09	2.65650443617317e-06	0.999997344210309
chr2	166905479	59	20	25.32	2.14132	2	79	1	3	1.9517375047082e-07	0.00186580062948735	0.998134007196762
chr2	172174892	93	12	11.43	2.14132	2	105	1	3	1.00000040309239e-09	1.00000003356016e-09	1.000000001
chr2	179596944	46	39	45.88	2.38303	NA	85	1	NA	NA	NA	NA
chr2	179657027	34	10	22.73	2.38303	NA	44	1	NA	NA	NA	NA
chr2	204602117	89	17	16.04	1.82235	2	106	1	3	1.00177037502883e-09	1.098627143696e-09	1.0000000008996
chr2	210598780	41	15	26.79	1.82235	2	56	1	3	8.40103286722418e-07	0.00988674676682287	0.99011241612989
chr2	219919488	31	8	20.51	1.82235	2	39	1	3	1.86666946497919e-09	1.51212205232858e-06	0.999998489011278
chr2	223436441	47	33	41.25	1.82235	2	80	1	2	0.0039698993802059	0.957883719599943	0.0381463840198506
chr2	223918810	19	32	62.75	1.82235	2	51	1	1	0.999979006127803	2.22612688209574e-08	2.09746109284681e-05
chr2	229890585	21	4	16	1.82235	2	25	0	NA	NA	NA	NA
chr20	25753463	48	13	21.31	1.78559	2	61	1	3	3.29749600684591e-09	6.02414501062912e-06	0.999993975557493
chr20	25753715	94	33	25.98	1.78559	2	127	1	3	3.79536961870366e-07	0.00405231959263549	0.995947303870403
chr20	25753764	84	24	22.22	1.78559	2	108	1	3	7.69368879287903e-09	2.61649862274578e-05	0.999973830320084
chr20	25754055	29	9	23.68	1.78559	2	38	1	3	3.53591533252607e-08	0.000223183760733939	0.999776783880113
chr20	25754056	30	9	23.08	1.78559	2	39	1	3	1.87426949345219e-08	9.53364119681334e-05	0.999904647845337
chr20	26064389	104	19	15.45	1.78559	2	123	1	3	1.00069495797641e-09	1.0205749240796e-09	1.00000000097873
chr20	26188981	17	9	34.62	1.78559	2	26	0	NA	NA	NA	NA
chr20	29625895	627	53	7.79	1.78559	2	680	1	3	1.00000000003495e-09	1e-09	1.000000001
chr20	29625946	470	46	8.91	1.78559	2	516	1	3	1.00000000091428e-09	1.00000000000026e-09	1.000000001
chr20	29625950	446	45	9.16	1.78559	2	491	1	3	1.00000000179382e-09	1.00000000000098e-09	1.000000001
chr20	29625965	381	46	10.77	1.78559	2	427	1	3	1.00000009371314e-09	1.00000000212867e-09	1.000000001
chr20	29628216	222	30	11.9	1.78559	2	252	1	3	1.00000108528557e-09	1.00000021283591e-09	1.000000001
chr20	29628268	259	15	5.47	1.78559	2	274	1	3	1.00000000000001e-09	1e-09	1.000000001
chr20	29632635	430	62	12.6	1.78559	2	492	1	3	1.00000443546312e-09	1.00000283295301e-09	1.00000000099999
chr20	29632660	502	77	13.3	1.78559	2	579	1	3	1.00001685519522e-09	1.00003161225175e-09	1.00000000099995
chr20	29632719	476	54	10.19	1.78559	2	530	1	3	1.00000002417426e-09	1.00000000015835e-09	1.000000001
chr20	29632792	236	29	10.94	1.78559	2	265	1	3	1.00000013756176e-09	1.00000000441584e-09	1.000000001
chr20	29633814	53	18	25.35	1.78559	2	71	1	3	2.01228456959959e-07	0.00193460721696992	0.998065194554573
chr20	29633916	100	150	60	1.78559	2	250	1	1	0.999900054130459	1.53750491333432e-06	9.8411364627597e-05
chr20	29637894	444	36	7.5	1.78559	2	480	1	3	1.00000000001393e-09	1e-09	1.000000001
chr20	29637962	493	34	6.45	1.78559	2	527	1	3	1.00000000000036e-09	1e-09	1.000000001
chr20	29637999	401	27	6.31	1.78559	2	428	1	3	1.00000000000021e-09	1e-09	1.000000001
chr20	29638007	377	32	7.82	1.78559	2	409	1	3	1.00000000003837e-09	1e-09	1.000000001
chr20	43248902	21	18	46.15	1.78559	2	39	1	2	0.106494070493274	0.853855556335173	0.0396503761715531
chr20	44506580	12	33	73.33	1.78559	2	45	1	1	0.999999947080392	1.00000000716565e-09	5.49196078573181e-08
chr20	44528276	65	5	7.14	1.78559	2	70	1	3	1.00000000000423e-09	1e-09	1.000000001
chr20	57566914	13	35	72.92	1.78559	2	48	1	1	0.99999993268725	1.00000002035294e-09	6.93127501642796e-08
chr21	9865843	523	123	19.04	1.93737	2	646	1	3	1.13148221505826e-09	9.4230894035263e-08	0.999999907637624
chr21	9865857	505	102	16.8	1.93737	2	607	1	3	1.00563666081775e-09	1.66171912632053e-09	1.00000000033264
chr21	9891959	32	12	27.27	1.93737	2	44	1	3	1.32865328452609e-06	0.0162547115867478	0.983743962759968
chr21	9907220	90	19	17.43	4.39481	NA	109	1	NA	NA	NA	NA
chr21	9907309	180	47	20.7	4.39481	NA	227	1	NA	NA	NA	NA
chr21	9907328	180	50	21.74	4.39481	NA	230	1	NA	NA	NA	NA
chr21	9907557	193	37	16.09	4.39481	NA	230	1	NA	NA	NA	NA
chr21	9907576	171	35	16.99	4.39481	NA	206	1	NA	NA	NA	NA
chr21	9907625	137	46	25.14	4.39481	NA	183	1	NA	NA	NA	NA
chr21	9907771	259	61	19.06	4.39481	NA	320	1	NA	NA	NA	NA
chr21	9907863	186	52	21.85	4.39481	NA	238	1	NA	NA	NA	NA
chr21	9908380	306	71	18.83	2.04316	2	377	1	3	1.09934673462478e-09	6.19017374073702e-08	0.999999939998916
chr21	9909149	101	20	16.53	2.04316	2	121	1	3	1.00375685597523e-09	1.34133335818402e-09	1.00000000065491
chr21	9909821	23	8	25.81	2.04316	2	31	1	3	3.20247161295649e-07	0.0033325082352585	0.99666717451758
chr21	9912051	31	11	26.19	2.04316	2	42	1	3	4.67470921721031e-07	0.00513899022157766	0.994860545307501
chr21	9912161	45	10	18.18	2.04316	2	55	1	3	1.04095526041126e-09	1.65441974330897e-08	0.999999985414847
chr21	9912177	46	9	16.36	2.04316	2	55	1	3	1.00290067625029e-09	1.2232055112482e-09	1.00000000077389
chr21	9912181	43	9	17.31	2.04316	2	52	1	3	1.01193283051298e-09	3.21802602362391e-09	0.999999998770041
chr21	9912182	36	10	21.74	2.04316	2	46	1	3	4.827329162873e-09	1.22200027273966e-05	0.999987778169943
chr21	9912186	47	10	17.54	2.04316	2	57	1	3	1.01662344320788e-09	4.76308248400665e-09	0.999999997220294
chr21	9921548	107	14	11.57	2.04316	2	121	1	3	1.00000054359847e-09	1.00000005874815e-09	1.000000001
chr21	9927117	278	67	19.42	2.04316	2	345	1	3	1.21677008850304e-09	1.98804968995896e-07	0.999999802978261
chr21	9927240	88	17	16.19	2.04316	2	105	1	3	1.00223396153256e-09	1.14504268524124e-09	1.00000000085272
chr21	10164497	57	11	16.18	1.06666	1	68	1	NA	NA	NA	NA
chr21	10615014	171	8	4.47	1.06666	1	179	1	NA	NA	NA	NA
chr21	11011536	57	8	12.31	1.06666	1	65	1	NA	NA	NA	NA
chr21	11021134	332	54	13.99	1.06666	1	386	1	NA	NA	NA	NA
chr21	11038796	63	19	23.17	1.91348	2	82	1	3	2.06109423619787e-08	0.000108596187168145	0.999891386201889
chr21	11039055	468	58	11.03	1.91348	2	526	1	3	1.00000016816795e-09	1.00000000646204e-09	1.000000001
chr21	11039091	623	78	11.13	1.91348	2	701	1	3	1.00000020983776e-09	1.00000000982153e-09	1.000000001
chr21	11047582	255	74	22.49	1.91348	2	329	1	3	1.01232123910264e-08	3.96464643629764e-05	0.999960346412424
chr21	11049384	74	16	17.78	1.91348	2	90	1	3	1.02339365883064e-09	7.46277770797775e-09	0.999999994513829
chr21	11049461	64	14	17.95	1.91348	2	78	1	3	1.02972193713601e-09	1.04180279191763e-08	0.99999999155225
chr21	11049495	73	15	17.05	1.91348	2	88	1	3	1.00816252988334e-09	2.20507925014385e-09	0.999999999786758
chr21	11049596	46	18	28.12	1.91348	2	64	1	3	2.91344590314155e-06	0.0369400517823352	0.963057037771762
chr21	11057773	174	24	12.12	1.91348	2	198	1	3	1.00000170342189e-09	1.00000048992465e-09	1.000000001
chr21	11057893	542	68	11.15	1.91348	2	610	1	3	1.00000021928659e-09	1.00000001067337e-09	1.000000001
chr21	11058042	219	17	7.2	1.91348	2	236	1	3	1.00000000000518e-09	1e-09	1.000000001
chr21	11058058	160	19	10.61	1.91348	2	179	1	3	1.00000006495003e-09	1.00000000105744e-09	1.000000001
chr21	14469160	41	9	18	1.91348	2	50	1	3	1.03187757192469e-09	1.1510436668913e-08	0.999999990457686
chr21	45970774	70	3	4.11	1.91348	2	73	1	3	1e-09	1e-09	1.000000001
chr22	16277955	21	8	27.59	2.0467	2	29	0	NA	NA	NA	NA
chr22	17669189	24	8	25	2.0467	2	32	1	3	1.40641899508208e-07	0.00126068629290326	0.998739176065197
chr22	18843446	51	7	12.07	2.0467	2	58	1	3	1.00000153860655e-09	1.00000040603456e-09	1.000000001
chr22	19246236	73	9	10.98	2.0467	2	82	1	3	1.00000015043829e-09	1.00000000523249e-09	1.000000001
chr22	19246238	72	9	11.11	2.0467	2	81	1	3	1.00000020078079e-09	1.00000000903603e-09	1.000000001
chr22	19246240	73	9	10.98	2.0467	2	82	1	3	1.00000015043829e-09	1.00000000523249e-09	1.000000001
chr22	19246243	71	9	11.25	2.0467	2	80	1	3	1.00000027299991e-09	1.0000000161336e-09	1.000000001
chr22	19246247	69	10	12.66	2.0467	2	79	1	3	1.00000498682251e-09	1.00000350686511e-09	1.00000000099999
chr22	19246262	67	14	17.28	2.0467	2	81	1	3	1.01142438030908e-09	3.06867448954325e-09	0.999999998919901
chr22	19246267	66	14	17.5	2.0467	2	80	1	3	1.01569669100925e-09	4.43507288464921e-09	0.99999999754923
chr22	19246268	67	14	17.28	2.0467	2	81	1	3	1.01142438030908e-09	3.06867448954325e-09	0.999999998919901
chr22	21403049	45	10	18.18	2.0467	2	55	1	3	1.04095526041126e-09	1.65441974330897e-08	0.999999985414847
chr22	21646825	37	5	11.9	2.0467	2	42	1	3	1.00000108528557e-09	1.00000021283591e-09	1.000000001
chr22	24911204	26	13	33.33	2.0467	2	39	1	2	9.6297149244478e-05	0.659055449687511	0.340848256163245
chr22	25006535	42	7	14.29	2.0467	2	49	1	3	1.00009977627392e-09	1.00073335545058e-09	1.00000000099917
chr22	29695145	28	7	20	2.0467	2	35	1	3	1.45708470371882e-09	5.97758861241745e-07	0.999999403784054
chr22	31285163	35	11	23.91	2.0467	2	46	1	3	4.50892083942802e-08	0.000305903795481582	0.99969405411531
chr22	46239886	60	11	15.49	2.0467	2	71	1	3	1.00074122152068e-09	1.02294117167821e-09	1.00000000097632
chr22	50218276	27	11	28.95	2.0467	2	38	1	3	6.0229356696889e-06	0.0760432416611268	0.923950738403203
chr3	15520774	23	12	34.29	1.53901	NA	35	1	NA	NA	NA	NA
chr3	40300309	68	11	13.92	1.59837	NA	79	1	NA	NA	NA	NA
chr3	48225175	16	8	33.33	1.59837	NA	24	0	NA	NA	NA	NA
chr3	49722702	40	4	9.09	1.59837	NA	44	1	NA	NA	NA	NA
chr3	49723957	103	26	20.16	1.59837	NA	129	1	NA	NA	NA	NA
chr3	49724014	65	12	15.58	1.59837	NA	77	1	NA	NA	NA	NA
chr3	54919480	50	4	7.41	1.59837	NA	54	1	NA	NA	NA	NA
chr3	75713720	106	19	15.2	1.59837	NA	125	1	NA	NA	NA	NA
chr3	75786202	303	24	7.34	1.59837	NA	327	1	NA	NA	NA	NA
chr3	75786203	303	24	7.34	1.59837	NA	327	1	NA	NA	NA	NA
chr3	75786993	493	68	12.12	1.59837	NA	561	1	NA	NA	NA	NA
chr3	75788303	327	76	18.86	1.59837	NA	403	1	NA	NA	NA	NA
chr3	75788594	177	21	10.61	1.59837	NA	198	1	NA	NA	NA	NA
chr3	136646793	92	12	11.54	3.49163	NA	104	1	NA	NA	NA	NA
chr3	195508427	264	22	7.69	1.69843	NA	286	1	NA	NA	NA	NA
chr3	195508430	281	22	7.26	1.69843	NA	303	1	NA	NA	NA	NA
chr3	195510793	316	43	11.98	1.69843	NA	359	1	NA	NA	NA	NA
chr4	367169	151	8	5.03	1.27068	NA	159	1	NA	NA	NA	NA
chr4	367201	138	11	7.38	1.27068	NA	149	1	NA	NA	NA	NA
chr4	9250430	169	25	12.89	1.27068	NA	194	1	NA	NA	NA	NA
chr4	49163871	106	32	23.19	1.27068	NA	138	1	NA	NA	NA	NA
chr4	49215091	30	14	31.82	1.27068	NA	44	1	NA	NA	NA	NA
chr4	49247388	22	14	38.89	1.27068	NA	36	1	NA	NA	NA	NA
chr4	71347185	62	19	23.46	1.27068	NA	81	1	NA	NA	NA	NA
chr4	83984293	9	14	60.87	1.51866	NA	23	0	NA	NA	NA	NA
chr4	110448431	7	14	66.67	1.51026	NA	21	0	NA	NA	NA	NA
chr4	120241904	41	6	12.77	1.51026	NA	47	1	NA	NA	NA	NA
chr4	156268270	47	20	29.85	1.51351	NA	67	1	NA	NA	NA	NA
chr4	175898994	136	13	8.72	1.48823	NA	149	1	NA	NA	NA	NA
chr5	205686	37	11	22.92	1.73893	NA	48	1	NA	NA	NA	NA
chr5	663272	72	10	12.2	1.73893	NA	82	1	NA	NA	NA	NA
chr5	663275	72	12	14.29	1.73893	NA	84	1	NA	NA	NA	NA
chr5	663280	77	7	8.33	1.73893	NA	84	1	NA	NA	NA	NA
chr5	663285	83	6	6.74	1.73893	NA	89	1	NA	NA	NA	NA
chr5	711002	121	7	5.47	1.73893	NA	128	1	NA	NA	NA	NA
chr5	21473913	41	12	22.64	1.73893	NA	53	1	NA	NA	NA	NA
chr5	98858509	116	14	10.77	1.47427	NA	130	1	NA	NA	NA	NA
chr5	122737709	24	5	17.24	1.47427	NA	29	0	NA	NA	NA	NA
chr5	138715628	31	3	8.82	1.47427	NA	34	1	NA	NA	NA	NA
chr5	139251345	29	3	9.38	1.47427	NA	32	1	NA	NA	NA	NA
chr6	11105361	59	13	18.06	2.04784	2	72	1	3	1.03466344533643e-09	1.29826417525948e-08	0.999999988982695
chr6	11105380	60	9	13.04	2.04784	2	69	1	3	1.00001034789151e-09	1.00001315741987e-09	1.00000000099998
chr6	11105386	60	10	14.29	2.04784	2	70	1	3	1.00009977627392e-09	1.00073335545058e-09	1.00000000099917
chr6	11105394	64	10	13.51	2.04784	2	74	1	3	1.00002483200753e-09	1.00006315061603e-09	1.00000000099991
chr6	11105411	71	10	12.35	2.04784	2	81	1	3	1.00000270643513e-09	1.00000114806707e-09	1.000000001
chr6	17606205	35	10	22.22	2.04784	2	45	1	3	7.69368879287903e-09	2.61649862274578e-05	0.999973830320084
chr6	28097762	29	16	35.56	2.04784	2	45	1	2	0.00024210553934587	0.853078130145582	0.146679767315072
chr6	32521100	86	28	24.56	2.04784	2	114	1	3	8.91758881417736e-08	0.000722697503179907	0.999277216320932
chr6	32521116	68	37	35.24	2.04784	2	105	1	2	0.00021245282092306	0.834882972460299	0.164904577718778
chr6	32548554	73	8	9.88	2.04784	2	81	1	3	1.00000001136191e-09	1.00000000003668e-09	1.000000001
chr6	32548556	75	9	10.71	2.04784	2	84	1	3	1.00000008172616e-09	1.00000000163987e-09	1.000000001
chr6	33140731	28	3	9.68	2.04784	2	31	1	3	1.00000000689581e-09	1.00000000001386e-09	1.000000001
chr6	33141613	42	26	38.24	2.04784	2	68	1	2	0.00078947090705434	0.935103882692737	0.0641066494002087
chr6	33141638	51	32	38.55	2.04784	2	83	1	2	0.00091806488922013	0.939579661547618	0.0595022765631623
chr6	33257125	52	22	29.73	2.04784	2	74	1	3	1.13655595045673e-05	0.138157550911424	0.861831086529072
chr6	33739146	33	11	25	2.04784	2	44	1	3	1.40641899508208e-07	0.00126068629290326	0.998739176065197
chr6	53989217	45	13	22.41	2.04784	2	58	1	3	9.32633438113861e-09	3.50860109897744e-05	0.999964907662676
chr6	56471661	79	10	11.24	2.04784	2	89	1	3	1.00000026710628e-09	1.00000001548376e-09	1.000000001
chr6	57034571	51	9	15	2.04784	2	60	1	3	1.00033287912988e-09	1.00588356064888e-09	1.00000000099378
chr6	74229291	81	7	7.95	2.04784	2	88	1	3	1.00000000005724e-09	1e-09	1.000000001
chr6	109687747	45	9	16.67	2.39214	NA	54	1	NA	NA	NA	NA
chr6	111896933	32	23	41.82	2.39214	NA	55	1	NA	NA	NA	NA
chr6	114184221	67	30	30.93	2.39214	NA	97	1	NA	NA	NA	NA
chr6	116756771	57	14	19.72	2.39214	NA	71	1	NA	NA	NA	NA
chr6	138658056	49	32	39.51	2.01894	2	81	1	2	0.00149752208836106	0.94980238768391	0.0487000932277291
chr7	21550654	26	7	21.21	1.92559	2	33	1	3	3.0376461745578e-09	5.0925369740418e-06	0.99999490742538
chr7	23313845	33	37	52.86	1.92559	2	70	1	1	0.980223242634882	0.013849747031928	0.00592701333318986
chr7	29689681	71	23	24.47	1.92559	2	94	1	3	8.11872558785322e-08	0.000643333848533243	0.999356587964211
chr7	45760697	44	9	16.98	1.92559	2	53	1	3	1.00736246036804e-09	2.02018308889993e-09	0.999999999972454
chr7	63204569	101	10	9.01	1.92559	2	111	1	3	1.00000000119978e-09	1.00000000000044e-09	1.000000001
chr7	63204667	67	10	12.99	1.92559	2	77	1	3	1.00000941119168e-09	1.00001108771617e-09	1.00000000099998
chr7	63204668	69	10	12.66	1.92559	2	79	1	3	1.00000498682251e-09	1.00000350686511e-09	1.00000000099999
chr7	63213633	184	19	9.36	1.92559	2	203	1	3	1.00000000303682e-09	1.00000000000278e-09	1.000000001
chr7	63219107	297	15	4.81	1.92559	2	312	1	3	1e-09	1e-09	1.000000001
chr7	99799494	80	44	35.48	1.92559	2	124	1	2	0.000234301167982107	0.848768372989561	0.150997328842457
chr7	100643832	688	61	8.14	1.92559	2	749	1	3	1.00000000010155e-09	1e-09	1.000000001
chr7	100676360	194	24	11.01	1.92559	2	218	1	3	1.00000016084762e-09	1.00000000593972e-09	1.000000001
chr7	111487249	13	15	53.57	2.39512	NA	28	0	NA	NA	NA	NA
chr7	123264743	30	21	41.18	2.39512	NA	51	1	NA	NA	NA	NA
chr7	130129483	54	8	12.9	2.39512	NA	62	1	NA	NA	NA	NA
chr7	142460671	32	12	27.27	2.39512	NA	44	1	NA	NA	NA	NA
chr7	150439642	32	10	23.81	1.3903	NA	42	1	NA	NA	NA	NA
chr7	151970687	120	22	15.49	1.3903	NA	142	1	NA	NA	NA	NA
chr7	151970690	131	21	13.82	1.3903	NA	152	1	NA	NA	NA	NA
chr7	151970705	158	31	16.4	1.3903	NA	189	1	NA	NA	NA	NA
chr7	151970777	236	44	15.71	1.3903	NA	280	1	NA	NA	NA	NA
chr8	255315	94	10	9.62	1.13438	1	104	1	NA	NA	NA	NA
chr8	255360	107	8	6.96	1.13438	1	115	1	NA	NA	NA	NA
chr8	255406	86	17	16.5	1.13438	1	103	1	NA	NA	NA	NA
chr8	8095749	19	2	9.52	1.13438	1	21	0	NA	NA	NA	NA
chr8	11189529	53	12	18.46	1.13438	1	65	1	NA	NA	NA	NA
chr8	52731465	93	15	13.89	1.5436	NA	108	1	NA	NA	NA	NA
chr8	52732148	58	5	7.94	1.5436	NA	63	1	NA	NA	NA	NA
chr8	86568337	19	2	9.52	1.5436	NA	21	0	NA	NA	NA	NA
chr8	94660511	45	10	18.18	1.5436	NA	55	1	NA	NA	NA	NA
chr9	22009190	19	9	32.14	2.11477	2	28	0	NA	NA	NA	NA
chr9	33795288	22	6	21.43	2.11477	2	28	0	NA	NA	NA	NA
chr9	34691054	21	11	34.38	2.11477	2	32	1	2	0.00014981027478371	0.771506292200604	0.228343900524612
chr9	38541272	21	7	25	2.11477	2	28	0	NA	NA	NA	NA
chr9	38541273	22	7	24.14	2.11477	2	29	0	NA	NA	NA	NA
chr9	38541279	32	10	23.81	2.11477	2	42	1	3	4.05699751219041e-08	0.000266911373009644	0.999733051057015
chr9	38541321	59	10	14.49	2.11477	2	69	1	3	1.00014088576948e-09	1.00133675837814e-09	1.00000000099852
chr9	38541326	60	9	13.04	2.11477	2	69	1	3	1.00001034789151e-09	1.00001315741987e-09	1.00000000099998
chr9	38541327	62	9	12.68	2.11477	2	71	1	3	1.00000518482887e-09	1.00000376433568e-09	1.00000000099999
chr9	38541339	70	9	11.39	2.11477	2	79	1	3	1.00000036984305e-09	1.0000000285543e-09	1.000000001
chr9	41952638	36	20	35.71	2.11477	2	56	1	2	0.000257505320225864	0.860755388341566	0.138987109338208
chr9	44070002	107	8	6.96	2.11477	2	115	1	3	1.00000000000228e-09	1e-09	1.000000001
chr9	44076967	297	20	6.31	2.11477	2	317	1	3	1.00000000000021e-09	1e-09	1.000000001
chr9	44076969	297	22	6.9	2.11477	2	319	1	3	1.00000000000185e-09	1e-09	1.000000001
chr9	45728068	390	18	4.41	2.11477	2	408	1	3	1e-09	1e-09	1.000000001
chr9	66502240	234	14	5.65	2.11477	2	248	1	3	1.00000000000001e-09	1e-09	1.000000001
chr9	68315784	88	13	12.87	2.11477	2	101	1	3	1.00000748388845e-09	1.0000073273625e-09	1.00000000099999
chr9	68430193	615	53	7.93	2.11477	2	668	1	3	1.00000000005385e-09	1e-09	1.000000001
chr9	68430314	464	61	11.62	2.11477	2	525	1	3	1.00000060436128e-09	1.00000007160795e-09	1.000000001
chr9	68430319	484	33	6.38	2.11477	2	517	1	3	1.00000000000028e-09	1e-09	1.000000001
chr9	68437595	30	5	14.29	2.11477	2	35	1	3	1.00009977627392e-09	1.00073335545058e-09	1.00000000099917
chr9	68438603	154	18	10.47	2.11477	2	172	1	3	1.00000004691939e-09	1.00000000056729e-09	1.000000001
chr9	69083127	143	19	11.73	2.11477	2	162	1	3	1.00000076185531e-09	1.00000011027748e-09	1.000000001
chr9	69083196	73	19	20.65	2.11477	2	92	1	3	2.03044080550995e-09	1.9382946199021e-06	0.999998062674939
chr9	72842815	62	27	30.34	2.11477	2	89	1	3	1.79469147595769e-05	0.207127981926365	0.792854074158876
chr9	86593195	42	21	33.33	2.11477	2	63	1	2	9.6297149244478e-05	0.659055449687511	0.340848256163245
chr9	99540351	16	5	23.81	2.11477	2	21	0	NA	NA	NA	NA
chr9	99883897	13	8	38.1	2.11477	2	21	0	NA	NA	NA	NA
chr9	116023742	18	17	48.57	2.11477	2	35	1	2	0.474805246410283	0.48665384704539	0.0385409095443268
chr9	140174798	20	13	39.39	1.36907	NA	33	1	NA	NA	NA	NA
chrX	214220	50	11	18.03	1.36377	NA	61	1	NA	NA	NA	NA
chrX	215278	20	4	16.67	1.36377	NA	24	0	NA	NA	NA	NA
chrX	30260951	106	13	10.92	2.11932	2	119	1	3	1.00000013152737e-09	1.00000000405548e-09	1.000000001
chrX	48209539	39	27	40.91	2.11932	2	66	1	2	0.0032517343407982	0.957215086922086	0.0395331817371161
chrX	51487227	44	24	35.29	2.11932	2	68	1	2	0.000216820465044965	0.837898218950469	0.161884963584486
chrX	70073201	29	17	36.96	2.11932	2	46	1	2	0.000438013952290383	0.907978889740041	0.0915830993076685
chrX	70712017	39	28	41.79	2.11932	2	67	1	2	0.00549962199220913	0.958028368026534	0.0364720129812569
chrX	73405977	55	14	20.29	2.11932	2	69	1	3	1.65883653972688e-09	1.01788793051733e-06	0.999998983453233
chrX	100662795	43	9	17.31	2.11932	2	52	1	3	1.01193283051298e-09	3.21802602362391e-09	0.999999998770041
chrX	101910820	145	10	6.45	2.11932	2	155	1	3	1.00000000000036e-09	1e-09	1.000000001
chrX	106108812	86	20	18.87	2.11932	2	106	1	3	1.10481738614151e-09	6.70845792435911e-08	0.999999934810603
chrX	114384386	32	7	17.95	2.11932	2	39	1	3	1.02972193713601e-09	1.04180279191763e-08	0.99999999155225
chrX	118370256	20	9	31.03	2.11932	2	29	0	NA	NA	NA	NA
chrX	118605217	102	18	15	2.11932	2	120	1	3	1.00033287912988e-09	1.00588356064888e-09	1.00000000099378
chrX	149106532	24	5	17.24	2.11932	2	29	0	NA	NA	NA	NA
chrX	152228669	17	25	59.52	2.11932	2	42	1	1	0.999867818047609	3.09526003120419e-06	0.000129089692359989
chrX	154743758	22	11	33.33	2.11932	2	33	1	2	9.6297149244478e-05	0.659055449687511	0.340848256163245
chrX	155233471	51	12	19.05	2.11932	2	63	1	3	1.1332391823568e-09	9.61233269262963e-08	0.999999905743434
