chr	st	BC09T.ref	BC09T.var	BC09T.vaf	BC09T.cn	BC09T.cleancn	BC09T.depth	adequateDepth	cluster	cluster.prob
chr1	136817	158	22	12.22	1.84779	2	180	1	1	1.000000001
chr1	877653	18	2	10	1.84779	2	20	0	NA	NA
chr1	1228524	20	4	16.67	1.84779	2	24	0	NA	NA
chr1	1444844	18	3	14.29	1.84779	2	21	0	NA	NA
chr1	1452605	35	3	7.89	1.84779	2	38	1	1	1.000000001
chr1	1595927	33	2	5.71	1.84779	2	35	1	1	1.000000001
chr1	3385516	19	2	9.52	1.84779	2	21	0	NA	NA
chr1	9932124	32	2	5.88	1.84779	2	34	1	1	1.000000001
chr1	9932144	31	2	6.06	1.84779	2	33	1	1	1.000000001
chr1	12851606	149	8	5.1	1.84779	2	157	1	1	1.000000001
chr1	13183138	122	12	8.96	1.84779	2	134	1	1	1.000000001
chr1	16317626	30	2	6.25	1.84779	2	32	1	1	1.000000001
chr1	16902988	100	13	11.5	1.84779	2	113	1	1	1.000000001
chr1	16908859	37	7	15.91	1.84779	2	44	1	1	1.000000001
chr1	16908864	42	9	17.65	1.84779	2	51	1	1	1.000000001
chr1	16959698	20	11	35.48	1.84779	2	31	1	1	1.000000001
chr1	16973400	25	9	26.47	1.84779	2	34	1	1	1.000000001
chr1	16973423	34	14	29.17	1.84779	2	48	1	1	1.000000001
chr1	16975340	75	3	3.85	1.84779	2	78	1	1	1.000000001
chr1	17332161	20	2	9.09	1.84779	2	22	0	NA	NA
chr1	32705779	21	2	8.7	1.84779	2	23	0	NA	NA
chr1	36383931	26	8	23.53	1.84779	2	34	1	1	1.000000001
chr1	64254813	114	8	6.56	1.84779	2	122	1	1	1.000000001
chr1	64254821	80	7	8.05	1.84779	2	87	1	1	1.000000001
chr1	68627166	239	41	14.64	1.84779	2	280	1	1	1.000000001
chr1	68627513	39	12	23.53	1.84779	2	51	1	1	1.000000001
chr1	68627833	91	18	16.51	1.84779	2	109	1	1	1.000000001
chr1	68628780	58	83	58.87	1.84779	2	141	1	1	1.000000001
chr1	68628986	177	13	6.84	1.84779	2	190	1	1	1.000000001
chr1	87602362	31	6	16.22	1.84779	2	37	1	1	1.000000001
chr1	98386474	18	2	10	1.84779	2	20	0	NA	NA
chr1	120612043	28	6	17.65	1.84779	2	34	1	1	1.000000001
chr1	142619350	106	20	15.87	1.84779	2	126	1	1	1.000000001
chr1	142621003	126	19	13.1	1.84779	2	145	1	1	1.000000001
chr1	142621112	50	5	9.09	1.84779	2	55	1	1	1.000000001
chr1	142621114	49	5	9.26	1.84779	2	54	1	1	1.000000001
chr1	142712530	115	5	4.17	1.84779	2	120	1	1	1.000000001
chr1	142803646	124	20	13.89	1.84779	2	144	1	1	1.000000001
chr1	142805268	251	33	11.62	1.84779	2	284	1	1	1.000000001
chr1	142805295	357	50	12.29	1.84779	2	407	1	1	1.000000001
chr1	142806056	501	27	5.11	1.84779	2	528	1	1	1.000000001
chr1	142806932	63	5	7.35	1.84779	2	68	1	1	1.000000001
chr1	142808507	32	8	20	1.84779	2	40	1	1	1.000000001
chr1	142815884	641	54	7.77	1.84779	2	695	1	1	1.000000001
chr1	142816234	357	28	7.27	1.84779	2	385	1	1	1.000000001
chr1	142816262	504	39	7.18	1.84779	2	543	1	1	1.000000001
chr1	142816280	593	42	6.61	1.84779	2	635	1	1	1.000000001
chr1	142816297	638	42	6.18	1.84779	2	680	1	1	1.000000001
chr1	142816330	734	42	5.41	1.84779	2	776	1	1	1.000000001
chr1	142816346	774	44	5.38	1.84779	2	818	1	1	1.000000001
chr1	142819456	76	10	11.63	1.84779	2	86	1	1	1.000000001
chr1	142822375	159	18	10.17	1.84779	2	177	1	1	1.000000001
chr1	142822389	136	30	18.07	1.84779	2	166	1	1	1.000000001
chr1	142823447	179	15	7.73	1.84779	2	194	1	1	1.000000001
chr1	142824651	229	24	9.49	1.84779	2	253	1	1	1.000000001
chr1	142827099	428	44	9.32	1.84779	2	472	1	1	1.000000001
chr1	143209689	486	61	11.15	1.84779	2	547	1	1	1.000000001
chr1	143209711	456	45	8.98	1.84779	2	501	1	1	1.000000001
chr1	143209767	461	51	9.96	1.84779	2	512	1	1	1.000000001
chr1	143209784	565	41	6.77	1.84779	2	606	1	1	1.000000001
chr1	143230327	328	40	10.87	1.84779	2	368	1	1	1.000000001
chr1	143394152	35	8	18.6	1.84779	2	43	1	1	1.000000001
chr1	143767628	182	58	24.17	1.84779	2	240	1	1	1.000000001
chr1	144823694	45	9	16.67	1.84779	2	54	1	1	1.000000001
chr1	144823705	44	9	16.98	1.84779	2	53	1	1	1.000000001
chr1	145296675	52	9	14.75	2.05623	2	61	1	1	1.000000001
chr1	145296698	49	8	14.04	2.05623	2	57	1	1	1.000000001
chr1	145598568	68	8	10.53	2.05623	2	76	1	1	1.000000001
chr1	147597271	25	9	26.47	2.05623	2	34	1	1	1.000000001
chr1	149262467	101	16	13.68	2.05623	2	117	1	1	1.000000001
chr1	149281996	84	7	7.69	2.05623	2	91	1	1	1.000000001
chr1	151162619	29	2	6.45	2.05623	2	31	1	1	1.000000001
chr1	152187485	92	8	8	2.05623	2	100	1	1	1.000000001
chr1	152188961	102	15	12.82	2.05623	2	117	1	1	1.000000001
chr1	152188998	73	12	14.12	2.05623	2	85	1	1	1.000000001
chr1	152883077	51	3	5.56	2.05623	2	54	1	1	1.000000001
chr1	196195189	85	15	15	2.05623	2	100	1	1	1.000000001
chr1	201180485	302	15	4.73	2.05623	2	317	1	1	1.000000001
chr1	206575128	43	8	15.69	2.05623	2	51	1	1	1.000000001
chr1	225305464	94	9	8.74	2.05623	2	103	1	1	1.000000001
chr1	248617086	81	9	10	2.05623	2	90	1	1	1.000000001
chr1	248617095	77	16	17.2	2.05623	2	93	1	1	1.000000001
chr1	248722621	36	13	26.53	2.05623	2	49	1	1	1.000000001
chr10	26935656	136	25	15.53	1.89395	2	161	1	1	1.000000001
chr10	26935666	139	24	14.72	1.89395	2	163	1	1	1.000000001
chr10	26936306	200	18	8.26	1.89395	2	218	1	1	1.000000001
chr10	26936307	197	17	7.94	1.89395	2	214	1	1	1.000000001
chr10	26936309	202	16	7.34	1.89395	2	218	1	1	1.000000001
chr10	26936330	222	15	6.33	1.89395	2	237	1	1	1.000000001
chr10	27040665	27	8	22.86	1.89395	2	35	1	1	1.000000001
chr10	30318043	28	4	12.5	1.89395	2	32	1	1	1.000000001
chr10	30986418	26	5	16.13	1.89395	2	31	1	1	1.000000001
chr10	31650028	164	6	3.53	1.89395	2	170	1	1	1.000000001
chr10	38464910	58	14	19.44	1.89395	2	72	1	1	1.000000001
chr10	38464923	50	15	23.08	1.89395	2	65	1	1	1.000000001
chr10	38464940	49	17	25.76	1.89395	2	66	1	1	1.000000001
chr10	38464954	39	14	26.42	1.89395	2	53	1	1	1.000000001
chr10	38464962	35	11	23.91	1.89395	2	46	1	1	1.000000001
chr10	38464965	32	11	25.58	1.89395	2	43	1	1	1.000000001
chr10	38464975	37	10	21.28	1.89395	2	47	1	1	1.000000001
chr10	38464978	37	10	21.28	1.89395	2	47	1	1	1.000000001
chr10	38464985	36	10	21.74	1.89395	2	46	1	1	1.000000001
chr10	38464986	37	10	21.28	1.89395	2	47	1	1	1.000000001
chr10	38465029	38	8	17.39	1.89395	2	46	1	1	1.000000001
chr10	38488381	19	7	26.92	1.89395	2	26	0	NA	NA
chr10	38939433	176	11	5.88	1.89395	2	187	1	1	1.000000001
chr10	42949930	56	3	5.08	1.89395	2	59	1	1	1.000000001
chr10	42949932	54	3	5.26	1.89395	2	57	1	1	1.000000001
chr10	42949940	50	3	5.66	1.89395	2	53	1	1	1.000000001
chr10	42949949	51	3	5.56	1.89395	2	54	1	1	1.000000001
chr10	47381269	15	6	28.57	1.89395	2	21	0	NA	NA
chr10	49239470	104	10	8.77	1.89395	2	114	1	1	1.000000001
chr10	81697958	36	3	7.69	2.05594	2	39	1	1	1.000000001
chr10	106918635	32	6	15.79	2.05594	2	38	1	1	1.000000001
chr10	126677096	673	45	6.27	1.93697	2	718	1	1	1.000000001
chr10	126677189	701	88	11.15	1.93697	2	789	1	1	1.000000001
chr10	126677461	128	20	13.51	1.93697	2	148	1	1	1.000000001
chr10	127585142	76	14	15.56	1.93697	2	90	1	1	1.000000001
chr11	1016662	464	34	6.83	1.91242	2	498	1	1	1.000000001
chr11	1016720	520	25	4.59	1.91242	2	545	1	1	1.000000001
chr11	1016750	647	28	4.15	1.91242	2	675	1	1	1.000000001
chr11	1016754	655	42	6.03	1.91242	2	697	1	1	1.000000001
chr11	1016756	637	41	6.05	1.91242	2	678	1	1	1.000000001
chr11	1016777	682	43	5.93	1.91242	2	725	1	1	1.000000001
chr11	1016785	720	31	4.13	1.91242	2	751	1	1	1.000000001
chr11	1016887	668	53	7.35	1.91242	2	721	1	1	1.000000001
chr11	1016906	610	37	5.72	1.91242	2	647	1	1	1.000000001
chr11	1017024	481	25	4.94	1.91242	2	506	1	1	1.000000001
chr11	1017059	467	24	4.89	1.91242	2	491	1	1	1.000000001
chr11	1017068	482	36	6.95	1.91242	2	518	1	1	1.000000001
chr11	1017200	557	38	6.39	1.91242	2	595	1	1	1.000000001
chr11	1017822	498	36	6.74	1.91242	2	534	1	1	1.000000001
chr11	1017841	577	30	4.94	1.91242	2	607	1	1	1.000000001
chr11	1017848	565	47	7.68	1.91242	2	612	1	1	1.000000001
chr11	1017869	566	71	11.15	1.91242	2	637	1	1	1.000000001
chr11	1017870	636	34	5.07	1.91242	2	671	1	1	1.000000001
chr11	1017921	486	51	9.5	1.91242	2	537	1	1	1.000000001
chr11	1017941	391	63	13.88	1.91242	2	454	1	1	1.000000001
chr11	1099525	43	3	6.52	1.91242	2	46	1	1	1.000000001
chr11	4967678	102	9	8.11	1.91242	2	111	1	1	1.000000001
chr11	8737224	18	2	10	1.91242	2	20	0	NA	NA
chr11	44285364	31	3	8.82	1.90528	2	34	1	1	1.000000001
chr11	47353192	26	3	10.34	1.90528	2	29	0	NA	NA
chr11	51516144	30	10	25	1.90528	2	40	1	1	1.000000001
chr11	57321927	49	3	5.77	1.90528	2	52	1	1	1.000000001
chr11	65266070	34	6	15	1.90528	2	40	1	1	1.000000001
chr11	85566476	22	8	26.67	1.90528	2	30	1	1	1.000000001
chr11	89608601	48	8	14.29	1.90528	2	56	1	1	1.000000001
chr11	117078531	24	3	11.11	1.90528	2	27	0	NA	NA
chr11	118518735	40	3	6.98	1.90528	2	43	1	1	1.000000001
chr12	88717	61	3	4.69	1.90013	2	64	1	1	1.000000001
chr12	391277	168	7	4	1.90013	2	175	1	1	1.000000001
chr12	8082367	24	8	25	1.90013	2	32	1	1	1.000000001
chr12	11174492	110	12	9.84	1.90013	2	122	1	1	1.000000001
chr12	11174515	140	9	6.04	1.90013	2	149	1	1	1.000000001
chr12	11174534	156	8	4.88	1.90013	2	164	1	1	1.000000001
chr12	11201846	31	11	26.19	1.90013	2	42	1	1	1.000000001
chr12	11214299	177	15	7.81	1.90013	2	192	1	1	1.000000001
chr12	11214324	161	10	5.85	1.90013	2	171	1	1	1.000000001
chr12	25629066	62	18	22.5	1.90013	2	80	1	1	1.000000001
chr12	31241894	61	10	14.08	1.90013	2	71	1	1	1.000000001
chr12	121779720	18	7	28	1.90013	2	25	0	NA	NA
chr12	123468089	19	2	9.52	1.90013	2	21	0	NA	NA
chr12	123892646	22	6	21.43	1.90013	2	28	0	NA	NA
chr12	123892672	29	6	17.14	1.90013	2	35	1	1	1.000000001
chr12	123892684	34	5	12.82	1.90013	2	39	1	1	1.000000001
chr12	123893372	26	6	18.75	1.90013	2	32	1	1	1.000000001
chr12	123893377	24	9	27.27	1.90013	2	33	1	1	1.000000001
chr12	124118450	18	2	10	1.90013	2	20	0	NA	NA
chr12	124497333	165	6	3.51	1.90013	2	171	1	1	1.000000001
chr12	125434491	19	3	13.64	1.90013	2	22	0	NA	NA
chr12	129298777	37	6	13.95	1.90013	2	43	1	1	1.000000001
chr12	131605496	18	2	10	1.90013	2	20	0	NA	NA
chr12	132862963	42	3	6.67	1.90013	2	45	1	1	1.000000001
chr13	19413073	52	12	18.75	1.62879	NA	64	1	NA	NA
chr13	19413087	40	9	18.37	1.62879	NA	49	1	NA	NA
chr13	19428484	41	9	18	1.62879	NA	50	1	NA	NA
chr13	19961175	20	7	25.93	1.74436	NA	27	0	NA	NA
chr13	25671688	97	17	14.91	1.74436	NA	114	1	NA	NA
chr13	25671699	97	13	11.82	1.74436	NA	110	1	NA	NA
chr13	25671700	95	13	12.04	1.74436	NA	108	1	NA	NA
chr13	58205857	23	3	11.54	1.74436	NA	26	0	NA	NA
chr14	19114438	140	6	4.11	1.85241	2	146	1	1	1.000000001
chr14	21679197	139	20	12.58	1.85241	2	159	1	1	1.000000001
chr14	53239520	49	13	20.97	1.90316	2	62	1	1	1.000000001
chr14	53240563	55	11	16.67	1.90316	2	66	1	1	1.000000001
chr14	53243126	47	11	18.97	1.90316	2	58	1	1	1.000000001
chr14	61438247	95	7	6.86	1.90316	2	102	1	1	1.000000001
chr14	65008081	53	9	14.52	1.90316	2	62	1	1	1.000000001
chr14	105624019	21	2	8.7	1.90316	2	23	0	NA	NA
chr15	20489310	124	16	11.43	1.88583	2	140	1	1	1.000000001
chr15	20776245	128	8	5.88	1.88583	2	136	1	1	1.000000001
chr15	20776249	122	8	6.15	1.88583	2	130	1	1	1.000000001
chr15	21934934	309	42	11.97	1.88583	2	351	1	1	1.000000001
chr15	23282925	51	8	13.56	1.88583	2	59	1	1	1.000000001
chr15	30396021	47	3	6	1.88583	2	50	1	1	1.000000001
chr15	72549725	35	4	10.26	1.88583	2	39	1	1	1.000000001
chr15	76030074	26	4	13.33	1.88583	2	30	1	1	1.000000001
chr15	76030075	26	4	13.33	1.88583	2	30	1	1	1.000000001
chr15	76030078	27	8	22.86	1.88583	2	35	1	1	1.000000001
chr15	76030115	43	9	17.31	1.88583	2	52	1	1	1.000000001
chr15	82810411	44	3	6.38	1.88583	2	47	1	1	1.000000001
chr15	90904052	26	8	23.53	1.88583	2	34	1	1	1.000000001
chr15	100340296	24	6	20	1.88583	2	30	1	1	1.000000001
chr15	102517868	62	23	27.06	1.88583	2	85	1	1	1.000000001
chr16	111560	54	2	3.57	1.64262	NA	56	1	NA	NA
chr16	4310050	24	2	7.69	1.64262	NA	26	0	NA	NA
chr16	4410427	31	2	6.06	1.64262	NA	33	1	NA	NA
chr16	15457711	145	7	4.61	1.64262	NA	152	1	NA	NA
chr16	21073959	44	3	6.38	1.64262	NA	47	1	NA	NA
chr16	21531448	53	2	3.64	1.64262	NA	55	1	NA	NA
chr16	29395395	43	9	17.31	1.64262	NA	52	1	NA	NA
chr16	29496770	77	10	11.49	1.64262	NA	87	1	NA	NA
chr16	29496772	82	11	11.83	1.64262	NA	93	1	NA	NA
chr16	33365470	50	9	15.25	1.64262	NA	59	1	NA	NA
chr16	33530772	121	22	15.38	1.64262	NA	143	1	NA	NA
chr16	33717921	26	7	21.21	1.64262	NA	33	1	NA	NA
chr16	33717930	30	8	21.05	1.64262	NA	38	1	NA	NA
chr16	57748755	25	7	21.88	1.64262	NA	32	1	NA	NA
chr16	57748767	21	7	25	1.64262	NA	28	0	NA	NA
chr16	57748768	20	8	28.57	1.64262	NA	28	0	NA	NA
chr16	70415219	18	2	10	1.64262	NA	20	0	NA	NA
chr16	74444538	40	7	14.89	1.64262	NA	47	1	NA	NA
chr16	88799152	27	3	10	1.64262	NA	30	1	NA	NA
chr17	8049675	30	2	6.25	1.51204	NA	32	1	NA	NA
chr17	10398336	60	15	20	1.51204	NA	75	1	NA	NA
chr17	12011144	44	13	22.81	1.51204	NA	57	1	NA	NA
chr17	15621079	36	17	32.08	1.51204	NA	53	1	NA	NA
chr17	18062672	29	2	6.45	1.51204	NA	31	1	NA	NA
chr17	18571133	39	9	18.75	1.51204	NA	48	1	NA	NA
chr17	18653358	33	3	8.33	1.51204	NA	36	1	NA	NA
chr17	20768132	88	11	11.11	1.51204	NA	99	1	NA	NA
chr17	20768137	93	11	10.58	1.51204	NA	104	1	NA	NA
chr17	20768142	92	13	12.38	1.51204	NA	105	1	NA	NA
chr17	33325231	46	3	6.12	1.51204	NA	49	1	NA	NA
chr17	36203198	27	6	18.18	1.51204	NA	33	1	NA	NA
chr17	36453125	27	4	12.9	1.51204	NA	31	1	NA	NA
chr17	37342735	34	3	8.11	1.51204	NA	37	1	NA	NA
chr17	38176515	19	2	9.52	1.51204	NA	21	0	NA	NA
chr17	38562829	69	14	16.87	1.51204	NA	83	1	NA	NA
chr17	41369878	22	2	8.33	1.51204	NA	24	0	NA	NA
chr17	45214564	509	67	11.63	1.51204	NA	576	1	NA	NA
chr17	45214606	340	42	10.99	1.51204	NA	382	1	NA	NA
chr17	45221298	41	13	24.07	1.51204	NA	54	1	NA	NA
chr17	45221317	38	11	22.45	1.51204	NA	49	1	NA	NA
chr17	45221318	28	19	40.43	1.51204	NA	47	1	NA	NA
chr17	45234417	858	32	3.6	1.51204	NA	889	1	NA	NA
chr17	48465575	19	2	9.52	1.51204	NA	21	0	NA	NA
chr17	56584601	21	2	8.7	1.51204	NA	23	0	NA	NA
chr17	58087754	44	5	10.2	1.51204	NA	49	1	NA	NA
chr17	66873796	32	3	8.57	1.51204	NA	35	1	NA	NA
chr17	67260931	36	12	25	1.51204	NA	48	1	NA	NA
chr17	74733132	18	3	14.29	1.51204	NA	21	0	NA	NA
chr17	79176218	18	2	10	1.51204	NA	20	0	NA	NA
chr17	79994527	81	3	3.57	1.51204	NA	84	1	NA	NA
chr17	80014456	20	2	9.09	1.51204	NA	22	0	NA	NA
chr18	48190	174	8	4.4	1.69032	NA	182	1	NA	NA
chr18	14184151	57	7	10.94	1.69032	NA	64	1	NA	NA
chr18	14184164	51	5	8.93	1.69032	NA	56	1	NA	NA
chr18	14204338	34	7	17.07	1.69032	NA	41	1	NA	NA
chr18	14221147	44	6	12	1.69032	NA	50	1	NA	NA
chr18	14221171	52	12	18.75	1.69032	NA	64	1	NA	NA
chr18	14337922	104	10	8.77	1.69032	NA	114	1	NA	NA
chr18	14337944	107	10	8.55	1.69032	NA	117	1	NA	NA
chr18	14341718	83	9	9.78	1.69032	NA	92	1	NA	NA
chr18	14341751	49	6	10.91	1.69032	NA	55	1	NA	NA
chr18	14341753	46	6	11.54	1.69032	NA	52	1	NA	NA
chr18	14341754	44	6	12	1.69032	NA	50	1	NA	NA
chr18	14341763	34	6	15	1.69032	NA	40	1	NA	NA
chr18	14341789	25	6	19.35	1.69032	NA	31	1	NA	NA
chr18	15325567	101	20	16.53	1.69032	NA	121	1	NA	NA
chr18	19029625	12	8	40	1.69032	NA	20	0	NA	NA
chr18	30092099	66	14	17.5	1.69032	NA	80	1	NA	NA
chr19	1052184	17	3	15	1.49267	NA	20	0	NA	NA
chr19	8999414	95	19	16.67	1.68986	NA	114	1	NA	NA
chr19	8999429	95	18	15.93	1.68986	NA	113	1	NA	NA
chr19	9000205	32	9	21.95	1.68986	NA	41	1	NA	NA
chr19	9000206	30	9	23.08	1.68986	NA	39	1	NA	NA
chr19	10153434	31	9	22.5	1.68986	NA	40	1	NA	NA
chr19	10472788	23	2	8	1.68986	NA	25	0	NA	NA
chr19	17988937	29	3	9.38	1.68986	NA	32	1	NA	NA
chr19	19449629	27	3	10	1.50775	NA	30	1	NA	NA
chr19	19451659	21	2	8.7	1.50775	NA	23	0	NA	NA
chr19	23329318	49	7	12.5	1.50775	NA	56	1	NA	NA
chr19	33892650	23	2	8	1.50775	NA	25	0	NA	NA
chr19	36322457	56	2	3.45	1.50775	NA	58	1	NA	NA
chr19	39976477	33	2	5.71	1.50775	NA	35	1	NA	NA
chr19	40366061	20	3	13.04	1.50775	NA	23	0	NA	NA
chr19	42829145	25	2	7.41	1.50775	NA	27	0	NA	NA
chr19	45976490	29	2	6.45	1.50775	NA	31	1	NA	NA
chr19	48836274	24	11	31.43	1.50775	NA	35	1	NA	NA
chr19	49142584	23	2	8	1.50775	NA	25	0	NA	NA
chr19	50128875	25	2	7.41	1.50775	NA	27	0	NA	NA
chr19	55344338	22	5	18.52	1.50775	NA	27	0	NA	NA
chr19	55344340	23	5	17.86	1.50775	NA	28	0	NA	NA
chr19	58385762	124	8	6.06	1.50775	NA	132	1	NA	NA
chr2	905828	189	7	3.57	1.97753	2	196	1	1	1.000000001
chr2	905833	187	7	3.61	1.97753	2	194	1	1	1.000000001
chr2	9725247	55	10	15.38	1.97753	2	65	1	1	1.000000001
chr2	89105221	196	18	8.41	1.97274	2	214	1	1	1.000000001
chr2	91809402	231	38	14.13	1.97274	2	269	1	1	1.000000001
chr2	91968774	27	5	15.62	1.97274	2	32	1	1	1.000000001
chr2	91968795	24	14	36.84	1.97274	2	38	1	1	1.000000001
chr2	91968798	26	13	33.33	1.97274	2	39	1	1	1.000000001
chr2	95474269	86	16	15.69	1.97274	2	102	1	1	1.000000001
chr2	95474274	84	18	17.65	1.97274	2	102	1	1	1.000000001
chr2	95474319	76	17	18.28	1.97274	2	93	1	1	1.000000001
chr2	95474322	78	17	17.89	1.97274	2	95	1	1	1.000000001
chr2	95474325	78	17	17.89	1.97274	2	95	1	1	1.000000001
chr2	95509781	39	7	15.22	1.97274	2	46	1	1	1.000000001
chr2	95509782	37	10	21.28	1.97274	2	47	1	1	1.000000001
chr2	95509811	54	8	12.9	1.97274	2	62	1	1	1.000000001
chr2	95509832	51	11	17.74	1.97274	2	62	1	1	1.000000001
chr2	95509833	54	15	21.74	1.97274	2	69	1	1	1.000000001
chr2	95511854	79	7	8.14	1.97274	2	86	1	1	1.000000001
chr2	95513734	156	20	11.36	1.97274	2	176	1	1	1.000000001
chr2	95513784	174	30	14.71	1.97274	2	204	1	1	1.000000001
chr2	95513801	167	21	11.17	1.97274	2	188	1	1	1.000000001
chr2	96604785	57	14	19.72	1.97274	2	71	1	1	1.000000001
chr2	96604799	49	11	18.33	1.97274	2	60	1	1	1.000000001
chr2	96619687	127	10	7.3	1.97274	2	137	1	1	1.000000001
chr2	97820478	74	11	12.94	1.97274	2	85	1	1	1.000000001
chr2	97820489	74	10	11.9	1.97274	2	84	1	1	1.000000001
chr2	97820493	68	11	13.92	1.97274	2	79	1	1	1.000000001
chr2	97833394	79	9	10.23	1.97274	2	88	1	1	1.000000001
chr2	108629121	55	9	14.06	1.97274	2	64	1	1	1.000000001
chr2	114256978	25	7	21.88	1.97274	2	32	1	1	1.000000001
chr2	118676894	27	3	10	1.97274	2	30	1	1	1.000000001
chr2	131976282	153	6	3.77	1.97274	2	159	1	1	1.000000001
chr2	131976283	153	6	3.77	1.97274	2	159	1	1	1.000000001
chr2	132043992	73	15	17.05	1.97274	2	88	1	1	1.000000001
chr2	132044023	57	15	20.83	1.97274	2	72	1	1	1.000000001
chr2	132044032	58	9	13.43	1.97274	2	67	1	1	1.000000001
chr2	133015265	88	12	12	1.97274	2	100	1	1	1.000000001
chr2	136669050	75	12	13.79	1.97274	2	87	1	1	1.000000001
chr2	181738136	35	5	12.5	1.97274	2	40	1	1	1.000000001
chr2	228734819	85	15	15	1.85253	2	100	1	1	1.000000001
chr2	233273018	16	7	30.43	1.85253	2	23	0	NA	NA
chr2	233470864	19	2	9.52	1.85253	2	21	0	NA	NA
chr2	239007253	38	9	19.15	1.85253	2	47	1	1	1.000000001
chr20	25753571	130	11	7.8	1.85858	2	141	1	1	1.000000001
chr20	25753575	112	32	22.22	1.85858	2	144	1	1	1.000000001
chr20	25754102	92	14	13.21	1.85858	2	106	1	1	1.000000001
chr20	25754120	90	16	15.09	1.85858	2	106	1	1	1.000000001
chr20	25754252	123	7	5.38	1.85858	2	130	1	1	1.000000001
chr20	25755850	53	7	11.67	1.85858	2	60	1	1	1.000000001
chr20	25755892	58	9	13.43	1.85858	2	67	1	1	1.000000001
chr20	25755895	57	9	13.64	1.85858	2	66	1	1	1.000000001
chr20	25755913	52	8	13.33	1.85858	2	60	1	1	1.000000001
chr20	29623143	283	19	6.29	1.85858	2	302	1	1	1.000000001
chr20	29623164	341	21	5.8	1.85858	2	362	1	1	1.000000001
chr20	29623179	355	24	6.33	1.85858	2	379	1	1	1.000000001
chr20	29623219	335	20	5.63	1.85858	2	355	1	1	1.000000001
chr20	29625997	206	57	21.67	1.85858	2	263	1	1	1.000000001
chr20	29628263	342	24	6.56	1.85858	2	366	1	1	1.000000001
chr20	29632660	621	54	8	1.85858	2	675	1	1	1.000000001
chr20	29632766	437	16	3.53	1.85858	2	453	1	1	1.000000001
chr20	29633823	84	13	13.4	1.85858	2	97	1	1	1.000000001
chr20	30457919	42	3	6.67	1.85858	2	45	1	1	1.000000001
chr20	61890602	15	4	21.05	1.85858	2	19	0	NA	NA
chr20	62850376	23	2	8	1.85858	2	25	0	NA	NA
chr21	9755845	60	10	14.29	1.85703	2	70	1	1	1.000000001
chr21	9897776	334	42	11.17	1.85703	2	376	1	1	1.000000001
chr21	9909841	18	4	18.18	1.85703	2	22	0	NA	NA
chr21	9909845	20	5	20	1.85703	2	25	0	NA	NA
chr21	9910525	126	18	12.5	1.85703	2	144	1	1	1.000000001
chr21	9910541	127	16	11.19	1.85703	2	143	1	1	1.000000001
chr21	9912161	49	10	16.95	1.85703	2	59	1	1	1.000000001
chr21	9912177	60	8	11.76	1.85703	2	68	1	1	1.000000001
chr21	9912181	59	8	11.94	1.85703	2	67	1	1	1.000000001
chr21	9912182	50	8	13.79	1.85703	2	58	1	1	1.000000001
chr21	9912186	56	8	12.5	1.85703	2	64	1	1	1.000000001
chr21	9912285	50	15	23.08	1.85703	2	65	1	1	1.000000001
chr21	9926795	63	9	12.5	1.85703	2	72	1	1	1.000000001
chr21	9926991	161	18	10.06	1.85703	2	179	1	1	1.000000001
chr21	9967955	217	29	11.79	1.85703	2	246	1	1	1.000000001
chr21	11011536	85	13	13.27	1.85703	2	98	1	1	1.000000001
chr21	11049461	46	7	13.21	1.85703	2	53	1	1	1.000000001
chr21	15219244	90	8	8.16	1.85703	2	98	1	1	1.000000001
chr21	15219253	83	8	8.79	1.85703	2	91	1	1	1.000000001
chr21	15219258	87	8	8.42	1.85703	2	95	1	1	1.000000001
chr21	15219261	87	8	8.42	1.85703	2	95	1	1	1.000000001
chr21	15219265	95	8	7.77	1.85703	2	103	1	1	1.000000001
chr21	15219267	92	8	8	1.85703	2	100	1	1	1.000000001
chr21	15219271	98	8	7.55	1.85703	2	106	1	1	1.000000001
chr21	15343537	181	14	7.18	1.85703	2	195	1	1	1.000000001
chr21	34121117	23	5	17.86	1.85703	2	28	0	NA	NA
chr21	42770833	27	2	6.9	1.85703	2	29	0	NA	NA
chr21	45993851	46	3	6.12	1.85703	2	49	1	1	1.000000001
chr21	46020720	57	6	9.52	1.85703	2	63	1	1	1.000000001
chr21	46020721	58	6	9.38	1.85703	2	64	1	1	1.000000001
chr21	47531963	17	3	15	1.85703	2	20	0	NA	NA
chr22	16984302	18	8	30.77	1.74388	NA	26	0	NA	NA
chr22	18844888	67	15	18.29	1.74388	NA	82	1	NA	NA
chr22	21049115	65	3	4.41	1.74388	NA	68	1	NA	NA
chr22	21643776	56	6	9.68	1.74388	NA	62	1	NA	NA
chr22	22661378	38	10	20.83	1.74388	NA	48	1	NA	NA
chr22	22663080	41	12	22.64	1.74388	NA	53	1	NA	NA
chr22	22985902	79	13	14.13	1.74388	NA	92	1	NA	NA
chr22	23660709	59	7	10.61	1.74388	NA	66	1	NA	NA
chr22	23660740	63	5	7.35	1.74388	NA	68	1	NA	NA
chr22	24106425	47	3	6	1.74388	NA	50	1	NA	NA
chr22	25006287	80	15	15.79	1.74388	NA	95	1	NA	NA
chr22	25010874	17	3	15	1.74388	NA	20	0	NA	NA
chr22	25010878	19	3	13.64	1.74388	NA	22	0	NA	NA
chr22	25024275	70	9	11.39	1.74388	NA	79	1	NA	NA
chr22	25054041	127	6	4.51	1.74388	NA	133	1	NA	NA
chr22	38120676	135	5	3.57	1.74388	NA	140	1	NA	NA
chr22	47058961	18	3	14.29	1.74388	NA	21	0	NA	NA
chr3	52544434	32	3	8.57	1.97506	2	35	1	1	1.000000001
chr3	75713903	66	8	10.81	1.97506	2	74	1	1	1.000000001
chr3	75713955	80	6	6.98	1.97506	2	86	1	1	1.000000001
chr3	75714517	61	19	23.75	1.97506	2	80	1	1	1.000000001
chr3	75714541	37	16	30.19	1.97506	2	53	1	1	1.000000001
chr3	75786921	327	27	7.63	1.97506	2	354	1	1	1.000000001
chr3	101133447	48	5	9.43	1.97506	2	53	1	1	1.000000001
chr3	101133453	45	5	10	1.97506	2	50	1	1	1.000000001
chr3	101133454	44	5	10.2	1.97506	2	49	1	1	1.000000001
chr3	101133463	39	5	11.36	1.97506	2	44	1	1	1.000000001
chr3	101134095	29	7	19.44	1.97506	2	36	1	1	1.000000001
chr3	127318352	34	3	8.11	1.98	2	37	1	1	1.000000001
chr3	127358201	23	2	8	1.98	2	25	0	NA	NA
chr3	136710732	22	9	29.03	1.98	2	31	1	1	1.000000001
chr3	194125839	68	13	16.05	1.96987	2	81	1	1	1.000000001
chr3	195507155	200	17	7.83	1.96987	2	217	1	1	1.000000001
chr3	195510121	253	12	4.53	1.96987	2	265	1	1	1.000000001
chr3	197751518	36	14	28	1.96987	2	50	1	1	1.000000001
chr4	338101	29	3	9.38	1.71451	NA	32	1	NA	NA
chr4	338103	29	3	9.38	1.71451	NA	32	1	NA	NA
chr4	49163759	27	10	27.03	1.71451	NA	37	1	NA	NA
chr4	49164047	83	8	8.79	1.71451	NA	91	1	NA	NA
chr4	49164092	53	9	14.52	1.71451	NA	62	1	NA	NA
chr4	49215233	33	10	23.26	1.71451	NA	43	1	NA	NA
chr4	49244950	109	13	10.66	1.71451	NA	122	1	NA	NA
chr4	66439443	167	12	6.7	1.71451	NA	179	1	NA	NA
chr4	69093723	65	7	9.72	1.71451	NA	72	1	NA	NA
chr4	103947540	62	13	17.33	1.71451	NA	75	1	NA	NA
chr4	119552563	129	5	3.73	1.71451	NA	134	1	NA	NA
chr4	119552579	137	5	3.52	1.71451	NA	142	1	NA	NA
chr4	120327167	47	2	4.08	1.71451	NA	49	1	NA	NA
chr4	120327395	58	4	6.45	1.71451	NA	62	1	NA	NA
chr4	175411497	59	10	14.49	1.71451	NA	69	1	NA	NA
chr5	711986	29	8	21.62	1.85961	2	37	1	1	1.000000001
chr5	840704	23	4	14.81	1.85961	2	27	0	NA	NA
chr5	840712	20	4	16.67	1.85961	2	24	0	NA	NA
chr5	34191764	661	56	7.81	1.85961	2	717	1	1	1.000000001
chr5	55260006	29	8	21.62	1.85961	2	37	1	1	1.000000001
chr5	79739100	30	9	23.08	1.85961	2	39	1	1	1.000000001
chr5	98858509	135	16	10.6	1.85961	2	151	1	1	1.000000001
chr5	98858973	69	4	5.48	1.85961	2	73	1	1	1.000000001
chr5	99727056	22	4	15.38	1.85961	2	26	0	NA	NA
chr5	140537737	45	3	6.25	1.85961	2	48	1	1	1.000000001
chr5	140720496	26	6	18.75	1.85961	2	32	1	1	1.000000001
chr5	154275862	34	7	17.07	1.85961	2	41	1	1	1.000000001
chr5	156593271	25	7	21.88	1.85961	2	32	1	1	1.000000001
chr5	168149861	54	5	8.47	1.85961	2	59	1	1	1.000000001
chr5	176524393	20	2	9.09	1.85961	2	22	0	NA	NA
chr5	177482772	80	9	10.11	1.85961	2	89	1	1	1.000000001
chr6	12296967	50	9	15.25	2.12904	2	59	1	1	1.000000001
chr6	26189100	32	8	20	2.12904	2	40	1	1	1.000000001
chr6	27115296	63	25	28.41	2.12904	2	88	1	1	1.000000001
chr6	29141415	111	14	11.2	2.12904	2	125	1	1	1.000000001
chr6	30890416	38	3	7.32	2.12904	2	41	1	1	1.000000001
chr6	30954552	128	17	11.72	2.12904	2	145	1	1	1.000000001
chr6	30954559	131	17	11.49	2.12904	2	148	1	1	1.000000001
chr6	30954560	138	17	10.97	2.12904	2	155	1	1	1.000000001
chr6	32546802	16	24	60	2.12904	2	40	1	1	1.000000001
chr6	32548489	41	9	18	2.12904	2	50	1	1	1.000000001
chr6	32548505	31	12	27.91	2.12904	2	43	1	1	1.000000001
chr6	33054619	33	13	28.26	2.12904	2	46	1	1	1.000000001
chr6	33245746	50	5	9.09	2.12904	2	55	1	1	1.000000001
chr6	35277656	16	3	15.79	2.12904	2	19	0	NA	NA
chr6	43041761	33	5	13.16	2.12904	2	38	1	1	1.000000001
chr6	43414022	38	3	7.32	2.12904	2	41	1	1	1.000000001
chr6	43972226	31	8	20.51	2.12904	2	39	1	1	1.000000001
chr6	43972227	30	7	18.92	2.12904	2	37	1	1	1.000000001
chr6	45517731	55	6	9.84	2.12904	2	61	1	1	1.000000001
chr6	56481307	87	11	11.22	2.12904	2	98	1	1	1.000000001
chr6	63921588	54	3	5.26	2.12904	2	57	1	1	1.000000001
chr6	168377178	42	3	6.67	1.99142	2	45	1	1	1.000000001
chr7	1132817	23	2	8	1.83541	2	25	0	NA	NA
chr7	2703592	31	4	11.43	1.83541	2	35	1	1	1.000000001
chr7	24843930	29	6	17.14	1.83541	2	35	1	1	1.000000001
chr7	48965427	85	24	22.02	1.83541	2	109	1	1	1.000000001
chr7	56871832	114	13	10.24	1.83541	2	127	1	1	1.000000001
chr7	65306558	94	15	13.76	1.83541	2	109	1	1	1.000000001
chr7	65306563	96	15	13.51	1.83541	2	111	1	1	1.000000001
chr7	65825074	43	3	6.52	1.83541	2	46	1	1	1.000000001
chr7	74193763	52	2	3.7	1.83541	2	54	1	1	1.000000001
chr7	76093036	34	4	10.53	1.83541	2	38	1	1	1.000000001
chr7	100643191	153	15	8.93	1.83541	2	168	1	1	1.000000001
chr7	100807318	33	2	5.71	1.83541	2	35	1	1	1.000000001
chr7	100813852	23	3	11.54	1.83541	2	26	0	NA	NA
chr7	102782263	67	15	18.29	1.83541	2	82	1	1	1.000000001
chr7	102782288	61	9	12.86	1.83541	2	70	1	1	1.000000001
chr7	102782290	57	10	14.93	1.83541	2	67	1	1	1.000000001
chr7	102782293	59	9	13.24	1.83541	2	68	1	1	1.000000001
chr7	102782306	62	6	8.82	1.83541	2	68	1	1	1.000000001
chr7	119914652	32	8	20	1.94235	2	40	1	1	1.000000001
chr7	128292534	79	28	26.17	1.94235	2	107	1	1	1.000000001
chr7	128292569	75	21	21.88	1.94235	2	96	1	1	1.000000001
chr7	142457473	25	6	19.35	1.94235	2	31	1	1	1.000000001
chr7	142457482	23	6	20.69	1.94235	2	29	0	NA	NA
chr7	142457483	25	6	19.35	1.94235	2	31	1	1	1.000000001
chr7	142459962	34	8	19.05	1.94235	2	42	1	1	1.000000001
chr7	142480014	92	4	4.17	1.94235	2	96	1	1	1.000000001
chr7	151932824	17	7	29.17	1.94235	2	24	0	NA	NA
chr7	151932876	29	5	14.71	1.94235	2	34	1	1	1.000000001
chr7	151962168	89	12	11.88	1.94235	2	101	1	1	1.000000001
chr7	151970859	220	18	7.56	1.94235	2	238	1	1	1.000000001
chr8	8090372	69	6	8	1.63637	NA	75	1	NA	NA
chr8	8090403	69	5	6.76	1.63637	NA	74	1	NA	NA
chr8	8090533	36	4	10	1.63637	NA	40	1	NA	NA
chr8	12033336	123	15	10.87	1.63637	NA	138	1	NA	NA
chr8	28625845	32	4	11.11	1.63637	NA	36	1	NA	NA
chr8	52731235	164	14	7.87	3.23822	3	178	1	NA	NA
chr8	86567934	987	121	10.92	3.23822	3	1108	1	NA	NA
chr8	86567936	974	57	5.53	3.23822	3	1031	1	NA	NA
chr8	139736829	26	17	39.53	3.23822	3	43	1	NA	NA
chr8	144342173	248	22	8.15	3.23822	3	270	1	NA	NA
chr8	144342202	261	34	11.53	3.23822	3	295	1	NA	NA
chr9	29437	29	5	14.71	2.01517	2	34	1	1	1.000000001
chr9	21384556	28	5	15.15	1.87748	2	33	1	1	1.000000001
chr9	33797881	63	16	20.25	1.87748	2	79	1	1	1.000000001
chr9	38541476	143	8	5.3	1.87748	2	151	1	1	1.000000001
chr9	38541490	133	8	5.67	1.87748	2	141	1	1	1.000000001
chr9	38541494	126	10	7.35	1.87748	2	136	1	1	1.000000001
chr9	38541499	127	8	5.93	1.87748	2	135	1	1	1.000000001
chr9	38541627	34	6	15	1.87748	2	40	1	1	1.000000001
chr9	41954196	34	5	12.82	1.87748	2	39	1	1	1.000000001
chr9	45727974	135	34	20.12	1.87748	2	169	1	1	1.000000001
chr9	66500737	58	9	13.43	1.87748	2	67	1	1	1.000000001
chr9	66513727	131	15	10.27	1.87748	2	146	1	1	1.000000001
chr9	66513728	137	15	9.87	1.87748	2	152	1	1	1.000000001
chr9	66513855	444	44	9.02	1.87748	2	488	1	1	1.000000001
chr9	66513863	447	46	9.33	1.87748	2	493	1	1	1.000000001
chr9	67289462	30	9	23.08	1.87748	2	39	1	1	1.000000001
chr9	67293690	120	12	9.09	1.87748	2	132	1	1	1.000000001
chr9	67293691	117	13	10	1.87748	2	130	1	1	1.000000001
chr9	68427892	231	25	9.77	1.87748	2	256	1	1	1.000000001
chr9	68427905	179	21	10.5	1.87748	2	200	1	1	1.000000001
chr9	68427978	73	9	10.98	1.87748	2	82	1	1	1.000000001
chr9	68433612	185	30	13.95	1.87748	2	215	1	1	1.000000001
chr9	68433626	176	14	7.37	1.87748	2	190	1	1	1.000000001
chr9	69664667	35	17	32.69	1.87748	2	52	1	1	1.000000001
chr9	70919325	115	17	12.88	1.87748	2	132	1	1	1.000000001
chr9	95087738	45	3	6.25	1.87748	2	48	1	1	1.000000001
chr9	123724966	65	10	13.33	1.87748	2	75	1	1	1.000000001
chr9	127707017	59	10	14.49	1.87748	2	69	1	1	1.000000001
chr9	131373983	22	2	8.33	1.87748	2	24	0	NA	NA
chr9	131607626	28	3	9.68	1.87748	2	31	1	1	1.000000001
chr9	132623309	26	5	16.13	1.87748	2	31	1	1	1.000000001
chrX	205530	34	2	5.56	1.68927	NA	36	1	NA	NA
chrX	6452036	24	8	25	2.18495	2	32	1	1	1.000000001
chrX	12739678	55	15	21.43	2.18495	2	70	1	1	1.000000001
chrX	12939302	67	15	18.29	2.18495	2	82	1	1	1.000000001
chrX	53449867	28	16	36.36	2.18495	2	44	1	1	1.000000001
chrX	57146564	69	11	13.75	2.18495	2	80	1	1	1.000000001
chrX	69458189	24	6	20	2.18495	2	30	1	1	1.000000001
chrX	83576802	72	29	28.71	2.18495	2	101	1	1	1.000000001
chrX	135956107	91	22	19.47	2.18495	2	113	1	1	1.000000001
chrX	140994017	258	18	6.52	2.18495	2	276	1	1	1.000000001
chrX	140994018	256	17	6.23	2.18495	2	273	1	1	1.000000001
chrX	140994096	298	24	7.45	2.18495	2	322	1	1	1.000000001
