chr	st	BC10T.ref	BC10T.var	BC10T.vaf	BC10T.cn	BC10T.cleancn	BC10T.depth	adequateDepth	cluster	cluster.prob.1	cluster.prob.2	cluster.prob.3	cluster.prob.4
chr1	1354461	32	3	8.57	1.98949	2	35	1	4	1.00000000000002e-09	1.55126466494725e-08	0.129801217387361	0.870198770099992
chr1	1654038	23	5	17.86	1.98949	2	28	0	NA	NA	NA	NA	NA
chr1	1654058	22	11	33.33	1.98949	2	33	1	2	0.189764324398366	0.810164272256026	7.14063456074181e-05	1.000000806033e-09
chr1	1849131	21	2	8.7	1.98949	2	23	0	NA	NA	NA	NA	NA
chr1	6281429	28	3	9.68	1.98949	2	31	1	4	1.00000000000922e-09	3.17943952092309e-07	0.360509835571542	0.639489849484506
chr1	9931335	19	2	9.52	1.98949	2	21	0	NA	NA	NA	NA	NA
chr1	16456731	28	2	6.67	1.98949	2	30	1	4	1e-09	1.02221541887489e-09	0.0130426289923161	0.986957372985469
chr1	16892250	94	12	11.32	1.98949	2	106	1	3	1.00000001247143e-09	1.01535123038073e-05	0.78836179742395	0.211628052063747
chr1	16893598	336	29	7.95	1.98949	2	365	1	4	1e-09	3.05187976985967e-09	0.064789493947496	0.935210506000624
chr1	16908131	71	23	24.47	1.98949	2	94	1	2	0.00012614945532499	0.946690975450999	0.0531828674045638	1.16891127394238e-08
chr1	16973419	24	7	22.58	1.98949	2	31	1	2	1.51020557150967e-05	0.785928015878883	0.214056561895364	3.2417003820112e-07
chr1	17199746	51	11	17.74	1.98949	2	62	1	3	3.15042308870558e-09	0.0369529895286022	0.962802297674244	0.000244713646730199
chr1	24228296	25	2	7.41	1.98949	2	27	0	NA	NA	NA	NA	NA
chr1	32267265	20	2	9.09	1.98949	2	22	0	NA	NA	NA	NA	NA
chr1	32859737	20	2	9.09	1.98949	2	22	0	NA	NA	NA	NA	NA
chr1	44086514	19	2	9.52	1.98949	2	21	0	NA	NA	NA	NA	NA
chr1	44446895	21	2	8.7	1.98949	2	23	0	NA	NA	NA	NA	NA
chr1	45272613	28	16	36.36	1.98949	2	44	1	1	0.659898908095893	0.340096900862701	4.19404140559579e-06	1.00000000138138e-09
chr1	45962342	24	2	7.69	1.98949	2	26	0	NA	NA	NA	NA	NA
chr1	68627631	87	13	13	1.98949	2	100	1	3	1.00000464949266e-09	0.000137880564106459	0.960120794179939	0.0397413282559501
chr1	68627766	146	7	4.58	1.98949	2	153	1	4	1e-09	1.00000226890075e-09	0.000631762702333242	0.999368239297664
chr1	68627892	76	9	10.59	1.98949	2	85	1	3	1.00000000062994e-09	2.52767975254191e-06	0.618682628282785	0.381314847037462
chr1	68627894	74	15	16.85	1.98949	2	89	1	3	1.24858832406515e-09	0.0146940587123318	0.984662166121012	0.000643777918068326
chr1	87114174	41	3	6.82	1.98949	2	44	1	4	1e-09	1.03911770238972e-09	0.0158882734131999	0.984111728547682
chr1	92100552	36	2	5.26	1.98949	2	38	1	4	1e-09	1.00006186157554e-09	0.0018047292268683	0.99819527277307
chr1	112003513	22	9	29.03	1.98949	2	31	1	2	0.00816875364829378	0.990122827899252	0.00170842145002787	1.00242683111135e-09
chr1	114937542	56	26	31.71	1.98949	2	82	1	2	0.0653724162852315	0.934382147968223	0.000245438746527977	1.00001751660306e-09
chr1	142619436	102	9	8.11	1.98949	2	111	1	4	1e-09	4.44994814375012e-09	0.0780028001136044	0.921997198436447
chr1	142621039	133	10	6.99	1.98949	2	143	1	4	1e-09	1.07339413883573e-09	0.0198137255629396	0.980186276363666
chr1	142721994	118	19	13.87	1.98949	2	137	1	3	1.00007052873227e-09	0.000443193668278785	0.983811045168463	0.0157457641631878
chr1	142721996	124	22	15.07	1.98949	2	146	1	3	1.00228508214611e-09	0.00196556075177587	0.993683817188673	0.00435062505726628
chr1	142722066	227	37	14.02	1.98949	2	264	1	3	1.00011070000601e-09	0.00053758677117089	0.986052541637108	0.0134098745916102
chr1	142803359	78	10	11.36	1.98949	2	88	1	3	1.00000001455928e-09	1.08938573498238e-05	0.795798910804468	0.204190198338183
chr1	142806033	404	35	7.97	1.98949	2	439	1	4	1e-09	3.19078253196985e-09	0.0663243434433002	0.933675656365917
chr1	142806117	402	44	9.87	1.98949	2	446	1	4	1.00000000002342e-09	5.07026090309478e-07	0.413319218549139	0.586680277424771
chr1	142806125	409	27	6.19	1.98949	2	436	1	4	1e-09	1.00338543592583e-09	0.00682523419332875	0.993174767803286
chr1	142806133	378	46	10.85	1.98949	2	424	1	3	1.00000000189328e-09	4.25199440138397e-06	0.68601120816405	0.313984542841548
chr1	142806178	333	37	10	1.98949	2	370	1	4	1.00000000004364e-09	6.90595010487676e-07	0.450549403120786	0.549449909284204
chr1	142806888	242	15	5.84	1.98949	2	257	1	4	1e-09	1.00079722823721e-09	0.00418882498543043	0.995811177013772
chr1	142815884	733	44	5.66	1.98949	2	777	1	4	1e-09	1.0003688671496e-09	0.00324049910002423	0.996759502899607
chr1	142816328	760	69	8.32	1.98949	2	829	1	4	1.00000000000001e-09	7.71868322242463e-09	0.0988923891859916	0.901107606095325
chr1	142816544	127	15	10.56	1.98949	2	142	1	3	1.00000000055324e-09	2.37583644366481e-06	0.610521901684739	0.389475725478817
chr1	142821692	95	22	18.8	1.98949	2	117	1	3	2.47263050341706e-08	0.101174338504045	0.89875129190484	7.43488648095121e-05
chr1	142822389	166	23	12.17	1.98949	2	189	1	3	1.00000028495107e-09	4.1010657311e-05	0.906120413176072	0.0938385791666168
chr1	142824974	552	59	9.66	1.98949	2	611	1	4	1.00000000000834e-09	3.02391254917197e-07	0.355102130912638	0.644897569696107
chr1	143195884	39	10	20.41	1.98949	2	49	1	3	5.84764124989215e-07	0.345486332174909	0.654503225160637	9.86190032940341e-06
chr1	143209669	454	85	15.77	1.98949	2	539	1	3	1.01536779822993e-09	0.00445035892501556	0.993495446849678	0.00205419720993894
chr1	143209689	478	85	15.1	1.98949	2	563	1	3	1.00248389498891e-09	0.00203709924855694	0.993749989436819	0.00421291431214034
chr1	143209711	473	71	13.05	1.98949	2	544	1	3	1.00000546455255e-09	0.000147817852336675	0.962153903046078	0.0376982821015798
chr1	143209759	481	51	9.59	1.98949	2	532	1	4	1.00000000000587e-09	2.53323893842826e-07	0.336446929819313	0.663552819856794
chr1	143219080	24	6	20	1.98949	2	30	1	3	2.75301630695587e-07	0.264427986488104	0.735554641388752	1.71008215131953e-05
chr1	143219102	27	5	15.62	1.98949	2	32	1	3	1.01028702679275e-09	0.00374637296950836	0.993841050405737	0.00241257961446744
chr1	143220917	32	10	23.81	1.98949	2	42	1	2	6.28718044965896e-05	0.911953683817686	0.0879834115545136	3.68233037973174e-08
chr1	143767643	240	70	22.58	1.98949	2	310	1	2	1.51020557150967e-05	0.785928015878883	0.214056561895364	3.2417003820112e-07
chr1	144823632	23	5	17.86	1.98949	2	28	0	NA	NA	NA	NA	NA
chr1	145282498	54	14	20.59	1.98949	2	68	1	3	8.02579006754693e-07	0.384097819238751	0.615893711302406	7.67087983590958e-06
chr1	145296698	73	6	7.59	1.98949	2	79	1	4	1e-09	1.61437135667513e-09	0.0421035484083992	0.95789645297723
chr1	145304804	41	10	19.61	1.98949	2	51	1	3	1.29413685695297e-07	0.198729109940368	0.801242626081352	2.81385645944362e-05
chr1	147581579	34	16	32	1.98949	2	50	1	2	0.0802214051229975	0.91958040014787	0.000198197729122627	1.00001018974027e-09
chr1	148247660	59	3	4.84	1.98949	2	62	1	4	1e-09	1.00000839656269e-09	0.000952263463863847	0.999047738536128
chr1	148903444	44	9	16.98	1.98949	2	53	1	3	1.34329788798975e-09	0.0168746681203881	0.982565842167758	0.000559492368556355
chr1	149262467	157	20	11.3	1.98949	2	177	1	3	1.000000011539e-09	9.80044758296406e-06	0.784567290264978	0.215422912287439
chr1	149285864	167	23	12.11	1.98949	2	190	1	3	1.00000023077144e-09	3.73843181280045e-05	0.900291065309983	0.0996715533718887
chr1	149692980	18	4	18.18	1.98949	2	22	0	NA	NA	NA	NA	NA
chr1	153909974	23	2	8	1.98949	2	25	0	NA	NA	NA	NA	NA
chr1	156834111	25	2	7.41	1.98949	2	27	0	NA	NA	NA	NA	NA
chr1	157548482	29	14	32.56	1.98949	2	43	1	2	0.117260412459972	0.882609376236956	0.000130214303067633	1.00000354434702e-09
chr1	158059509	59	3	4.84	1.98949	2	62	1	4	1e-09	1.00000839656269e-09	0.000952263463863847	0.999047738536128
chr1	159163768	56	40	41.67	1.98949	2	96	1	1	0.981803386996193	0.0181966064576163	9.54619105343014e-09	1e-09
chr1	161520514	22	4	15.38	1.98949	2	26	0	NA	NA	NA	NA	NA
chr1	167674303	30	12	28.57	1.98949	2	42	1	2	0.00556242334236505	0.99204723936579	0.0023903402862096	1.00563565105142e-09
chr1	167906218	22	2	8.33	1.98949	2	24	0	NA	NA	NA	NA	NA
chr1	169836210	50	23	31.51	1.98949	2	73	1	2	0.0566036608851533	0.943112223066489	0.000284119048331919	1.00002541069319e-09
chr1	174668634	40	24	37.5	1.98949	2	64	1	1	0.804465932633039	0.195532894089978	1.17627698301386e-06	1.00000000009923e-09
chr1	196797357	76	7	8.43	1.98949	2	83	1	4	1.00000000000001e-09	1.04585722632506e-08	0.111630683566905	0.888369308974522
chr1	201178866	271	20	6.87	1.98949	2	291	1	4	1e-09	1.04713212232692e-09	0.0169596900948707	0.983040311857997
chr1	201178977	395	39	8.99	1.98949	2	434	1	4	1.00000000000025e-09	5.08479038770334e-08	0.19881892207774	0.801181030074356
chr1	202156425	52	14	21.21	1.98949	2	66	1	2	2.23064827242355e-06	0.523399032516335	0.476595661289264	3.07954612911453e-06
chr1	209879188	93	15	13.89	1.98949	2	108	1	3	1.00007491939468e-09	0.000454808888733462	0.984132844355492	0.0154123497556999
chr1	225978104	59	24	28.92	1.98949	2	83	1	2	0.00745646413081005	0.990692615437166	0.00185092342905543	1.00296840625751e-09
chr1	235324229	44	3	6.38	1.98949	2	47	1	4	1e-09	1.00722501520247e-09	0.00884560749033634	0.991154394502439
chr1	235613253	58	18	23.68	1.98949	2	76	1	2	5.45557968384297e-05	0.902918348762196	0.0970270530529787	4.63879871074964e-08
chr1	237038044	52	16	23.53	1.98949	2	68	1	2	4.62149708252306e-05	0.891416737464625	0.108536990978799	6.0585750863069e-08
chr1	248166383	57	43	43	1.98949	2	100	1	1	0.991484625807685	0.00851537438115363	2.811161355306e-09	1e-09
chr1	248247502	135	10	6.9	1.98949	2	145	1	4	1e-09	1.05268123010033e-09	0.0176346725539219	0.982365329393397
chr1	248617095	125	11	8.09	1.98949	2	136	1	4	1e-09	4.23478403418204e-09	0.076230568782634	0.923769429982582
chr1	248617105	117	18	13.33	1.98949	2	135	1	3	1.00001333542053e-09	0.00021695446847747	0.971765629806395	0.0280174187251138
chr1	248617111	110	18	14.06	1.98949	2	128	1	3	1.00012473777836e-09	0.000565786565997697	0.986586726563405	0.012847489870473
chr10	26936154	211	10	4.52	1.95993	2	221	1	4	1e-09	1.00000166303175e-09	0.000573681202229953	0.999426320797768
chr10	26936155	211	10	4.52	1.95993	2	221	1	4	1e-09	1.00000166303175e-09	0.000573681202229953	0.999426320797768
chr10	26936160	212	10	4.5	1.95993	2	222	1	4	1e-09	1.00000149830006e-09	0.000555447500173403	0.999444554499825
chr10	26936267	268	18	6.29	1.95993	2	286	1	4	1e-09	1.00505676447421e-09	0.00782705960657362	0.992172942388369
chr10	26936268	270	18	6.25	1.95993	2	288	1	4	1e-09	1.00430957681462e-09	0.00741076884280156	0.992589233152889
chr10	26936269	268	18	6.29	1.95993	2	286	1	4	1e-09	1.00505676447421e-09	0.00782705960657362	0.992172942388369
chr10	26936272	263	17	6.07	1.95993	2	280	1	4	1e-09	1.00207747881038e-09	0.00578237344573297	0.99421762855219
chr10	26936278	266	19	6.67	1.95993	2	285	1	4	1e-09	1.02221541887489e-09	0.0130426289923161	0.986957372985469
chr10	26936279	266	19	6.67	1.95993	2	285	1	4	1e-09	1.02221541887489e-09	0.0130426289923161	0.986957372985469
chr10	26936306	253	34	11.85	1.95993	2	287	1	3	1.00000009104216e-09	2.47951322145716e-05	0.871082406493127	0.128892801374658
chr10	26936307	257	29	10.14	1.95993	2	286	1	4	1.00000000008412e-09	9.54199453014201e-07	0.491108181228898	0.508890867571649
chr10	26936309	260	32	10.96	1.95993	2	292	1	3	1.00000000297733e-09	5.25272838332509e-06	0.712365268094934	0.287629482176683
chr10	26936330	242	39	13.88	1.95993	2	281	1	3	1.00007269172669e-09	0.000448965924813384	0.983972866506659	0.0155781705684547
chr10	26936336	244	20	7.58	1.95993	2	264	1	4	1e-09	1.59370007220439e-09	0.0415923256774663	0.958407675728834
chr10	26936340	243	19	7.25	1.95993	2	262	1	4	1e-09	1.1876503518375e-09	0.0276058562311792	0.97239414558117
chr10	26936344	242	19	7.28	1.95993	2	261	1	4	1e-09	1.20874226312154e-09	0.0286689336541737	0.971331068137084
chr10	26936347	237	17	6.69	1.95993	2	254	1	4	1e-09	1.02397014329881e-09	0.0133922293699555	0.986607772606074
chr10	26936359	229	16	6.53	1.95993	2	245	1	4	1e-09	1.01298096183146e-09	0.0108252435975556	0.989174758389464
chr10	26936366	220	15	6.38	1.95993	2	235	1	4	1e-09	1.00722501520247e-09	0.00884560749033634	0.991154394502439
chr10	26936402	198	31	13.54	1.95993	2	229	1	3	1.00002569765027e-09	0.000287508234250589	0.977309822260213	0.0224026725055107
chr10	26936407	197	33	14.35	1.95993	2	230	1	3	1.00029345984013e-09	0.000816091730648972	0.989768409783843	0.00941550148521423
chr10	26936415	192	30	13.51	1.95993	2	222	1	3	1.00002341437432e-09	0.000276257917134274	0.976592769645113	0.0231309754377295
chr10	26936429	189	35	15.62	1.95993	2	224	1	3	1.01028702679275e-09	0.00374637296950836	0.993841050405737	0.00241257961446744
chr10	26936437	191	29	13.18	1.95993	2	220	1	3	1.00000829009465e-09	0.000176861482268564	0.96696963253453	0.0328535089831932
chr10	26936438	196	29	12.89	1.95993	2	225	1	3	1.00000325092717e-09	0.000118162566720682	0.955260488870927	0.0446213515623487
chr10	26936449	215	33	13.31	1.95993	2	248	1	3	1.00001252061611e-09	0.000211157377403774	0.971169434026293	0.0286194115962906
chr10	26936461	231	33	12.5	1.95993	2	264	1	3	1.00000088811753e-09	6.73639538603906e-05	0.932930193293283	0.0670024457528559
chr10	31650010	164	9	5.2	1.95993	2	173	1	4	1e-09	1.00004688592295e-09	0.00164990249149623	0.998350099508457
chr10	38475431	49	4	7.55	1.95993	2	53	1	4	1e-09	1.53563938959941e-09	0.0400926050087424	0.959907396455618
chr10	38738480	106	6	5.36	1.95993	2	112	1	4	1e-09	1.00009763623538e-09	0.00209334659742394	0.997906655402479
chr10	38738542	99	7	6.6	1.95993	2	106	1	4	1e-09	1.01700094572295e-09	0.0118853997620189	0.98811460222098
chr10	38738588	92	20	17.86	1.95993	2	112	1	3	3.84925097388286e-09	0.0416449354065084	0.958140622408632	0.000214442335608947
chr10	49239581	149	11	6.88	1.95993	2	160	1	4	1e-09	1.04891576269462e-09	0.0171819460431122	0.982818055907972
chr10	55588193	22	8	26.67	1.95993	2	30	1	2	0.00105175911064483	0.989107936865384	0.0098403068392627	1.1847079421504e-09
chr10	81317292	31	11	26.19	1.95993	2	42	1	2	0.000675735936833824	0.985149953065141	0.0141743135505497	1.44747537714283e-09
chr10	81472023	49	3	5.77	1.95993	2	52	1	4	1e-09	1.0005921153292e-09	0.00379264874668415	0.996207353252724
chr10	93898104	28	3	9.68	1.95993	2	31	1	4	1.00000000000922e-09	3.17943952092309e-07	0.360509835571542	0.639489849484506
chr10	97078150	50	27	35.06	1.95993	2	77	1	2	0.444588179287545	0.555396072936266	1.5750776189012e-05	1.00000002397897e-09
chr10	99508168	19	2	9.52	1.95993	2	21	0	NA	NA	NA	NA	NA
chr10	103606138	51	4	7.27	1.95993	2	55	1	4	1e-09	1.20146877254374e-09	0.0283104217569002	0.971689580041631
chr10	126677176	765	36	4.49	1.89487	2	802	1	4	1e-09	1.00000142195287e-09	0.000546533241098802	0.9994534687589
chr10	126677555	318	37	10.42	1.89487	2	355	1	3	1.0000000002994e-09	1.76950292955481e-06	0.571601184414206	0.428397049082864
chr10	127585165	92	8	8	1.89487	2	100	1	4	1e-09	3.4162512346782e-09	0.068687361037805	0.931312638545944
chr10	127585170	89	8	8.25	1.89487	2	97	1	4	1e-09	6.39072332598337e-09	0.091448682200347	0.90855131440893
chr10	127585212	68	8	10.53	1.89487	2	76	1	3	1.00000000048558e-09	2.23218805823534e-06	0.60229278193176	0.397704988880181
chr10	133955427	34	2	5.56	1.89487	2	36	1	4	1e-09	1.00023835984338e-09	0.002804930403858	0.997195071595904
chr11	592522	23	2	8	1.88479	2	25	0	NA	NA	NA	NA	NA
chr11	1016613	257	35	11.99	1.88479	2	292	1	3	1.00000015073277e-09	3.09913821714343e-05	0.887638284849632	0.112330726768196
chr11	1016645	377	31	7.6	1.88479	2	408	1	4	1e-09	1.63573725821231e-09	0.0426205205595327	0.95737948080473
chr11	1016678	482	49	9.23	1.88479	2	531	1	4	1.00000000000091e-09	9.83596021250481e-08	0.248579855895052	0.751420048745345
chr11	1016690	548	31	5.35	1.88479	2	579	1	4	1e-09	1.00009330969491e-09	0.00206264992714291	0.997937352072764
chr11	1016708	512	65	11.27	1.88479	2	577	1	3	1.00000001026536e-09	9.29135398078985e-06	0.778780434521041	0.221210277124978
chr11	1016720	538	25	4.44	1.88479	2	563	1	4	1e-09	1.00000109315689e-09	0.000503914137526654	0.999496087862472
chr11	1016754	626	41	6.15	1.88479	2	667	1	4	1e-09	1.00287929831384e-09	0.00645938620764667	0.993540615789474
chr11	1016756	618	38	5.79	1.88479	2	656	1	4	1e-09	1.00064482299981e-09	0.00390208962009564	0.996097912379259
chr11	1016777	640	40	5.88	1.88479	2	680	1	4	1e-09	1.00094372571541e-09	0.00443235886599043	0.995567643133066
chr11	1016833	705	59	7.72	1.88479	2	764	1	4	1e-09	1.95521962616193e-09	0.0492931663073613	0.950706834737419
chr11	1016853	752	33	4.2	1.88479	2	786	1	4	1e-09	1.00000029860037e-09	0.000338844799160108	0.99966115720084
chr11	1016856	730	34	4.45	1.88479	2	764	1	4	1e-09	1.00000115241342e-09	0.000512183670714729	0.999487818329284
chr11	1016885	635	34	5.08	1.88479	2	669	1	4	1e-09	1.00002672215839e-09	0.00137676908949948	0.998623232910474
chr11	1016916	514	47	8.38	1.88479	2	561	1	4	1.00000000000001e-09	9.10163578008124e-09	0.105678591357779	0.894321402540585
chr11	1016919	526	29	5.23	1.88479	2	554	1	4	1e-09	1.00005387301294e-09	0.00172569235773449	0.998274309642212
chr11	1017059	408	18	4.23	1.88479	2	426	1	4	1e-09	1.00000035236441e-09	0.000356318353229934	0.99964368364677
chr11	1017068	435	20	4.4	1.88479	2	455	1	4	1e-09	1.00000088419306e-09	0.000472055138377643	0.999527946861621
chr11	1017111	381	24	5.93	1.88479	2	405	1	4	1e-09	1.00116377731135e-09	0.0047555206042023	0.995244481394634
chr11	1017709	264	13	4.69	1.88479	2	277	1	4	1e-09	1.00000397564011e-09	0.000752635126873783	0.999247366873122
chr11	1017716	297	14	4.5	1.88479	2	311	1	4	1e-09	1.00000149830006e-09	0.000555447500173403	0.999444554499825
chr11	1017848	575	37	6.05	1.88479	2	612	1	4	1e-09	1.00191367384671e-09	0.0056238791463677	0.994376122851718
chr11	1017870	604	33	5.18	1.88479	2	637	1	4	1e-09	1.00004272348267e-09	0.00160111759506134	0.998398884404896
chr11	1018090	138	7	4.83	1.88479	2	145	1	4	1e-09	1.00000799308188e-09	0.00093755719848909	0.999062444801503
chr11	1086022	21	3	12.5	1.88479	2	24	0	NA	NA	NA	NA	NA
chr11	1778583	31	12	27.91	1.88479	2	43	1	2	0.00316459721897438	0.992948490622079	0.00388691514004672	1.0188996140061e-09
chr11	5289685	34	9	20.93	1.88479	2	43	1	3	1.42445704910863e-06	0.460015403347618	0.539978483225089	4.69297024416198e-06
chr11	34168397	32	12	27.27	1.88479	2	44	1	2	0.00180500809098159	0.991933277732798	0.00626171711499374	1.06122678913812e-09
chr11	34168398	29	13	30.95	1.88479	2	42	1	2	0.0373998746135344	0.962173498953124	0.00042662943327022	1.00007161945632e-09
chr11	46914669	20	2	9.09	1.88479	2	22	0	NA	NA	NA	NA	NA
chr11	47459366	28	3	9.68	1.88479	2	31	1	4	1.00000000000922e-09	3.17943952092309e-07	0.360509835571542	0.639489849484506
chr11	78380160	34	14	29.17	1.88479	2	48	1	2	0.00916902818064806	0.989287906529051	0.00154306828842273	1.00187803024442e-09
chr11	113723288	35	26	42.62	1.88479	2	61	1	1	0.989438308224977	0.010561690960469	3.81455373994942e-09	1e-09
chr11	117714960	22	2	8.33	1.88479	2	24	0	NA	NA	NA	NA	NA
chr11	118514914	21	2	8.7	1.88479	2	23	0	NA	NA	NA	NA	NA
chr11	118773004	21	2	8.7	1.88479	2	23	0	NA	NA	NA	NA	NA
chr11	119176952	9	15	62.5	1.88479	2	24	0	NA	NA	NA	NA	NA
chr11	121177966	60	3	4.76	1.88479	2	63	1	4	1e-09	1.00000564907587e-09	0.000840380032240594	0.999159621967754
chr11	122774997	19	7	26.92	1.88479	2	26	0	NA	NA	NA	NA	NA
chr11	128812684	21	2	8.7	1.88479	2	23	0	NA	NA	NA	NA	NA
chr12	73776	273	45	14.15	3.03143	3	318	1	NA	NA	NA	NA	NA
chr12	7522136	18	2	10	1.54392	NA	20	0	NA	NA	NA	NA	NA
chr12	9070408	17	7	29.17	1.54392	NA	24	0	NA	NA	NA	NA	NA
chr12	9570768	15	7	31.82	1.54392	NA	22	0	NA	NA	NA	NA	NA
chr12	9570798	12	10	45.45	1.54392	NA	22	0	NA	NA	NA	NA	NA
chr12	11214162	120	16	11.76	1.54392	NA	136	1	NA	NA	NA	NA	NA
chr12	11214273	187	14	6.97	1.54392	NA	201	1	NA	NA	NA	NA	NA
chr12	11214299	183	20	9.85	1.54392	NA	203	1	NA	NA	NA	NA	NA
chr12	11244008	71	10	12.35	1.54392	NA	81	1	NA	NA	NA	NA	NA
chr12	11244009	69	10	12.66	1.54392	NA	79	1	NA	NA	NA	NA	NA
chr12	11244199	65	15	18.75	1.54392	NA	80	1	NA	NA	NA	NA	NA
chr12	11421025	32	2	5.88	1.54392	NA	34	1	NA	NA	NA	NA	NA
chr12	11546209	51	3	5.56	1.54392	NA	54	1	NA	NA	NA	NA	NA
chr12	16042880	45	15	25	1.54392	NA	60	1	NA	NA	NA	NA	NA
chr12	22624989	28	8	22.22	1.54392	NA	36	1	NA	NA	NA	NA	NA
chr12	31226910	49	3	5.77	1.54392	NA	52	1	NA	NA	NA	NA	NA
chr12	42478132	19	7	26.92	1.54392	NA	26	0	NA	NA	NA	NA	NA
chr12	42478139	18	9	33.33	1.54392	NA	27	0	NA	NA	NA	NA	NA
chr12	42478157	22	13	37.14	1.54392	NA	35	1	NA	NA	NA	NA	NA
chr12	42478630	43	12	21.82	1.54392	NA	55	1	NA	NA	NA	NA	NA
chr12	42480041	67	13	16.25	1.54392	NA	80	1	NA	NA	NA	NA	NA
chr12	46384324	23	2	8	1.54392	NA	25	0	NA	NA	NA	NA	NA
chr12	50745828	68	3	4.23	1.54392	NA	71	1	NA	NA	NA	NA	NA
chr12	52604698	35	2	5.41	1.54392	NA	37	1	NA	NA	NA	NA	NA
chr12	53400267	20	2	9.09	1.54392	NA	22	0	NA	NA	NA	NA	NA
chr12	53683032	32	2	5.88	1.54392	NA	34	1	NA	NA	NA	NA	NA
chr12	56351002	29	2	6.45	1.54392	NA	31	1	NA	NA	NA	NA	NA
chr12	57572210	16	13	44.83	1.54392	NA	29	0	NA	NA	NA	NA	NA
chr12	88888405	39	19	32.76	1.54392	NA	58	1	NA	NA	NA	NA	NA
chr12	110240935	28	2	6.67	1.46561	NA	30	1	NA	NA	NA	NA	NA
chr12	114254907	14	18	56.25	1.46561	NA	32	1	NA	NA	NA	NA	NA
chr12	122214233	21	2	8.7	1.46561	NA	23	0	NA	NA	NA	NA	NA
chr12	123892734	26	2	7.14	1.46561	NA	28	0	NA	NA	NA	NA	NA
chr12	123892800	44	8	15.38	1.46561	NA	52	1	NA	NA	NA	NA	NA
chr12	123893372	13	11	45.83	1.46561	NA	24	0	NA	NA	NA	NA	NA
chr12	123893377	13	15	53.57	1.46561	NA	28	0	NA	NA	NA	NA	NA
chr12	129298799	51	7	12.07	1.46561	NA	58	1	NA	NA	NA	NA	NA
chr12	131291559	33	3	8.33	1.46561	NA	36	1	NA	NA	NA	NA	NA
chr12	131649573	31	5	13.89	1.46561	NA	36	1	NA	NA	NA	NA	NA
chr13	19043171	98	11	10.09	1.9696	2	109	1	4	1.00000000006666e-09	8.51095369888823e-07	0.476599213600348	0.523399938304282
chr13	19428908	104	11	9.57	1.9696	2	115	1	4	1.0000000000053e-09	2.40724488726407e-07	0.331199099028491	0.66880066324702
chr13	25005495	46	16	25.81	1.9696	2	62	1	2	0.000472689685237761	0.98057017231891	0.0189571400936219	1.90223070703457e-09
chr13	25005496	46	16	25.81	1.9696	2	62	1	2	0.000472689685237761	0.98057017231891	0.0189571400936219	1.90223070703457e-09
chr13	25456773	69	10	12.66	1.9696	2	79	1	3	1.00000152099724e-09	8.50810429888543e-05	0.943153947868399	0.0567609740886107
chr13	25671607	126	27	17.65	1.9696	2	153	1	3	2.73864321226224e-09	0.0337571978505325	0.965972701809335	0.000270101601489731
chr13	25671608	127	27	17.53	1.9696	2	154	1	3	2.30694671422511e-09	0.0298908877412419	0.969801138440397	0.000307975511414794
chr13	25671699	157	31	16.49	1.9696	2	188	1	3	1.10031297841213e-09	0.00995548135889342	0.98909597058826	0.000948550952533977
chr13	25671700	149	32	17.68	1.9696	2	181	1	3	2.86656841689117e-09	0.0347931214409783	0.964945513008756	0.000261366683697249
chr13	53201632	77	23	23	1.9696	2	100	1	2	2.5161942130821e-05	0.84016217117324	0.159812515548297	1.55336331529939e-07
chr13	99105110	62	3	4.62	1.9696	2	65	1	4	1e-09	1.00000278578747e-09	0.000673461756007184	0.99932654024399
chr13	114603519	45	2	4.26	1.9696	2	47	1	4	1e-09	1.00000041540045e-09	0.000374618723284393	0.999625383276715
chr14	21830387	45	22	32.84	2.04259	2	67	1	2	0.140526954502932	0.859368004604117	0.000105043892948572	1.00000207771235e-09
chr14	67827052	34	3	8.11	2.04259	2	37	1	4	1e-09	4.44994814375012e-09	0.0780028001136044	0.921997198436447
chr14	70925818	139	23	14.2	2.04259	2	162	1	3	1.00018893554719e-09	0.00067586756608356	0.988266244397735	0.0110578910359922
chr14	105415333	128	17	11.72	2.04259	2	145	1	3	1.00000005658537e-09	2.00673346532415e-05	0.85384389768907	0.146136037976277
chr14	105415346	130	7	5.11	2.04259	2	137	1	4	1e-09	1.00003078571698e-09	0.00144078178144016	0.998559220218529
chr15	20084355	32	7	17.95	1.67807	NA	39	1	NA	NA	NA	NA	NA
chr15	20867353	240	36	13.04	1.67807	NA	276	1	NA	NA	NA	NA	NA
chr15	21936054	594	106	15.14	1.67807	NA	700	1	NA	NA	NA	NA	NA
chr15	21936861	331	55	14.25	1.67807	NA	386	1	NA	NA	NA	NA	NA
chr15	21936913	373	68	15.42	1.67807	NA	441	1	NA	NA	NA	NA	NA
chr15	21937334	671	110	14.08	1.67807	NA	781	1	NA	NA	NA	NA	NA
chr15	21938082	163	21	11.41	1.67807	NA	184	1	NA	NA	NA	NA	NA
chr15	23353584	51	17	25	1.67807	NA	68	1	NA	NA	NA	NA	NA
chr15	35046725	18	2	10	1.67807	NA	20	0	NA	NA	NA	NA	NA
chr15	35261915	23	2	8	1.67807	NA	25	0	NA	NA	NA	NA	NA
chr15	41864797	29	3	9.38	1.67807	NA	32	1	NA	NA	NA	NA	NA
chr15	52643623	24	2	7.69	1.67807	NA	26	0	NA	NA	NA	NA	NA
chr15	65041410	18	8	30.77	1.67807	NA	26	0	NA	NA	NA	NA	NA
chr15	72957433	134	11	7.59	1.67807	NA	145	1	NA	NA	NA	NA	NA
chr15	76030115	75	11	12.79	1.67807	NA	86	1	NA	NA	NA	NA	NA
chr15	78212498	103	7	6.36	1.67807	NA	110	1	NA	NA	NA	NA	NA
chr15	82808399	113	13	10.32	1.67807	NA	126	1	NA	NA	NA	NA	NA
chr15	82808400	110	14	11.29	1.67807	NA	124	1	NA	NA	NA	NA	NA
chr15	82808631	51	20	28.17	1.67807	NA	71	1	NA	NA	NA	NA	NA
chr15	84873150	42	3	6.67	1.67807	NA	45	1	NA	NA	NA	NA	NA
chr15	90173683	17	3	15	1.67807	NA	20	0	NA	NA	NA	NA	NA
chr15	100255046	14	14	50	1.67807	NA	28	0	NA	NA	NA	NA	NA
chr15	102515347	131	21	13.82	1.67807	NA	152	1	NA	NA	NA	NA	NA
chr16	569716	32	3	8.57	1.81403	2	35	1	4	1.00000000000002e-09	1.55126466494725e-08	0.129801217387361	0.870198770099992
chr16	848400	38	5	11.63	1.81403	2	43	1	3	1.00000004053332e-09	1.7287121116966e-05	0.840792294663306	0.159190421215577
chr16	1859812	31	10	24.39	1.81403	2	41	1	2	0.000116160497511439	0.943331447962015	0.0565523821572375	1.33832361975079e-08
chr16	2263747	51	23	31.08	1.81403	2	74	1	2	0.0412330932206621	0.95837857585665	0.000388333922631297	1.0000563413755e-09
chr16	9862888	19	12	38.71	1.81403	2	31	1	1	0.899209207116375	0.100790509149228	2.86734396971404e-07	1.00000000000557e-09
chr16	11845260	43	18	29.51	1.81403	2	61	1	2	0.0121039128613146	0.986690162068195	0.0012059280694826	1.0010076276681e-09
chr16	15819363	22	18	45	1.81403	2	40	1	1	0.997191952876585	0.00280804893931239	1.18410220946201e-09	1e-09
chr16	31343190	18	5	21.74	1.81403	2	23	0	NA	NA	NA	NA	NA
chr16	32095619	71	10	12.35	1.81403	2	81	1	3	1.00000053223485e-09	5.38994806527825e-05	0.92178031825705	0.0781657852622971
chr16	32095672	86	5	5.49	1.81403	2	91	1	4	1e-09	1.00017492707476e-09	0.002533415700871	0.997466586298954
chr16	32095740	36	6	14.29	1.81403	2	42	1	3	1.0002462036252e-09	0.000756991521049543	0.989201991728166	0.0100410197505385
chr16	33365470	87	10	10.31	1.81403	2	97	1	3	1.00000000018305e-09	1.39464950048744e-06	0.540261848769674	0.459736759580826
chr16	33781448	21	5	19.23	1.81403	2	26	0	NA	NA	NA	NA	NA
chr16	33961718	24	9	27.27	1.81403	2	33	1	2	0.00180500809098159	0.991933277732798	0.00626171711499374	1.06122678913812e-09
chr16	57151383	21	2	8.7	1.81403	2	23	0	NA	NA	NA	NA	NA
chr16	66884448	27	3	10	1.81403	2	30	1	4	1.00000000004364e-09	6.90595010487676e-07	0.450549403120786	0.549449909284204
chr16	67973803	46	4	8	1.81403	2	50	1	4	1e-09	3.4162512346782e-09	0.068687361037805	0.931312638545944
chr16	75240087	16	12	42.86	1.81403	2	28	0	NA	NA	NA	NA	NA
chr16	88902151	41	3	6.82	1.88989	2	44	1	4	1e-09	1.03911770238972e-09	0.0158882734131999	0.984111728547682
chr16	89334110	52	19	26.76	1.88989	2	71	1	2	0.00114152697288591	0.989666058879229	0.00919241699139192	1.15649266419338e-09
chr17	3585318	32	3	8.57	1.57211	NA	35	1	NA	NA	NA	NA	NA
chr17	4843594	23	2	8	1.57211	NA	25	0	NA	NA	NA	NA	NA
chr17	7128481	19	2	9.52	1.57211	NA	21	0	NA	NA	NA	NA	NA
chr17	7221983	27	2	6.9	1.57211	NA	29	0	NA	NA	NA	NA	NA
chr17	7577022	17	9	34.62	1.57211	NA	26	0	NA	NA	NA	NA	NA
chr17	7833709	21	2	8.7	1.57211	NA	23	0	NA	NA	NA	NA	NA
chr17	7851791	27	2	6.9	1.57211	NA	29	0	NA	NA	NA	NA	NA
chr17	10357181	54	3	5.26	1.57211	NA	57	1	NA	NA	NA	NA	NA
chr17	14095566	107	34	24.11	1.57211	NA	141	1	NA	NA	NA	NA	NA
chr17	20768132	88	11	11.11	1.57211	NA	99	1	NA	NA	NA	NA	NA
chr17	20768134	89	10	10.1	1.57211	NA	99	1	NA	NA	NA	NA	NA
chr17	20768137	93	12	11.43	1.57211	NA	105	1	NA	NA	NA	NA	NA
chr17	20768142	98	12	10.91	1.57211	NA	110	1	NA	NA	NA	NA	NA
chr17	20768447	108	17	13.6	1.57211	NA	125	1	NA	NA	NA	NA	NA
chr17	21907172	56	10	15.15	1.57211	NA	66	1	NA	NA	NA	NA	NA
chr17	27306838	26	14	35	1.57211	NA	40	1	NA	NA	NA	NA	NA
chr17	30650780	25	3	10.71	1.57211	NA	28	0	NA	NA	NA	NA	NA
chr17	37583992	34	22	39.29	1.57211	NA	56	1	NA	NA	NA	NA	NA
chr17	38498669	27	2	6.9	1.57211	NA	29	0	NA	NA	NA	NA	NA
chr17	39156032	31	3	8.82	1.57211	NA	34	1	NA	NA	NA	NA	NA
chr17	39240713	63	11	14.86	1.57211	NA	74	1	NA	NA	NA	NA	NA
chr17	39240729	53	11	17.19	1.57211	NA	64	1	NA	NA	NA	NA	NA
chr17	39389637	116	19	14.07	1.57211	NA	135	1	NA	NA	NA	NA	NA
chr17	39406812	133	23	14.74	1.57211	NA	156	1	NA	NA	NA	NA	NA
chr17	39406820	126	23	15.44	1.57211	NA	149	1	NA	NA	NA	NA	NA
chr17	39406838	123	14	10.22	1.57211	NA	137	1	NA	NA	NA	NA	NA
chr17	40177486	45	2	4.26	1.57211	NA	47	1	NA	NA	NA	NA	NA
chr17	40673212	35	3	7.89	1.57211	NA	38	1	NA	NA	NA	NA	NA
chr17	43975092	22	16	42.11	1.57211	NA	38	1	NA	NA	NA	NA	NA
chr17	45214690	256	16	5.88	1.57211	NA	272	1	NA	NA	NA	NA	NA
chr17	46925779	19	8	29.63	1.57211	NA	27	0	NA	NA	NA	NA	NA
chr17	48844804	38	3	7.32	1.57211	NA	41	1	NA	NA	NA	NA	NA
chr17	56277100	18	2	10	1.57211	NA	20	0	NA	NA	NA	NA	NA
chr17	78831712	20	3	13.04	1.57211	NA	23	0	NA	NA	NA	NA	NA
chr17	80040848	37	4	9.76	1.57211	NA	41	1	NA	NA	NA	NA	NA
chr18	48028	110	6	5.17	1.53538	NA	116	1	NA	NA	NA	NA	NA
chr18	11610410	92	4	4.17	1.53538	NA	96	1	NA	NA	NA	NA	NA
chr18	14183574	17	4	19.05	1.53538	NA	21	0	NA	NA	NA	NA	NA
chr18	14184151	67	9	11.84	1.53538	NA	76	1	NA	NA	NA	NA	NA
chr18	14218132	70	16	18.6	1.53538	NA	86	1	NA	NA	NA	NA	NA
chr18	14218153	99	6	5.71	1.53538	NA	105	1	NA	NA	NA	NA	NA
chr18	14221171	60	5	7.69	1.53538	NA	65	1	NA	NA	NA	NA	NA
chr18	14340688	29	7	19.44	1.53538	NA	36	1	NA	NA	NA	NA	NA
chr18	15316627	109	8	6.84	1.53538	NA	117	1	NA	NA	NA	NA	NA
chr18	15316645	120	8	6.25	1.53538	NA	128	1	NA	NA	NA	NA	NA
chr18	15316656	116	8	6.45	1.53538	NA	124	1	NA	NA	NA	NA	NA
chr18	15316666	116	6	4.92	1.53538	NA	122	1	NA	NA	NA	NA	NA
chr18	15316669	118	6	4.84	1.53538	NA	124	1	NA	NA	NA	NA	NA
chr18	15316782	97	9	8.49	1.53538	NA	106	1	NA	NA	NA	NA	NA
chr18	15325567	88	21	19.27	1.53538	NA	109	1	NA	NA	NA	NA	NA
chr18	33572481	42	3	6.67	1.53538	NA	45	1	NA	NA	NA	NA	NA
chr18	47349692	82	11	11.83	1.53538	NA	93	1	NA	NA	NA	NA	NA
chr18	47801949	22	2	8.33	1.53538	NA	24	0	NA	NA	NA	NA	NA
chr18	61616614	19	2	9.52	1.53538	NA	21	0	NA	NA	NA	NA	NA
chr18	77679199	19	2	9.52	1.53538	NA	21	0	NA	NA	NA	NA	NA
chr19	157104	159	17	9.66	1.83312	2	176	1	4	1.00000000000834e-09	3.02391254917197e-07	0.355102130912638	0.644897569696107
chr19	1051177	18	2	10	1.83312	2	20	0	NA	NA	NA	NA	NA
chr19	14507044	40	4	9.09	1.83312	2	44	1	4	1.00000000000043e-09	6.7100068691859e-08	0.218638289537294	0.781361646362638
chr19	16908559	30	11	26.83	1.83312	2	41	1	2	0.001216341690084	0.990064885970862	0.00871877520148721	1.13756720298286e-09
chr19	17122214	30	3	9.09	1.83312	2	33	1	4	1.00000000000043e-09	6.7100068691859e-08	0.218638289537294	0.781361646362638
chr19	17443835	40	3	6.98	1.83312	2	43	1	4	1e-09	1.07075141823726e-09	0.0195597196622143	0.980440282267035
chr19	18249940	29	2	6.45	1.83312	2	31	1	4	1e-09	1.00950987005615e-09	0.00972274028196695	0.990277261708523
chr19	20369677	163	46	22.01	1.83312	2	209	1	2	7.17682555203784e-06	0.691119033904405	0.308872937965349	8.55304694064104e-07
chr19	22272001	152	29	16.02	1.83312	2	181	1	3	1.02975684158271e-09	0.00590937663243222	0.992519499644178	0.00157112669363351
chr19	22783174	19	11	36.67	1.83312	2	30	1	1	0.704632134560541	0.295364875302145	2.99313731400638e-06	1.00000000068198e-09
chr19	33493123	20	2	9.09	1.83312	2	22	0	NA	NA	NA	NA	NA
chr19	41601859	21	2	8.7	1.83312	2	23	0	NA	NA	NA	NA	NA
chr19	45992612	18	2	10	1.83312	2	20	0	NA	NA	NA	NA	NA
chr19	45992629	20	2	9.09	1.83312	2	22	0	NA	NA	NA	NA	NA
chr19	48248819	20	2	9.09	1.83312	2	22	0	NA	NA	NA	NA	NA
chr19	50204140	19	2	9.52	1.83312	2	21	0	NA	NA	NA	NA	NA
chr19	53879028	96	5	4.95	1.83312	2	101	1	4	1e-09	1.00001435507849e-09	0.00112884787181778	0.998871154128168
chr19	53889471	75	6	7.41	1.83312	2	81	1	4	1e-09	1.32979627368241e-09	0.0337292227444125	0.966270778925791
chr19	55266347	24	5	17.24	1.83312	2	29	0	NA	NA	NA	NA	NA
chr19	55290108	73	15	17.05	1.83312	2	88	1	3	1.40802876495707e-09	0.0181709247934699	0.98131035522551	0.000518722572990832
chr19	55290164	63	8	11.27	1.83312	2	71	1	3	1.00000001026536e-09	9.29135398078985e-06	0.778780434521041	0.221210277124978
chr19	55297653	14	7	33.33	1.83312	2	21	0	NA	NA	NA	NA	NA
chr19	55320406	32	11	25.58	1.83312	2	43	1	2	0.000379489936389123	0.977001146094599	0.0226193655894664	2.37954516070719e-09
chr19	55320421	32	11	25.58	1.83312	2	43	1	2	0.000379489936389123	0.977001146094599	0.0226193655894664	2.37954516070719e-09
chr19	57733890	43	12	21.82	1.83312	2	55	1	2	5.51537237973421e-06	0.654331846246849	0.345661471791612	1.17058915984622e-06
chr2	3469519	20	2	9.09	2.14191	2	22	0	NA	NA	NA	NA	NA
chr2	25469085	25	14	35.9	2.14191	2	39	1	1	0.587369265854604	0.412623917087847	6.82005754868201e-06	1.00000000387134e-09
chr2	54712044	46	33	41.77	2.14191	2	79	1	1	0.982821957449001	0.017178036951967	8.59903156330561e-09	1e-09
chr2	63849398	29	15	34.09	2.14191	2	44	1	2	0.288190534282127	0.711771493854694	3.79748631790338e-05	1.00000017858719e-09
chr2	89104158	113	6	5.04	2.14191	2	119	1	4	1e-09	1.00002210246166e-09	0.00129554369008672	0.998704458309891
chr2	89105045	69	17	19.77	2.14191	2	86	1	3	1.77129447268538e-07	0.22421295529644	0.775763868951617	2.30026224961087e-05
chr2	91843403	16	10	38.46	2.14191	2	26	0	NA	NA	NA	NA	NA
chr2	91924846	121	7	5.47	2.14191	2	128	1	4	1e-09	1.00016003380743e-09	0.00246049268526936	0.997539509314571
chr2	91924895	132	10	7.04	2.14191	2	142	1	4	1e-09	1.08810813671255e-09	0.0211306922717717	0.97886930964012
chr2	91927140	51	4	7.27	2.14191	2	55	1	4	1e-09	1.20146877254374e-09	0.0283104217569002	0.971689580041631
chr2	91969096	95	15	13.64	2.14191	2	110	1	3	1.0000349882714e-09	0.00032819105578896	0.979536954361678	0.0201348575824976
chr2	91969118	118	14	10.61	2.14191	2	132	1	3	1.00000000068666e-09	2.63365973090475e-06	0.624083186570068	0.375914182770201
chr2	91969634	31	6	16.22	2.14191	2	37	1	3	1.05012123560962e-09	0.00739142935610318	0.991340886286192	0.00126768730758384
chr2	92028686	30	6	16.67	2.14191	2	36	1	3	1.15830910564383e-09	0.012108407429016	0.987110025850851	0.000781569561823468
chr2	92028697	33	6	15.38	2.14191	2	39	1	3	1.00536987727164e-09	0.00283488002863887	0.99404467860729	0.00312044435870187
chr2	92028702	33	7	17.5	2.14191	2	40	1	3	2.21651041166432e-09	0.0289903422216972	0.970691433664621	0.000318225897171448
chr2	92028717	30	7	18.92	2.14191	2	37	1	3	3.17377343776113e-08	0.112493818716267	0.887441493406826	6.46601391732175e-05
chr2	92031108	36	13	26.53	2.14191	2	49	1	2	0.000925347124398637	0.988132331054302	0.0109423245822366	1.23906325183554e-09
chr2	95511725	63	4	5.97	2.14191	2	67	1	4	1e-09	1.00137483771802e-09	0.00502987720190002	0.994970124796725
chr2	95515026	86	14	14	2.14191	2	100	1	3	1.00010427169733e-09	0.000523988828147091	0.985775823634578	0.0137001905371703
chr2	95515028	87	13	13	2.14191	2	100	1	3	1.00000464949266e-09	0.000137880564106459	0.960120794179939	0.0397413282559501
chr2	95515042	88	9	9.28	2.14191	2	97	1	4	1.00000000000118e-09	1.12548297495721e-07	0.259879154326731	0.740120736124972
chr2	96521541	741	49	6.2	2.14191	2	790	1	4	1e-09	1.00352484740863e-09	0.00691969768543462	0.993080304311041
chr2	96604767	98	10	9.26	2.14191	2	108	1	4	1.00000000000106e-09	1.0665541313371e-07	0.255321955468962	0.744677940875625
chr2	96604771	88	15	14.56	2.14191	2	103	1	3	1.00053948091152e-09	0.00105914838921943	0.991423677594443	0.00751717701579784
chr2	96604799	69	8	10.39	2.14191	2	77	1	3	1.00000000026202e-09	1.65922804170464e-06	0.563108721268151	0.436889622503807
chr2	97315907	20	2	9.09	2.14191	2	22	0	NA	NA	NA	NA	NA
chr2	97820478	61	21	25.61	2.14191	2	82	1	2	0.000390575635403636	0.977505727637195	0.0221036984221947	2.30520679444533e-09
chr2	97820489	59	21	26.25	2.14191	2	80	1	2	0.000714538394265802	0.985745257327184	0.0135402068779547	1.40059519308029e-09
chr2	97820493	57	20	25.97	2.14191	2	77	1	2	0.000549887085431877	0.982680267484217	0.0167698477588312	1.67152028959211e-09
chr2	97827852	186	27	12.68	2.14191	2	213	1	3	1.00000162588188e-09	8.75747097472583e-05	0.944321577406765	0.0555908508834863
chr2	114239551	22	6	21.43	1.16288	1	28	0	NA	NA	NA	NA	NA
chr2	114320672	46	11	19.3	2.38535	NA	57	1	NA	NA	NA	NA	NA
chr2	121708998	28	3	9.68	2.38535	NA	31	1	NA	NA	NA	NA	NA
chr2	130739462	55	21	27.63	2.38535	NA	76	1	NA	NA	NA	NA	NA
chr2	130739463	59	20	25.32	2.38535	NA	79	1	NA	NA	NA	NA	NA
chr2	132860858	152	20	11.63	2.38535	NA	172	1	NA	NA	NA	NA	NA
chr2	133015107	68	3	4.23	2.38535	NA	71	1	NA	NA	NA	NA	NA
chr2	133015309	526	34	6.07	2.38535	NA	560	1	NA	NA	NA	NA	NA
chr2	133015331	453	50	9.94	2.38535	NA	503	1	NA	NA	NA	NA	NA
chr2	133015333	460	36	7.26	2.38535	NA	496	1	NA	NA	NA	NA	NA
chr2	133015521	151	14	8.48	2.38535	NA	165	1	NA	NA	NA	NA	NA
chr2	158176665	51	13	20.31	2.38535	NA	64	1	NA	NA	NA	NA	NA
chr2	171569516	26	23	46.94	2.38535	NA	49	1	NA	NA	NA	NA	NA
chr2	196581726	29	6	17.14	2.38535	NA	35	1	NA	NA	NA	NA	NA
chr2	196825188	92	21	18.58	2.38535	NA	113	1	NA	NA	NA	NA	NA
chr2	210783291	44	15	25.42	2.38535	NA	59	1	NA	NA	NA	NA	NA
chr2	223436517	78	4	4.88	2.38535	NA	82	1	NA	NA	NA	NA	NA
chr2	239007218	25	7	21.88	2.38535	NA	32	1	NA	NA	NA	NA	NA
chr2	239007220	24	6	20	2.38535	NA	30	1	NA	NA	NA	NA	NA
chr2	239007222	26	5	16.13	2.38535	NA	31	1	NA	NA	NA	NA	NA
chr2	239007250	22	8	26.67	2.38535	NA	30	1	NA	NA	NA	NA	NA
chr20	2846028	45	4	8.16	1.99018	2	49	1	4	1e-09	5.04975699003976e-09	0.082592359391703	0.91740763855854
chr20	25753564	100	7	6.54	1.77301	2	107	1	4	1e-09	1.01349291671941e-09	0.0109710464464224	0.989028955540085
chr20	25753571	101	8	7.34	1.77301	2	109	1	4	1e-09	1.25802170422201e-09	0.0309099940063105	0.969090007735668
chr20	25753574	88	16	15.38	1.77301	2	104	1	3	1.00536987727164e-09	0.00283488002863887	0.99404467860729	0.00312044435870187
chr20	25753585	104	23	18.11	1.77301	2	127	1	3	6.08210977332193e-09	0.0532008814900105	0.946636549488006	0.000162566939873415
chr20	25753597	87	29	25	1.77301	2	116	1	2	0.000215439009346352	0.964425373536404	0.0353591864293155	5.02493415392774e-09
chr20	25753951	67	10	12.99	1.77301	2	77	1	3	1.00000450131739e-09	0.000135969176669408	0.959701374512683	0.0401626593106435
chr20	25754120	71	18	20.22	1.77301	2	89	1	3	4.14689873312242e-07	0.306571198676854	0.69341561642476	1.27742085123742e-05
chr20	25900262	100	30	23.08	1.77301	2	130	1	2	2.7646206293633e-05	0.849058015109963	0.150914207841279	1.34842464361425e-07
chr20	29449611	88	18	16.98	1.77301	2	106	1	3	1.34329788798975e-09	0.0168746681203881	0.982565842167758	0.000559492368556355
chr20	29625746	135	13	8.78	1.77301	2	148	1	4	1.00000000000008e-09	2.81571968783794e-08	0.161484315681027	0.838515659161776
chr20	29625832	377	71	15.85	1.77301	2	448	1	3	1.0190074693159e-09	0.00487533058928889	0.993239331561843	0.00188534082986092
chr20	29632562	162	15	8.47	1.77301	2	177	1	4	1.00000000000001e-09	1.16980956655113e-08	0.116592386807341	0.883407604494563
chr20	29632680	684	31	4.34	1.77301	2	714	1	4	1e-09	1.00000064124744e-09	0.000427741450870688	0.999572260549129
chr20	29638082	138	8	5.48	1.77301	2	146	1	4	1e-09	1.00016732025839e-09	0.00249670450451939	0.997503297495313
chr20	39791189	31	2	6.06	1.77301	2	33	1	4	1e-09	1.00199394844835e-09	0.00570260796992186	0.994297394028084
chr20	52835708	17	9	34.62	1.77301	2	26	0	NA	NA	NA	NA	NA
chr20	61300483	23	13	36.11	1.77301	2	36	1	1	0.621278507728485	0.378716020404475	5.47486703909346e-06	1.00000000242486e-09
chr21	9892243	77	27	25.96	1.87527	2	104	1	2	0.000544731634543702	0.982556554263501	0.0168987164179266	1.6840285839548e-09
chr21	9892247	66	25	27.47	1.87527	2	91	1	2	0.00215458740094415	0.992453767216735	0.0053916483399271	1.04239394804399e-09
chr21	9907346	103	22	17.6	1.87527	2	125	1	3	2.54412905034087e-09	0.0320934621849688	0.967621243686363	0.000285295584538786
chr21	9907621	111	17	13.28	1.87527	2	128	1	3	1.00001138862056e-09	0.000202732539942213	0.970250980898893	0.0295462895611535
chr21	9926769	73	11	13.1	1.87527	2	84	1	3	1.00000641809153e-09	0.000158418053477062	0.964083978619127	0.0357576063273892
chr21	9926782	77	11	12.5	1.87527	2	88	1	3	1.00000088811753e-09	6.73639538603906e-05	0.932930193293283	0.0670024457528559
chr21	9968486	36	2	5.26	1.87527	2	38	1	4	1e-09	1.00006186157554e-09	0.0018047292268683	0.99819527277307
chr21	10944494	78	7	8.24	1.87527	2	85	1	4	1e-09	6.22293494028634e-09	0.0904256877743001	0.909574309002765
chr21	10953019	111	12	9.76	1.87527	2	123	1	4	1.0000000000137e-09	3.87819875575773e-07	0.382452176922222	0.617547438257902
chr21	11038826	163	21	11.41	1.87527	2	184	1	3	1.00000001764681e-09	1.18868216785699e-05	0.804811500365061	0.195176615813261
chr21	14469885	49	12	19.67	1.87527	2	61	1	3	1.45672563097085e-07	0.208040754466525	0.791933002230768	2.61016301442294e-05
chr21	15219244	119	12	9.16	1.87527	2	131	1	4	1.00000000000062e-09	8.13140639395643e-08	0.233292570485934	0.766707351200002
chr21	15219253	116	11	8.66	1.87527	2	127	1	4	1.00000000000004e-09	2.00274936896215e-08	0.14270854059615	0.857291442376356
chr21	15219258	124	11	8.15	1.87527	2	135	1	4	1e-09	4.92229478104003e-09	0.0816560069641796	0.918343991113526
chr21	15219261	125	11	8.09	1.87527	2	136	1	4	1e-09	4.23478403418204e-09	0.076230568782634	0.923769429982582
chr21	15219265	132	11	7.69	1.87527	2	143	1	4	1e-09	1.86323204956478e-09	0.0475412552126937	0.952458745924074
chr21	15219267	133	11	7.64	1.87527	2	144	1	4	1e-09	1.72860666132216e-09	0.04474701725998	0.955252984011413
chr21	15219271	143	11	7.14	1.87527	2	154	1	4	1e-09	1.12657723599267e-09	0.0240135375774912	0.975986464295931
chr21	15219284	144	34	19.1	1.87527	2	178	1	3	4.60784681321693e-08	0.131409724370537	0.8685379229524	5.23105985946568e-05
chr21	15339628	89	4	4.3	1.87527	2	93	1	4	1e-09	1.00000051655118e-09	0.000400368049993158	0.999599633950006
chr21	15646195	34	3	8.11	1.87527	2	37	1	4	1e-09	4.44994814375012e-09	0.0780028001136044	0.921997198436447
chr21	45232046	19	2	9.52	1.74594	NA	21	0	NA	NA	NA	NA	NA
chr21	46020720	20	13	39.39	1.74594	NA	33	1	NA	NA	NA	NA	NA
chr21	46020721	20	12	37.5	1.74594	NA	32	1	NA	NA	NA	NA	NA
chr21	46122306	69	16	18.82	1.74594	NA	85	1	NA	NA	NA	NA	NA
chr22	16914189	61	19	23.75	1.91667	2	80	1	2	5.88994595318657e-05	0.907886773402731	0.0920542901767621	4.09609746252613e-08
chr22	16914195	65	14	17.72	1.91667	2	79	1	3	3.05143770594103e-09	0.0362197495911005	0.963530104728259	0.000250146629202814
chr22	17468870	19	2	9.52	1.91667	2	21	0	NA	NA	NA	NA	NA
chr22	18841005	37	5	11.9	1.91667	2	42	1	3	1.00000010910543e-09	2.68659701520674e-05	0.877226554432139	0.122746582597709
chr22	21576006	38	14	26.92	1.91667	2	52	1	2	0.001319410801327	0.990534332091684	0.00814625999042582	1.11656295935841e-09
chr22	21827717	26	2	7.14	1.91667	2	28	0	NA	NA	NA	NA	NA
chr22	22985902	253	14	5.24	1.91667	2	267	1	4	1e-09	1.00005641813015e-09	0.00175167086566127	0.998248331134282
chr22	23660709	81	6	6.9	1.91667	2	87	1	4	1e-09	1.05268123010033e-09	0.0176346725539219	0.982365329393397
chr22	24656619	55	5	8.33	1.91667	2	60	1	4	1.00000000000001e-09	7.93228461876012e-09	0.0999969665849301	0.900003028482785
chr22	25007109	31	7	18.42	1.91667	2	38	1	3	1.12633854294545e-08	0.07147350940636	0.92841165988894	0.000114823441314264
chr22	25007110	31	7	18.42	1.91667	2	38	1	3	1.12633854294545e-08	0.07147350940636	0.92841165988894	0.000114823441314264
chr22	25007111	33	7	17.5	1.91667	2	40	1	3	2.21651041166432e-09	0.0289903422216972	0.970691433664621	0.000318225897171448
chr22	25010828	33	17	34	1.91667	2	50	1	2	0.275202749679278	0.724756230626968	4.1022693753614e-05	1.00000021407571e-09
chr22	25044982	60	14	18.92	1.91667	2	74	1	3	3.17377343776113e-08	0.112493818716267	0.887441493406826	6.46601391732175e-05
chr22	25048012	50	14	21.88	1.91667	2	64	1	2	5.9989867780164e-06	0.666202881894594	0.333790062344673	1.0607739551111e-06
chr22	30639115	61	13	17.57	1.91667	2	74	1	3	2.43775558564226e-09	0.0311318002610103	0.968573392683948	0.000294808617285941
chr22	35815862	14	6	30	2.12196	2	20	0	NA	NA	NA	NA	NA
chr22	42302191	25	19	43.18	2.12196	2	44	1	1	0.992306716779696	0.00769328374942005	2.47088393124151e-09	1e-09
chr22	44602709	25	3	10.71	2.12196	2	28	0	NA	NA	NA	NA	NA
chr3	12778053	33	2	5.71	1.91295	2	35	1	4	1e-09	1.00045781159053e-09	0.00348138222866501	0.996518619770877
chr3	14509704	42	10	19.23	1.91295	2	52	1	3	6.01890503423203e-08	0.146594024557961	0.853361125730249	4.47935227393713e-05
chr3	14949072	40	4	9.09	1.91295	2	44	1	4	1.00000000000043e-09	6.7100068691859e-08	0.218638289537294	0.781361646362638
chr3	42684881	24	6	20	1.91295	2	30	1	3	2.75301630695587e-07	0.264427986488104	0.735554641388752	1.71008215131953e-05
chr3	46899408	58	3	4.92	1.91295	2	61	1	4	1e-09	1.00001241393341e-09	0.00107788401198085	0.998922117988007
chr3	48642247	19	2	9.52	1.91295	2	21	0	NA	NA	NA	NA	NA
chr3	49720430	64	3	4.48	1.91295	2	67	1	4	1e-09	1.00000134936533e-09	0.000537751553668276	0.99946225044633
chr3	49851303	39	3	7.14	1.91295	2	42	1	4	1e-09	1.12657723599267e-09	0.0240135375774912	0.975986464295931
chr3	69990422	100	15	13.04	1.91295	2	115	1	3	1.000005291134e-09	0.000145778645068609	0.961755680136934	0.0380985442179921
chr3	75713496	31	7	18.42	1.91295	2	38	1	3	1.12633854294545e-08	0.07147350940636	0.92841165988894	0.000114823441314264
chr3	75713948	111	9	7.5	1.91295	2	120	1	4	1e-09	1.45085556353143e-09	0.0377029886435473	0.962297012905597
chr3	75714771	411	54	11.61	1.91295	2	465	1	3	1.00000003761798e-09	1.67184195572141e-05	0.837763433072458	0.162219851507984
chr3	75714835	412	72	14.88	1.91295	2	484	1	3	1.00134213142127e-09	0.00156485142870587	0.993101457171578	0.00533369439837393
chr3	75786355	272	23	7.8	1.91295	2	295	1	4	1e-09	2.2491690797911e-09	0.0542552214288617	0.945744779321969
chr3	75786833	237	30	11.24	1.91295	2	267	1	3	1.00000000912791e-09	8.80595979382793e-06	0.772879412022992	0.227111785017214
chr3	75786888	311	35	10.12	1.91295	2	346	1	4	1.00000000007666e-09	9.11674204024243e-07	0.485303762326929	0.514695328998867
chr3	75788088	230	28	10.85	1.91295	2	258	1	3	1.00000000189328e-09	4.25199440138397e-06	0.68601120816405	0.313984542841548
chr3	75788158	362	39	9.73	1.91295	2	401	1	4	1.00000000001181e-09	3.60109451265186e-07	0.374168095925502	0.625831546965046
chr3	75788217	367	31	7.79	1.91295	2	398	1	4	1e-09	2.20813687892672e-09	0.0536111661019988	0.946388834689864
chr3	75788579	157	29	15.59	1.91295	2	186	1	3	1.00948921571173e-09	0.00361886777514948	0.993889704943483	0.00249143027187824
chr3	111898510	72	22	23.4	1.91295	2	94	1	2	3.99429928181912e-05	0.880444747875933	0.119515236760811	7.6370437439368e-08
chr3	138739716	15	6	28.57	1.91295	2	21	0	NA	NA	NA	NA	NA
chr3	149213220	70	25	26.32	1.94787	2	95	1	2	0.00076248305791001	0.986400671653165	0.0128368479368455	1.3520798435033e-09
chr3	159995395	41	26	38.81	1.94787	2	67	1	1	0.904770549646744	0.0952291985224881	2.54830768208477e-07	1.00000000000438e-09
chr3	160142790	43	8	15.69	1.94787	2	51	1	3	1.01241199868633e-09	0.00406064007026996	0.993701204007114	0.00223815891020422
chr3	184017681	50	9	15.25	1.94787	2	59	1	3	1.00376052750292e-09	0.00243336667258872	0.993979554404395	0.00358708191925581
chr3	194152496	25	15	37.5	1.94787	2	40	1	1	0.804465932633039	0.195532894089978	1.17627698301386e-06	1.00000000009923e-09
chr3	195509353	90	20	18.18	1.94787	2	110	1	3	6.9648493850816e-09	0.0569169000143742	0.942932737230136	0.000150359790640618
chr3	195509354	92	18	16.36	1.94787	2	110	1	3	1.07192653171893e-09	0.00863094944058312	0.990278297952309	0.00109075553518092
chr3	195510121	132	8	5.71	1.94787	2	140	1	4	1e-09	1.00045781159053e-09	0.00348138222866501	0.996518619770877
chr3	195510133	131	7	5.07	1.94787	2	138	1	4	1e-09	1.00002548668885e-09	0.00135602860560433	0.99864397339437
chr3	195510134	128	8	5.88	1.94787	2	136	1	4	1e-09	1.00094372571541e-09	0.00443235886599043	0.995567643133066
chr3	195510701	110	7	5.98	1.94787	2	117	1	4	1e-09	1.00143313357458e-09	0.0051007571053182	0.994899244893248
chr3	195511273	660	54	7.56	1.94787	2	714	1	4	1e-09	1.5543548937366e-09	0.0405869085213562	0.959413092924289
chr3	195690163	111	15	11.9	1.94787	2	126	1	3	1.00000010910543e-09	2.68659701520674e-05	0.877226554432139	0.122746582597709
chr3	195702639	37	6	13.95	1.94787	2	43	1	3	1.00008975296198e-09	0.00049139800174119	0.985054969327373	0.0144536356707961
chr4	1950242	45	3	6.25	1.65382	NA	48	1	NA	NA	NA	NA	NA
chr4	2130865	35	3	7.89	1.65382	NA	38	1	NA	NA	NA	NA	NA
chr4	4128483	29	9	23.68	1.65382	NA	38	1	NA	NA	NA	NA	NA
chr4	7432681	19	2	9.52	1.65382	NA	21	0	NA	NA	NA	NA	NA
chr4	7742893	24	2	7.69	1.65382	NA	26	0	NA	NA	NA	NA	NA
chr4	8983347	162	25	13.37	1.65382	NA	187	1	NA	NA	NA	NA	NA
chr4	8983355	162	27	14.29	1.65382	NA	189	1	NA	NA	NA	NA	NA
chr4	8983382	155	42	21.32	1.65382	NA	197	1	NA	NA	NA	NA	NA
chr4	49164118	42	12	22.22	1.65382	NA	54	1	NA	NA	NA	NA	NA
chr4	49215131	34	10	22.73	1.65382	NA	44	1	NA	NA	NA	NA	NA
chr4	71030811	82	17	17.17	1.65382	NA	99	1	NA	NA	NA	NA	NA
chr4	109767295	18	16	47.06	1.65382	NA	34	1	NA	NA	NA	NA	NA
chr4	119555183	119	9	7.03	1.56266	NA	128	1	NA	NA	NA	NA	NA
chr4	119555205	117	10	7.87	1.56266	NA	127	1	NA	NA	NA	NA	NA
chr4	119555221	123	11	8.21	1.56266	NA	134	1	NA	NA	NA	NA	NA
chr4	119555222	125	11	8.09	1.56266	NA	136	1	NA	NA	NA	NA	NA
chr4	119555245	122	9	6.87	1.56266	NA	131	1	NA	NA	NA	NA	NA
chr4	119555246	125	9	6.72	1.56266	NA	134	1	NA	NA	NA	NA	NA
chr4	119555303	133	7	5	1.56266	NA	140	1	NA	NA	NA	NA	NA
chr4	129770292	30	2	6.25	1.56266	NA	32	1	NA	NA	NA	NA	NA
chr4	139101945	13	10	43.48	1.5977	NA	23	0	NA	NA	NA	NA	NA
chr4	190804954	51	16	23.88	1.5977	NA	67	1	NA	NA	NA	NA	NA
chr4	190805677	195	17	8.02	1.5977	NA	212	1	NA	NA	NA	NA	NA
chr4	190874394	42	6	12.5	1.5977	NA	48	1	NA	NA	NA	NA	NA
chr4	190876186	53	18	25.35	1.5977	NA	71	1	NA	NA	NA	NA	NA
chr4	190882917	27	5	15.62	1.5977	NA	32	1	NA	NA	NA	NA	NA
chr5	711053	121	15	11.03	1.85909	2	136	1	3	1.00000000395638e-09	5.99372278730088e-06	0.728399196815395	0.271594812461818
chr5	711974	88	11	11.11	1.85909	2	99	1	3	1.00000000545615e-09	6.95320843233052e-06	0.745993502928944	0.253999546862624
chr5	21461810	35	19	35.19	1.85909	2	54	1	2	0.466897806055556	0.533088296692445	1.39002519990879e-05	1.0000000181764e-09
chr5	32248069	17	9	34.62	1.85909	2	26	0	NA	NA	NA	NA	NA
chr5	34191360	295	39	11.68	1.85909	2	334	1	3	1.00000004880952e-09	1.87856095322575e-05	0.848158916628486	0.151822300761981
chr5	34192051	417	30	6.71	1.85909	2	447	1	4	1e-09	1.02585878233342e-09	0.01375062082826	0.986249381145881
chr5	35026045	34	9	20.93	1.85909	2	43	1	3	1.42445704910863e-06	0.460015403347618	0.539978483225089	4.69297024416198e-06
chr5	69515684	638	72	10.14	1.85909	2	710	1	4	1.00000000008412e-09	9.54199453014201e-07	0.491108181228898	0.508890867571649
chr5	69826268	22	2	8.33	1.85909	2	24	0	NA	NA	NA	NA	NA
chr5	69826319	19	5	20.83	1.85909	2	24	0	NA	NA	NA	NA	NA
chr5	71494953	15	8	34.78	1.85909	2	23	0	NA	NA	NA	NA	NA
chr5	75537109	22	10	31.25	1.85909	2	32	1	2	0.0467875505790158	0.952869146698097	0.000343305722845676	1.00004114690968e-09
chr5	78379060	22	2	8.33	1.85909	2	24	0	NA	NA	NA	NA	NA
chr5	82836311	36	23	38.98	1.53922	NA	59	1	NA	NA	NA	NA	NA
chr5	97912321	160	43	21.18	1.53922	NA	203	1	NA	NA	NA	NA	NA
chr5	127872183	18	2	10	1.53922	NA	20	0	NA	NA	NA	NA	NA
chr5	140569543	35	38	52.05	1.53922	NA	73	1	NA	NA	NA	NA	NA
chr5	140797329	31	2	6.06	1.53922	NA	33	1	NA	NA	NA	NA	NA
chr5	171763473	29	2	6.45	1.53922	NA	31	1	NA	NA	NA	NA	NA
chr5	175540179	21	2	8.7	1.53922	NA	23	0	NA	NA	NA	NA	NA
chr6	7895493	23	3	11.54	2.01015	2	26	0	NA	NA	NA	NA	NA
chr6	11105394	40	5	11.11	2.01015	2	45	1	3	1.00000000545615e-09	6.95320843233052e-06	0.745993502928944	0.253999546862624
chr6	11105411	45	5	10	2.01015	2	50	1	4	1.00000000004364e-09	6.90595010487676e-07	0.450549403120786	0.549449909284204
chr6	25500512	47	3	6	2.01015	2	50	1	4	1e-09	1.00155698875204e-09	0.00524534627821355	0.99475465572023
chr6	32627659	13	10	43.48	2.01015	2	23	0	NA	NA	NA	NA	NA
chr6	43972226	34	6	15	2.01015	2	40	1	3	1.00187970037028e-09	0.00180778191483951	0.993502499202383	0.00468972188089792
chr6	43972227	34	6	15	2.01015	2	40	1	3	1.00187970037028e-09	0.00180778191483951	0.993502499202383	0.00468972188089792
chr6	43972235	35	6	14.63	2.01015	2	41	1	3	1.00065960563665e-09	0.00115436331921807	0.991872069302597	0.00697357037752523
chr6	52269110	45	7	13.46	1.90343	2	52	1	3	1.00002004106089e-09	0.000258419361321765	0.975344495434257	0.024397088204401
chr6	66012165	74	5	6.33	1.90343	2	79	1	4	1e-09	1.00592873379224e-09	0.00826529718806649	0.991734704806005
chr6	66012226	114	8	6.56	1.90343	2	122	1	4	1e-09	1.01457614345448e-09	0.0112682119514569	0.988731790033967
chr6	74992503	38	18	32.14	1.90343	2	56	1	2	0.0883866747491173	0.911434710701476	0.000178617549398899	1.00000783577889e-09
chr6	111179507	23	7	23.33	1.90343	2	30	1	2	3.68952707462279e-05	0.874127269593853	0.125835752630442	8.65049578975542e-08
chr6	114270175	25	21	45.65	1.90343	2	46	1	1	0.998024166955686	0.00197583495566965	1.08864481744209e-09	1e-09
chr6	138661950	54	20	27.03	1.9833	2	74	1	2	0.00145670110803404	0.991044885916936	0.00749841587982792	1.09520183617076e-09
chr6	146625790	23	10	30.3	1.9833	2	33	1	2	0.0227055438884443	0.976612620635867	0.000681838475452084	1.00023678402417e-09
chr6	161054859	343	22	6.03	1.9833	2	365	1	4	1e-09	1.00176240471128e-09	0.00546948090899267	0.994530521089245
chr6	163235158	19	7	26.92	1.9833	2	26	0	NA	NA	NA	NA	NA
chr6	167587534	21	8	27.59	1.9833	2	29	0	NA	NA	NA	NA	NA
chr6	167791530	32	10	23.81	1.9833	2	42	1	2	6.28718044965896e-05	0.911953683817686	0.0879834115545136	3.68233037973174e-08
chr6	168352261	29	2	6.45	1.9833	2	31	1	4	1e-09	1.00950987005615e-09	0.00972274028196695	0.990277261708523
chr6	168456774	20	2	9.09	1.9833	2	22	0	NA	NA	NA	NA	NA
chr7	23751757	131	45	25.57	2.07988	2	176	1	2	0.000375861265634391	0.976830193722738	0.0227939466063729	2.40525412407936e-09
chr7	56172014	22	3	12	2.07988	2	25	0	NA	NA	NA	NA	NA
chr7	56877610	67	18	21.18	2.07988	2	85	1	2	2.12817141792194e-06	0.516638816786914	0.483355835015667	3.22402600116159e-06
chr7	56900500	103	7	6.36	2.07988	2	110	1	4	1e-09	1.00667655226281e-09	0.00860902612693009	0.991390975866393
chr7	56900517	117	16	12.03	2.07988	2	133	1	3	1.00000017383496e-09	3.3002565529177e-05	0.89200776601345	0.107959234421021
chr7	56900525	125	18	12.59	2.07988	2	143	1	3	1.00000120320394e-09	7.68596839540414e-05	0.938879158822238	0.0610439844938062
chr7	56900528	125	19	13.19	2.07988	2	144	1	3	1.00000855858037e-09	0.00017930266426086	0.967313584290411	0.03250711604532
chr7	56900543	129	21	14	2.07988	2	150	1	3	1.00010427169733e-09	0.000523988828147091	0.985775823634578	0.0137001905371703
chr7	56900549	132	21	13.73	2.07988	2	153	1	3	1.00004609755715e-09	0.000369368493773673	0.981341670367314	0.0182889641388664
chr7	56900550	129	21	14	2.07988	2	150	1	3	1.00010427169733e-09	0.000523988828147091	0.985775823634578	0.0137001905371703
chr7	63222332	32	10	23.81	2.07988	2	42	1	2	6.28718044965896e-05	0.911953683817686	0.0879834115545136	3.68233037973174e-08
chr7	65306584	97	21	17.8	2.07988	2	118	1	3	3.47601582230159e-09	0.0392349721097907	0.960535934956539	0.000229093457654469
chr7	75761350	44	14	24.14	2.07988	2	58	1	2	8.94731481867036e-05	0.931430188957422	0.0684803212991992	2.0595191970669e-08
chr7	87856189	50	16	24.24	2.07988	2	66	1	2	9.93809554682081e-05	0.936459073359222	0.0634415323738222	1.73114876518778e-08
chr7	100679145	172	19	9.95	2.07988	2	191	1	4	1.0000000000344e-09	6.13824820900534e-07	0.436156867583734	0.563842521591445
chr7	100679184	175	19	9.79	2.07988	2	194	1	4	1.00000000001587e-09	4.1747779590463e-07	0.390797807380499	0.609201778141705
chr7	100679192	181	19	9.5	2.07988	2	200	1	4	1.00000000000371e-09	2.01062905805101e-07	0.313141214813906	0.686858587123188
chr7	100679235	194	17	8.06	2.07988	2	211	1	4	1e-09	3.93606289365893e-09	0.0736386629013245	0.926361336162613
chr7	100679236	193	16	7.66	2.07988	2	209	1	4	1e-09	1.77982684949246e-09	0.0458462199715678	0.954153781248606
chr7	100679237	194	17	8.06	2.07988	2	211	1	4	1e-09	3.93606289365893e-09	0.0736386629013245	0.926361336162613
chr7	100680354	73	8	9.88	2.07988	2	81	1	4	1.00000000002458e-09	5.19377173382595e-07	0.416158516251662	0.583840967371165
chr7	100680370	73	4	5.19	2.07988	2	77	1	4	1e-09	1.00004475796175e-09	0.00162533891871528	0.99837466308124
chr7	102131229	12	9	42.86	2.07988	2	21	0	NA	NA	NA	NA	NA
chr7	102131234	14	8	36.36	2.07988	2	22	0	NA	NA	NA	NA	NA
chr7	117188797	91	5	5.21	2.07988	2	96	1	4	1e-09	1.00004911150846e-09	0.00167481285036594	0.998325189149585
chr7	128291626	233	29	11.07	2.07988	2	262	1	3	1.00000000464828e-09	6.45763475156252e-06	0.737294966275912	0.262698579089337
chr7	137407319	204	12	5.56	2.07988	2	216	1	4	1e-09	1.00023835984338e-09	0.002804930403858	0.997195071595904
chr7	140225521	28	4	12.5	2.07988	2	32	1	3	1.00000088811753e-09	6.73639538603906e-05	0.932930193293283	0.0670024457528559
chr7	142457365	60	13	17.81	2.07988	2	73	1	3	3.53474257950735e-09	0.0396275839996425	0.960145830494899	0.000226585970716293
chr7	142457375	54	11	16.92	2.07988	2	65	1	3	1.2958748948634e-09	0.0158330388294385	0.983570019684289	0.000596944190397781
chr7	142457382	50	8	13.79	2.07988	2	58	1	3	1.00005534335561e-09	0.000399465734858224	0.982447935446135	0.0171526018189511
chr7	142457386	50	9	15.25	2.07988	2	59	1	3	1.00376052750292e-09	0.00243336667258872	0.993979554404395	0.00358708191925581
chr7	142460482	82	17	17.17	2.07988	2	99	1	3	1.54768891792878e-09	0.0206119646902089	0.978932501002492	0.000455536759609868
chr7	150710410	18	2	10	2.07988	2	20	0	NA	NA	NA	NA	NA
chr7	151932876	43	8	15.69	2.07988	2	51	1	3	1.01241199868633e-09	0.00406064007026996	0.993701204007114	0.00223815891020422
chr8	12036227	87	8	8.42	2.27884	NA	95	1	NA	NA	NA	NA	NA
chr8	12036280	69	8	10.39	2.27884	NA	77	1	NA	NA	NA	NA	NA
chr8	12251451	24	9	27.27	2.27884	NA	33	1	NA	NA	NA	NA	NA
chr8	12486785	59	9	13.24	2.27884	NA	68	1	NA	NA	NA	NA	NA
chr8	12486799	38	7	15.56	2.27884	NA	45	1	NA	NA	NA	NA	NA
chr8	21961514	33	3	8.33	2.27884	NA	36	1	NA	NA	NA	NA	NA
chr8	25267729	28	3	9.68	2.27884	NA	31	1	NA	NA	NA	NA	NA
chr8	28909091	33	3	8.33	2.27884	NA	36	1	NA	NA	NA	NA	NA
chr8	29193840	80	4	4.76	2.27884	NA	84	1	NA	NA	NA	NA	NA
chr8	38119184	73	14	16.09	2.27884	NA	87	1	NA	NA	NA	NA	NA
chr8	38119229	69	20	22.47	2.27884	NA	89	1	NA	NA	NA	NA	NA
chr8	38119259	57	20	25.97	2.27884	NA	77	1	NA	NA	NA	NA	NA
chr8	38119306	38	15	28.3	2.27884	NA	53	1	NA	NA	NA	NA	NA
chr8	52732030	90	4	4.26	2.27884	NA	94	1	NA	NA	NA	NA	NA
chr8	52732768	108	11	9.24	2.27884	NA	119	1	NA	NA	NA	NA	NA
chr8	52732781	120	11	8.4	2.27884	NA	131	1	NA	NA	NA	NA	NA
chr8	52732958	141	26	15.57	2.27884	NA	167	1	NA	NA	NA	NA	NA
chr8	77617019	135	23	14.56	2.27884	NA	158	1	NA	NA	NA	NA	NA
chr8	86572085	563	135	19.34	2.27884	NA	698	1	NA	NA	NA	NA	NA
chr8	86572178	1478	80	5.13	2.27884	NA	1559	1	NA	NA	NA	NA	NA
chr8	86572241	1170	87	6.92	2.27884	NA	1257	1	NA	NA	NA	NA	NA
chr8	86572249	1111	101	8.33	2.27884	NA	1212	1	NA	NA	NA	NA	NA
chr8	86572421	353	25	6.61	2.27884	NA	378	1	NA	NA	NA	NA	NA
chr8	86573858	150	23	13.29	2.27884	NA	173	1	NA	NA	NA	NA	NA
chr8	99139893	39	8	17.02	2.27884	NA	47	1	NA	NA	NA	NA	NA
chr8	101083564	26	11	29.73	2.27884	NA	37	1	NA	NA	NA	NA	NA
chr8	101715194	127	8	5.93	2.27884	NA	135	1	NA	NA	NA	NA	NA
chr8	101715205	129	8	5.84	2.27884	NA	137	1	NA	NA	NA	NA	NA
chr8	101715243	125	10	7.41	2.27884	NA	135	1	NA	NA	NA	NA	NA
chr8	146033649	23	9	28.12	2.27884	NA	32	1	NA	NA	NA	NA	NA
chr9	328137	86	13	13.13	1.8428	2	99	1	3	1.00000706603178e-09	0.000165113495640655	0.965194561894084	0.034640327610268
chr9	8317471	57	13	18.57	1.8428	2	70	1	3	1.53331567389445e-08	0.0821479944823	0.917755152288316	9.68418962275183e-05
chr9	16436730	22	19	46.34	1.8428	2	41	1	1	0.998632859746866	0.00136714221207196	1.04106217474612e-09	1e-09
chr9	35547838	47	3	6	1.8428	2	50	1	4	1e-09	1.00155698875204e-09	0.00524534627821355	0.99475465572023
chr9	37836524	73	7	8.75	1.8428	2	80	1	4	1.00000000000006e-09	2.586067861356e-08	0.156619153055439	0.843380824083882
chr9	41954571	360	24	6.25	1.8428	2	384	1	4	1e-09	1.00430957681462e-09	0.00741076884280156	0.992589233152889
chr9	41963811	152	21	12.14	1.8428	2	173	1	3	1.0000002564777e-09	3.91593050154031e-05	0.903245766385359	0.0967150773096253
chr9	45728216	481	33	6.42	1.8428	2	514	1	4	1e-09	1.00845584517818e-09	0.00933725005524787	0.990662751936296
chr9	66499888	108	12	10	1.8428	2	120	1	4	1.00000000004364e-09	6.90595010487676e-07	0.450549403120786	0.549449909284204
chr9	66499891	96	19	16.52	1.8428	2	115	1	3	1.10827631485178e-09	0.0102872639852025	0.988794293606889	0.000918445299632017
chr9	66499897	96	9	8.57	1.8428	2	105	1	4	1.00000000000002e-09	1.55126466494725e-08	0.129801217387361	0.870198770099992
chr9	66499904	81	12	12.9	1.8428	2	93	1	3	1.00000335889262e-09	0.000119840547057182	0.955725395879379	0.0441547665735608
chr9	66513270	98	9	8.41	1.8428	2	107	1	4	1.00000000000001e-09	9.89155766918210e-09	0.109216881610185	0.890783111498257
chr9	68427840	400	35	8.05	1.8428	2	435	1	4	1e-09	3.84252536750383e-09	0.0727921416056681	0.927207857551806
chr9	68427876	303	43	12.43	1.8428	2	346	1	3	1.00000070001787e-09	6.07374807216175e-05	0.927927509489852	0.072011756029426
chr9	68433612	251	20	7.38	1.8428	2	271	1	4	1e-09	1.29694039095495e-09	0.0324930618654472	0.967506939837612
chr9	69083162	243	15	5.81	1.8428	2	258	1	4	1e-09	1.00070205810269e-09	0.00401449453839579	0.995985507460902
chr9	69083196	123	25	16.89	1.8428	2	148	1	3	1.27462271412111e-09	0.0153351232228076	0.98404829114415	0.000616588358420127
chr9	69424638	144	7	4.64	1.8428	2	151	1	4	1e-09	1.00000308514228e-09	0.000695255262360995	0.999304746737636
chr9	70919276	108	17	13.6	1.8428	2	125	1	3	1.00003093387587e-09	0.000311309621138616	0.978675326748907	0.0210133666299235
chr9	70919325	136	22	13.92	1.8428	2	158	1	3	1.00008200956299e-09	0.000472770255759819	0.984601891800734	0.0149253409434244
chr9	70919413	86	10	10.42	1.8428	2	96	1	3	1.0000000002994e-09	1.76950292955481e-06	0.571601184414206	0.428397049082864
chr9	101608273	31	3	8.82	1.8428	2	34	1	4	1.0000000000001e-09	3.15338500635705e-08	0.168151401324569	0.831848570141581
chr9	117071662	24	2	7.69	1.8428	2	26	0	NA	NA	NA	NA	NA
chr9	117164818	54	3	5.26	1.8428	2	57	1	4	1e-09	1.00006186157554e-09	0.0018047292268683	0.99819527277307
chr9	129462734	18	4	18.18	1.8428	2	22	0	NA	NA	NA	NA	NA
chr9	131343216	24	2	7.69	1.8428	2	26	0	NA	NA	NA	NA	NA
chr9	134357776	20	2	9.09	1.8428	2	22	0	NA	NA	NA	NA	NA
chr9	136207837	22	2	8.33	1.8428	2	24	0	NA	NA	NA	NA	NA
chr9	136321650	19	2	9.52	1.8428	2	21	0	NA	NA	NA	NA	NA
chr9	139694847	27	2	6.9	1.8428	2	29	0	NA	NA	NA	NA	NA
chr9	139905171	29	2	6.45	1.8428	2	31	1	4	1e-09	1.00950987005615e-09	0.00972274028196695	0.990277261708523
chr9	141069942	21	9	30	1.8428	2	30	1	2	0.0179298879830375	0.9812236616118	0.000846453404752141	1.00041055806038e-09
chrX	1720163	57	3	5	1.96919	2	60	1	4	1e-09	1.00001825894721e-09	0.00121880810786519	0.998781193892117
chrX	8434497	50	7	12.28	1.96919	2	57	1	3	1.00000041800683e-09	4.85022812210968e-05	0.916002828796579	0.0839486719221996
chrX	8497105	91	45	33.09	1.96919	2	136	1	2	0.164253244391274	0.835660339418242	8.64191904830546e-05	1.00000128437141e-09
chrX	30327244	26	11	29.73	1.96919	2	37	1	2	0.0144549029064389	0.984516522820226	0.00102857727266216	1.00067341533622e-09
chrX	41556488	89	4	4.3	1.96919	2	93	1	4	1e-09	1.00000051655118e-09	0.000400368049993158	0.999599633950006
chrX	73803029	225	37	14.12	1.96919	2	262	1	3	1.0001491062093e-09	0.000610713515859215	0.987341630925618	0.0120476585583735
chrX	73803042	220	32	12.7	1.96919	2	252	1	3	1.00000173778475e-09	9.01356809484536e-05	0.945466078441472	0.0544437888775774
chrX	73803044	219	30	12.05	1.96919	2	249	1	3	1.00000018663766e-09	3.40519075136994e-05	0.894134808864213	0.105831142228273
chrX	85403655	42	4	8.7	1.96919	2	46	1	4	1.00000000000005e-09	2.24379200691141e-08	0.14876524446596	0.85123473609612
chrX	144904048	46	19	29.23	1.96919	2	65	1	2	0.00963237860003652	0.988890348332505	0.0014772760657754	1.00168262482519e-09
chrX	149013878	95	22	18.8	1.96919	2	117	1	3	2.47263050341706e-08	0.101174338504045	0.89875129190484	7.43488648095121e-05
chrX	153008343	21	5	19.23	1.96919	2	26	0	NA	NA	NA	NA	NA
chrX	153008347	22	5	18.52	1.96919	2	27	0	NA	NA	NA	NA	NA
chrX	153009289	20	7	25.93	1.96919	2	27	0	NA	NA	NA	NA	NA
chrX	153009303	28	15	34.88	1.96919	2	43	1	2	0.413951207933763	0.586030120901058	1.86741651788951e-05	1.00000003507981e-09
chrX	153009304	27	15	35.71	1.96919	2	42	1	1	0.555777230211646	0.444214481728068	8.29106028577999e-06	1.00000000588782e-09
chrX	153009342	33	14	29.79	1.96919	2	47	1	2	0.0151672801791808	0.983847766696733	0.000984956123482379	1.00060330734116e-09
chrX	153009350	35	15	30	1.96919	2	50	1	2	0.0179298879830375	0.9812236616118	0.000846453404752141	1.00041055806038e-09
chrX	153009352	37	15	28.85	1.96919	2	52	1	2	0.00703435981746321	0.991017785434553	0.00194785774460907	1.00337441547562e-09
chrX	153009364	38	13	25.49	1.96919	2	51	1	2	0.000347989397192761	0.975411439521122	0.0242405724527367	2.62894853481624e-09
chrX	153670492	32	6	15.79	1.96919	2	38	1	3	1.01620811595195e-09	0.00455318408305166	0.993436201469306	0.00201061743143472
chrX	153706300	32	3	8.57	1.96919	2	35	1	4	1.00000000000002e-09	1.55126466494725e-08	0.129801217387361	0.870198770099992
chrX	155252903	20	4	16.67	1.96919	2	24	0	NA	NA	NA	NA	NA
