chr	st	BC13T.ref	BC13T.var	BC13T.vaf	BC13T.cn	BC13T.cleancn	BC13T.depth	adequateDepth	cluster	cluster.prob
chr1	12908474	104	23	18.11	1.58854	NA	127	1	NA	NA
chr1	12908476	106	22	17.19	1.58854	NA	128	1	NA	NA
chr1	12908480	108	20	15.62	1.58854	NA	128	1	NA	NA
chr1	12908482	106	20	15.87	1.58854	NA	126	1	NA	NA
chr1	12939904	29	6	17.14	1.58854	NA	35	1	NA	NA
chr1	13183109	111	13	10.48	1.58854	NA	124	1	NA	NA
chr1	13183110	113	13	10.32	1.58854	NA	126	1	NA	NA
chr1	13183115	112	13	10.4	1.58854	NA	125	1	NA	NA
chr1	13183130	111	19	14.62	1.58854	NA	130	1	NA	NA
chr1	13183138	111	25	18.38	1.58854	NA	136	1	NA	NA
chr1	16891233	101	16	13.68	1.58854	NA	117	1	NA	NA
chr1	16893598	309	31	9.12	1.58854	NA	340	1	NA	NA
chr1	16903798	58	6	9.38	1.58854	NA	64	1	NA	NA
chr1	16903884	19	8	29.63	1.58854	NA	27	0	NA	NA
chr1	16907547	151	25	14.2	1.58854	NA	176	1	NA	NA
chr1	16907891	152	11	6.75	1.58854	NA	163	1	NA	NA
chr1	16974243	41	10	19.61	1.58854	NA	51	1	NA	NA
chr1	17083069	39	23	37.1	1.58854	NA	62	1	NA	NA
chr1	36645642	25	3	10.71	1.58854	NA	28	0	NA	NA
chr1	47325212	87	10	10.31	1.58854	NA	97	1	NA	NA
chr1	68627892	92	13	12.38	1.58854	NA	105	1	NA	NA
chr1	68628033	120	21	14.89	1.58854	NA	141	1	NA	NA
chr1	68628323	49	11	18.33	1.58854	NA	60	1	NA	NA
chr1	68628325	50	11	18.03	1.58854	NA	61	1	NA	NA
chr1	68628326	50	11	18.03	1.58854	NA	61	1	NA	NA
chr1	68628333	47	11	18.97	1.58854	NA	58	1	NA	NA
chr1	68628336	46	11	19.3	1.58854	NA	57	1	NA	NA
chr1	68628785	290	17	5.54	1.58854	NA	307	1	NA	NA
chr1	117487468	6	16	72.73	1.58854	NA	22	0	NA	NA
chr1	142619641	31	8	20.51	1.58854	NA	39	1	NA	NA
chr1	142619660	30	4	11.76	1.58854	NA	34	1	NA	NA
chr1	142621003	180	36	16.67	1.58854	NA	216	1	NA	NA
chr1	142660172	32	9	21.95	1.58854	NA	41	1	NA	NA
chr1	142722504	28	8	22.22	1.58854	NA	36	1	NA	NA
chr1	142723725	162	21	11.48	1.58854	NA	183	1	NA	NA
chr1	142803174	242	15	5.84	1.58854	NA	257	1	NA	NA
chr1	142803452	91	7	7.14	1.58854	NA	98	1	NA	NA
chr1	142803471	99	7	6.6	1.58854	NA	106	1	NA	NA
chr1	142805110	28	7	20	1.58854	NA	35	1	NA	NA
chr1	142805940	125	11	8.09	1.58854	NA	136	1	NA	NA
chr1	142805942	128	11	7.91	1.58854	NA	139	1	NA	NA
chr1	142806039	337	35	9.41	1.58854	NA	372	1	NA	NA
chr1	142806045	335	51	13.21	1.58854	NA	386	1	NA	NA
chr1	142806056	362	36	9.05	1.58854	NA	398	1	NA	NA
chr1	142806827	370	27	6.8	1.58854	NA	397	1	NA	NA
chr1	142808199	252	22	8.03	1.58854	NA	274	1	NA	NA
chr1	142808218	297	17	5.41	1.58854	NA	314	1	NA	NA
chr1	142809226	70	12	14.63	1.58854	NA	82	1	NA	NA
chr1	142811900	518	54	9.44	1.58854	NA	572	1	NA	NA
chr1	142813243	344	40	10.42	1.58854	NA	384	1	NA	NA
chr1	142815656	208	24	10.34	1.58854	NA	232	1	NA	NA
chr1	142815884	730	92	11.19	1.58854	NA	822	1	NA	NA
chr1	142816208	286	44	13.33	1.58854	NA	330	1	NA	NA
chr1	142816297	502	29	5.46	1.58854	NA	531	1	NA	NA
chr1	142820196	471	59	11.13	1.58854	NA	530	1	NA	NA
chr1	142820206	460	58	11.2	1.58854	NA	518	1	NA	NA
chr1	142824422	183	16	8.04	1.58854	NA	199	1	NA	NA
chr1	142825216	81	14	14.74	1.58854	NA	95	1	NA	NA
chr1	142828278	101	6	5.61	1.58854	NA	107	1	NA	NA
chr1	143209844	396	25	5.94	1.58854	NA	421	1	NA	NA
chr1	143217584	64	21	24.71	1.58854	NA	85	1	NA	NA
chr1	143217610	113	14	11.02	1.58854	NA	127	1	NA	NA
chr1	143217683	60	5	7.69	1.58854	NA	65	1	NA	NA
chr1	143219318	64	4	5.88	1.58854	NA	68	1	NA	NA
chr1	143219901	328	29	8.12	1.58854	NA	357	1	NA	NA
chr1	143225731	34	5	12.82	1.58854	NA	39	1	NA	NA
chr1	144830480	86	26	23.21	1.58854	NA	112	1	NA	NA
chr1	144830505	68	11	13.92	1.58854	NA	79	1	NA	NA
chr1	145293014	239	25	9.47	1.58854	NA	264	1	NA	NA
chr1	145323388	74	16	17.78	1.58854	NA	90	1	NA	NA
chr1	146399674	50	9	15.25	1.77055	2	59	1	1	1.000000001
chr1	147229654	50	6	10.71	1.77055	2	56	1	1	1.000000001
chr1	148009507	197	41	17.23	1.77055	2	238	1	1	1.000000001
chr1	148251814	241	18	6.95	1.77055	2	259	1	1	1.000000001
chr1	148853746	45	10	18.18	1.77055	2	55	1	1	1.000000001
chr1	148853765	64	7	9.86	1.77055	2	71	1	1	1.000000001
chr1	148853776	67	9	11.84	1.77055	2	76	1	1	1.000000001
chr1	148853822	79	12	13.19	1.77055	2	91	1	1	1.000000001
chr1	148853856	89	12	11.88	1.77055	2	101	1	1	1.000000001
chr1	148853935	97	13	11.82	1.77055	2	110	1	1	1.000000001
chr1	148853947	89	14	13.59	1.77055	2	103	1	1	1.000000001
chr1	148932885	91	16	14.95	1.77055	2	107	1	1	1.000000001
chr1	149067756	96	16	14.29	1.77055	2	112	1	1	1.000000001
chr1	149281638	67	18	21.18	1.77055	2	85	1	1	1.000000001
chr1	149282754	65	13	16.67	1.77055	2	78	1	1	1.000000001
chr1	149286876	46	9	16.36	1.77055	2	55	1	1	1.000000001
chr1	149307550	17	4	19.05	1.77055	2	21	0	NA	NA
chr1	152188176	208	50	19.38	1.77055	2	258	1	1	1.000000001
chr1	152188964	177	18	9.23	1.77055	2	195	1	1	1.000000001
chr1	152284576	214	28	11.57	1.77055	2	242	1	1	1.000000001
chr1	152284597	212	19	8.23	1.77055	2	231	1	1	1.000000001
chr1	160054081	16	6	27.27	1.77055	2	22	0	NA	NA
chr1	160054085	17	6	26.09	1.77055	2	23	0	NA	NA
chr1	160783680	20	4	16.67	1.77055	2	24	0	NA	NA
chr1	161481546	16	4	20	1.77055	2	20	0	NA	NA
chr1	161520514	19	5	20.83	1.77055	2	24	0	NA	NA
chr1	161642982	36	9	20	1.77055	2	45	1	1	1.000000001
chr1	173900595	42	8	16	1.77055	2	50	1	1	1.000000001
chr1	186276229	32	3	8.57	1.77055	2	35	1	1	1.000000001
chr1	201179173	133	17	11.33	1.77055	2	150	1	1	1.000000001
chr1	235505043	28	14	33.33	1.77055	2	42	1	1	1.000000001
chr1	249230884	47	11	18.97	1.77055	2	58	1	1	1.000000001
chr10	18834658	21	4	16	1.61967	NA	25	0	NA	NA
chr10	26936487	152	10	6.17	1.61967	NA	162	1	NA	NA
chr10	37433914	36	13	26.53	1.61967	NA	49	1	NA	NA
chr10	37433929	43	13	23.21	1.61967	NA	56	1	NA	NA
chr10	37433982	39	5	11.36	1.61967	NA	44	1	NA	NA
chr10	37433983	39	5	11.36	1.61967	NA	44	1	NA	NA
chr10	37433988	40	5	11.11	1.61967	NA	45	1	NA	NA
chr10	37434025	27	7	20.59	1.61967	NA	34	1	NA	NA
chr10	37434048	17	10	37.04	1.61967	NA	27	0	NA	NA
chr10	38106304	41	5	10.87	1.61967	NA	46	1	NA	NA
chr10	42767365	43	17	28.33	1.61967	NA	60	1	NA	NA
chr10	42832258	137	8	5.52	1.61967	NA	145	1	NA	NA
chr10	42832294	119	8	6.3	1.61967	NA	127	1	NA	NA
chr10	47000064	21	2	8.7	1.61967	NA	23	0	NA	NA
chr10	51748584	43	20	31.75	1.61967	NA	63	1	NA	NA
chr10	55571479	29	18	38.3	1.61967	NA	47	1	NA	NA
chr10	70153901	44	24	35.29	1.61967	NA	68	1	NA	NA
chr10	75457446	89	5	5.32	1.61967	NA	94	1	NA	NA
chr10	105561069	19	10	34.48	1.61967	NA	29	0	NA	NA
chr10	116005733	54	12	18.18	1.61967	NA	66	1	NA	NA
chr10	126677242	545	60	9.92	1.61967	NA	605	1	NA	NA
chr10	126677645	249	30	10.75	1.61967	NA	279	1	NA	NA
chr10	126678022	143	17	10.62	1.61967	NA	160	1	NA	NA
chr10	126678110	137	11	7.43	1.61967	NA	148	1	NA	NA
chr10	126678114	130	10	7.14	1.61967	NA	140	1	NA	NA
chr10	126678206	65	15	18.75	1.61967	NA	80	1	NA	NA
chr10	126678207	67	9	11.84	1.61967	NA	76	1	NA	NA
chr10	126678208	65	13	16.67	1.61967	NA	78	1	NA	NA
chr10	135439196	22	9	29.03	1.61967	NA	31	1	NA	NA
chr10	135439224	28	6	17.65	1.61967	NA	34	1	NA	NA
chr11	1016754	632	42	6.23	1.84638	2	674	1	1	1.000000001
chr11	1016756	624	41	6.17	1.84638	2	665	1	1	1.000000001
chr11	1016777	704	54	7.12	1.84638	2	758	1	1	1.000000001
chr11	1016833	812	74	8.35	1.84638	2	886	1	1	1.000000001
chr11	1016842	815	83	9.24	1.84638	2	898	1	1	1.000000001
chr11	1016887	715	41	5.42	1.84638	2	756	1	1	1.000000001
chr11	1016919	625	42	6.3	1.84638	2	667	1	1	1.000000001
chr11	1016970	619	39	5.93	1.84638	2	658	1	1	1.000000001
chr11	1017024	589	36	5.76	1.84638	2	625	1	1	1.000000001
chr11	1017059	542	34	5.9	1.84638	2	576	1	1	1.000000001
chr11	1017111	423	37	8.04	1.84638	2	460	1	1	1.000000001
chr11	1017200	605	57	8.61	1.84638	2	662	1	1	1.000000001
chr11	1017277	478	27	5.35	1.84638	2	505	1	1	1.000000001
chr11	1017710	348	26	6.95	1.84638	2	374	1	1	1.000000001
chr11	1017716	402	27	6.29	1.84638	2	429	1	1	1.000000001
chr11	1017719	416	25	5.67	1.84638	2	441	1	1	1.000000001
chr11	1017841	570	32	5.32	1.84638	2	602	1	1	1.000000001
chr11	1017870	644	48	6.94	1.84638	2	692	1	1	1.000000001
chr11	1017921	567	67	10.57	1.84638	2	634	1	1	1.000000001
chr11	1018255	201	14	6.51	1.84638	2	215	1	1	1.000000001
chr11	1018275	235	20	7.84	1.84638	2	255	1	1	1.000000001
chr11	1018289	204	25	10.92	1.84638	2	229	1	1	1.000000001
chr11	1018312	205	20	8.89	1.84638	2	225	1	1	1.000000001
chr11	1018321	217	19	8.05	1.84638	2	236	1	1	1.000000001
chr11	1018331	190	12	5.94	1.84638	2	202	1	1	1.000000001
chr11	1018333	189	12	5.97	1.84638	2	201	1	1	1.000000001
chr11	1018334	183	12	6.15	1.84638	2	195	1	1	1.000000001
chr11	1018481	95	16	14.41	1.84638	2	111	1	1	1.000000001
chr11	1268931	40	4	9.09	1.84638	2	44	1	1	1.000000001
chr11	1651643	19	46	70.77	1.84638	2	65	1	1	1.000000001
chr11	4967678	82	10	10.87	1.84638	2	92	1	1	1.000000001
chr11	4976077	16	7	30.43	1.84638	2	23	0	NA	NA
chr11	49010749	77	43	35.83	1.84638	2	120	1	1	1.000000001
chr11	62292413	133	67	33.5	1.84638	2	200	1	1	1.000000001
chr11	71290816	48	8	14.29	1.84638	2	56	1	1	1.000000001
chr11	71290818	47	8	14.55	1.84638	2	55	1	1	1.000000001
chr11	76062335	81	10	10.99	1.84638	2	91	1	1	1.000000001
chr11	117857399	24	3	11.11	1.84638	2	27	0	NA	NA
chr12	89812	18	7	28	1.76492	2	25	0	NA	NA
chr12	89976	14	6	30	1.76492	2	20	0	NA	NA
chr12	8393066	22	4	15.38	1.76492	2	26	0	NA	NA
chr12	11174492	101	16	13.68	1.76492	2	117	1	1	1.000000001
chr12	11174515	120	16	11.76	1.76492	2	136	1	1	1.000000001
chr12	11214264	142	24	14.46	1.76492	2	166	1	1	1.000000001
chr12	11214273	150	24	13.79	1.76492	2	174	1	1	1.000000001
chr12	11214299	129	29	18.35	1.76492	2	158	1	1	1.000000001
chr12	11214324	131	22	14.38	1.76492	2	153	1	1	1.000000001
chr12	11214326	131	22	14.38	1.76492	2	153	1	1	1.000000001
chr12	11214330	135	22	14.01	1.76492	2	157	1	1	1.000000001
chr12	11214336	134	19	12.42	1.76492	2	153	1	1	1.000000001
chr12	11243936	52	12	18.75	1.76492	2	64	1	1	1.000000001
chr12	11243947	56	15	21.13	1.76492	2	71	1	1	1.000000001
chr12	11243960	57	18	24	1.76492	2	75	1	1	1.000000001
chr12	11244001	84	20	19.23	1.76492	2	104	1	1	1.000000001
chr12	11244731	52	7	11.86	1.76492	2	59	1	1	1.000000001
chr12	11244744	52	11	17.46	1.76492	2	63	1	1	1.000000001
chr12	11244745	51	11	17.74	1.76492	2	62	1	1	1.000000001
chr12	11244793	27	7	20.59	1.76492	2	34	1	1	1.000000001
chr12	11244797	26	7	21.21	1.76492	2	33	1	1	1.000000001
chr12	11546194	38	6	13.64	1.76492	2	44	1	1	1.000000001
chr12	11546209	42	7	14.29	1.76492	2	49	1	1	1.000000001
chr12	11546262	68	4	5.56	1.76492	2	72	1	1	1.000000001
chr12	42479504	56	17	23.29	1.76492	2	73	1	1	1.000000001
chr12	42479512	61	20	24.69	1.76492	2	81	1	1	1.000000001
chr12	42479533	71	20	21.98	1.76492	2	91	1	1	1.000000001
chr12	42479540	72	19	20.88	1.76492	2	91	1	1	1.000000001
chr12	42479542	74	19	20.43	1.76492	2	93	1	1	1.000000001
chr12	42479554	65	18	21.69	1.76492	2	83	1	1	1.000000001
chr12	42479559	63	15	19.23	1.76492	2	78	1	1	1.000000001
chr12	42479560	62	17	21.52	1.76492	2	79	1	1	1.000000001
chr12	58024727	19	2	9.52	1.76492	2	21	0	NA	NA
chr12	121431344	27	2	6.9	1.81077	2	29	0	NA	NA
chr12	123892672	32	14	30.43	1.81077	2	46	1	1	1.000000001
chr12	123892684	35	9	20.45	1.81077	2	44	1	1	1.000000001
chr12	123892843	43	10	18.87	1.81077	2	53	1	1	1.000000001
chr12	123893372	21	7	25	1.81077	2	28	0	NA	NA
chr12	123893377	23	10	30.3	1.81077	2	33	1	1	1.000000001
chr13	19393475	23	8	25.81	1.76247	2	31	1	1	1.000000001
chr13	19393480	20	8	28.57	1.76247	2	28	0	NA	NA
chr13	19393481	22	8	26.67	1.76247	2	30	1	1	1.000000001
chr13	19393482	22	8	26.67	1.76247	2	30	1	1	1.000000001
chr13	19420033	64	10	13.51	1.76247	2	74	1	1	1.000000001
chr13	19420067	62	10	13.89	1.76247	2	72	1	1	1.000000001
chr13	19433836	160	19	10.61	1.76247	2	179	1	1	1.000000001
chr13	19433845	161	20	11.05	1.76247	2	181	1	1	1.000000001
chr13	20006680	25	6	19.35	1.76247	2	31	1	1	1.000000001
chr13	24470860	21	7	25	1.76247	2	28	0	NA	NA
chr13	25021263	16	4	20	1.76247	2	20	0	NA	NA
chr13	25671679	97	18	15.65	1.76247	2	115	1	1	1.000000001
chr13	25671925	135	8	5.59	1.76247	2	143	1	1	1.000000001
chr13	99100649	23	6	20.69	1.76247	2	29	0	NA	NA
chr13	114603492	34	9	20.93	1.76247	2	43	1	1	1.000000001
chr14	20009989	28	14	33.33	1.92612	2	42	1	1	1.000000001
chr14	20020194	83	19	18.63	1.92612	2	102	1	1	1.000000001
chr14	35596691	44	9	16.98	1.92612	2	53	1	1	1.000000001
chr14	68143944	52	3	5.45	1.89198	2	55	1	1	1.000000001
chr14	73137583	52	12	18.75	1.89198	2	64	1	1	1.000000001
chr14	105415333	109	14	11.38	1.89198	2	123	1	1	1.000000001
chr14	105415346	111	8	6.72	1.89198	2	119	1	1	1.000000001
chr14	105418355	113	9	7.38	1.89198	2	122	1	1	1.000000001
chr14	105418357	111	10	8.26	1.89198	2	121	1	1	1.000000001
chr14	105418359	113	9	7.38	1.89198	2	122	1	1	1.000000001
chr14	105418365	117	10	7.87	1.89198	2	127	1	1	1.000000001
chr15	29088752	16	4	20	1.55079	NA	20	0	NA	NA
chr15	33927823	17	3	15	1.55079	NA	20	0	NA	NA
chr15	41571859	26	10	27.78	1.55079	NA	36	1	NA	NA
chr15	43814796	54	3	5.26	1.55079	NA	57	1	NA	NA
chr15	54914472	18	4	18.18	1.51677	NA	22	0	NA	NA
chr15	55734965	54	31	36.47	1.51677	NA	85	1	NA	NA
chr15	71151062	28	2	6.67	1.51677	NA	30	1	NA	NA
chr15	75499501	18	5	21.74	1.51677	NA	23	0	NA	NA
chr15	83006818	48	8	14.29	1.63173	NA	56	1	NA	NA
chr16	63519	82	7	7.87	2.01028	2	89	1	1	1.000000001
chr16	15457515	38	15	28.3	2.01028	2	53	1	1	1.000000001
chr16	15457557	64	12	15.79	2.01028	2	76	1	1	1.000000001
chr16	25268281	24	20	45.45	2.01028	2	44	1	1	1.000000001
chr16	26043959	106	10	8.62	2.01028	2	116	1	1	1.000000001
chr16	32095505	18	8	30.77	2.01028	2	26	0	NA	NA
chr16	32095621	44	3	6.38	2.01028	2	47	1	1	1.000000001
chr16	32095657	50	4	7.41	2.01028	2	54	1	1	1.000000001
chr16	32095694	31	4	11.43	2.01028	2	35	1	1	1.000000001
chr16	33497448	24	5	17.24	2.01028	2	29	0	NA	NA
chr16	33497451	24	5	17.24	2.01028	2	29	0	NA	NA
chr16	33497958	46	12	20.69	2.01028	2	58	1	1	1.000000001
chr16	33530831	114	20	14.93	2.01028	2	134	1	1	1.000000001
chr16	33542285	77	27	25.96	2.01028	2	104	1	1	1.000000001
chr16	33961649	16	6	27.27	2.01028	2	22	0	NA	NA
chr16	57748755	39	18	31.58	2.01028	2	57	1	1	1.000000001
chr16	57748759	38	18	32.14	2.01028	2	56	1	1	1.000000001
chr16	57748767	37	18	32.73	2.01028	2	55	1	1	1.000000001
chr16	57748768	37	18	32.73	2.01028	2	55	1	1	1.000000001
chr16	69985148	104	11	9.57	2.01028	2	115	1	1	1.000000001
chr16	69985248	309	19	5.79	2.01028	2	328	1	1	1.000000001
chr16	70161263	28	15	34.88	2.01028	2	43	1	1	1.000000001
chr16	70182249	38	16	29.63	2.01028	2	54	1	1	1.000000001
chr16	90235539	41	5	10.87	1.12779	1	46	1	NA	NA
chr17	417136	10	17	62.96	1.18099	1	27	0	NA	NA
chr17	7385617	70	4	5.41	1.18099	1	74	1	NA	NA
chr17	7385751	69	7	9.21	1.18099	1	76	1	NA	NA
chr17	7385761	65	4	5.8	1.18099	1	69	1	NA	NA
chr17	7386217	39	12	23.53	1.18099	1	51	1	NA	NA
chr17	20768132	99	40	28.78	1.18099	1	139	1	NA	NA
chr17	20768134	100	39	28.06	1.18099	1	139	1	NA	NA
chr17	20768137	99	40	28.78	1.18099	1	139	1	NA	NA
chr17	21206581	31	2	6.06	1.18099	1	33	1	NA	NA
chr17	27077308	126	18	12.5	7.75593	NA	144	1	NA	NA
chr17	29552151	12	32	72.73	1.20389	1	44	1	NA	NA
chr17	34757013	39	8	17.02	1.20389	1	47	1	NA	NA
chr17	37819513	163	31	15.98	13.9568	NA	194	1	NA	NA
chr17	39406812	174	39	18.31	1.30062	NA	213	1	NA	NA
chr17	39406820	175	33	15.87	1.30062	NA	208	1	NA	NA
chr17	39406838	161	22	12.02	1.30062	NA	183	1	NA	NA
chr17	42453589	21	2	8.7	1.30062	NA	23	0	NA	NA
chr17	45214528	248	17	6.42	1.30062	NA	265	1	NA	NA
chr17	45214661	167	17	9.24	1.30062	NA	184	1	NA	NA
chr17	45214690	181	28	13.4	1.30062	NA	209	1	NA	NA
chr17	45221261	30	6	16.67	1.30062	NA	36	1	NA	NA
chr17	45221281	27	9	25	1.30062	NA	36	1	NA	NA
chr17	45221307	34	3	8.11	1.30062	NA	37	1	NA	NA
chr17	58088647	70	7	9.09	2.53309	NA	77	1	NA	NA
chr17	58095936	32	7	17.95	2.53309	NA	39	1	NA	NA
chr17	59971198	38	9	19.15	2.53309	NA	47	1	NA	NA
chr17	79004611	22	10	31.25	2.01964	2	32	1	1	1.000000001
chr17	79887780	72	4	5.26	2.01964	2	76	1	1	1.000000001
chr18	6914662	33	8	19.51	1.50796	NA	41	1	NA	NA
chr18	11644564	152	25	14.12	1.50796	NA	177	1	NA	NA
chr18	11644577	147	13	8.12	1.50796	NA	160	1	NA	NA
chr18	14183818	196	31	13.66	1.50796	NA	227	1	NA	NA
chr18	14183823	206	17	7.62	1.50796	NA	223	1	NA	NA
chr18	14183974	211	18	7.86	1.50796	NA	229	1	NA	NA
chr18	14184164	112	15	11.81	1.50796	NA	127	1	NA	NA
chr18	14220896	56	6	9.68	1.50796	NA	62	1	NA	NA
chr18	14341535	50	5	9.09	1.50796	NA	55	1	NA	NA
chr18	14341566	66	10	13.16	1.50796	NA	76	1	NA	NA
chr18	14341581	76	10	11.63	1.50796	NA	86	1	NA	NA
chr18	14341586	78	10	11.36	1.50796	NA	88	1	NA	NA
chr18	14341590	83	10	10.75	1.50796	NA	93	1	NA	NA
chr18	14341741	44	8	15.38	1.50796	NA	52	1	NA	NA
chr18	14341751	35	9	20.45	1.50796	NA	44	1	NA	NA
chr18	14341753	34	9	20.93	1.50796	NA	43	1	NA	NA
chr18	14341754	35	9	20.45	1.50796	NA	44	1	NA	NA
chr18	14341763	33	9	21.43	1.50796	NA	42	1	NA	NA
chr18	15271359	69	6	8	1.50796	NA	75	1	NA	NA
chr18	15271364	72	6	7.69	1.50796	NA	78	1	NA	NA
chr18	15271424	69	7	9.21	1.50796	NA	76	1	NA	NA
chr18	15271427	69	9	11.54	1.50796	NA	78	1	NA	NA
chr18	15271452	72	10	12.2	1.50796	NA	82	1	NA	NA
chr18	15316627	70	11	13.58	1.50796	NA	81	1	NA	NA
chr18	15316645	83	11	11.7	1.50796	NA	94	1	NA	NA
chr18	15316656	89	10	10.1	1.50796	NA	99	1	NA	NA
chr18	15316666	90	9	9.09	1.50796	NA	99	1	NA	NA
chr18	15316669	89	9	9.18	1.50796	NA	98	1	NA	NA
chr18	15325567	75	41	35.34	1.50796	NA	116	1	NA	NA
chr18	47349692	59	14	19.18	1.50796	NA	73	1	NA	NA
chr18	73001045	63	8	11.27	1.50796	NA	71	1	NA	NA
chr19	9009581	16	8	33.33	1.2662	NA	24	0	NA	NA
chr19	9009582	16	8	33.33	1.2662	NA	24	0	NA	NA
chr19	9009627	17	8	32	1.2662	NA	25	0	NA	NA
chr19	9009630	17	8	32	1.2662	NA	25	0	NA	NA
chr19	9009640	20	7	25.93	1.2662	NA	27	0	NA	NA
chr19	9012858	28	3	9.68	1.2662	NA	31	1	NA	NA
chr19	12754673	107	8	6.96	1.28174	NA	115	1	NA	NA
chr19	34832801	11	10	47.62	1.45872	NA	21	0	NA	NA
chr19	43430819	97	6	5.83	1.45872	NA	103	1	NA	NA
chr19	52800555	25	2	7.41	1.45872	NA	27	0	NA	NA
chr19	55697824	22	13	37.14	1.45872	NA	35	1	NA	NA
chr2	905651	60	5	7.69	1.65015	NA	65	1	NA	NA
chr2	89103982	41	14	25.45	1.65015	NA	55	1	NA	NA
chr2	89104333	111	25	18.38	1.65015	NA	136	1	NA	NA
chr2	95474269	86	18	17.31	1.65015	NA	104	1	NA	NA
chr2	95502527	60	10	14.29	1.65015	NA	70	1	NA	NA
chr2	95511218	104	20	16.13	1.65015	NA	124	1	NA	NA
chr2	95514983	109	9	7.63	1.65015	NA	118	1	NA	NA
chr2	96516069	97	26	21.14	1.65015	NA	123	1	NA	NA
chr2	96517733	339	28	7.63	1.65015	NA	367	1	NA	NA
chr2	96522086	122	19	13.48	1.65015	NA	141	1	NA	NA
chr2	96525453	23	14	37.84	1.65015	NA	37	1	NA	NA
chr2	96574438	74	8	9.76	1.65015	NA	82	1	NA	NA
chr2	96604765	122	14	10.29	1.65015	NA	136	1	NA	NA
chr2	96610546	31	10	24.39	1.65015	NA	41	1	NA	NA
chr2	96619773	59	8	11.94	1.65015	NA	67	1	NA	NA
chr2	97858660	52	14	21.21	1.65015	NA	66	1	NA	NA
chr2	97858687	56	10	15.15	1.65015	NA	66	1	NA	NA
chr2	98128352	273	32	10.49	1.65015	NA	305	1	NA	NA
chr2	109371471	99	14	12.39	1.65015	NA	113	1	NA	NA
chr2	114257443	30	6	16.67	1.65015	NA	36	1	NA	NA
chr2	114352916	47	23	32.86	1.65015	NA	70	1	NA	NA
chr2	114355998	102	15	12.82	1.65015	NA	117	1	NA	NA
chr2	130897559	26	10	27.78	1.65015	NA	36	1	NA	NA
chr2	132045038	103	12	10.43	1.65015	NA	115	1	NA	NA
chr2	132045049	95	12	11.21	1.65015	NA	107	1	NA	NA
chr2	132045060	92	10	9.8	1.65015	NA	102	1	NA	NA
chr2	132201177	41	11	21.15	1.65015	NA	52	1	NA	NA
chr2	132201189	39	16	29.09	1.65015	NA	55	1	NA	NA
chr2	132201202	39	21	35	1.65015	NA	60	1	NA	NA
chr2	132357519	23	4	14.81	1.65015	NA	27	0	NA	NA
chr2	133015021	17	4	19.05	1.65015	NA	21	0	NA	NA
chr2	133015034	23	7	23.33	1.65015	NA	30	1	NA	NA
chr2	133015230	231	21	8.33	1.65015	NA	252	1	NA	NA
chr2	133015252	177	19	9.69	1.65015	NA	196	1	NA	NA
chr2	133015276	150	14	8.54	1.65015	NA	164	1	NA	NA
chr2	133015285	176	12	6.38	1.65015	NA	188	1	NA	NA
chr2	133015299	204	18	8.11	1.65015	NA	222	1	NA	NA
chr2	133015300	187	38	16.89	1.65015	NA	225	1	NA	NA
chr2	133015301	212	12	5.36	1.65015	NA	224	1	NA	NA
chr2	133015309	212	26	10.92	1.65015	NA	238	1	NA	NA
chr2	133015321	215	36	14.34	1.65015	NA	251	1	NA	NA
chr2	133015333	211	21	9.05	1.65015	NA	232	1	NA	NA
chr2	133015453	120	11	8.4	1.65015	NA	131	1	NA	NA
chr2	163253327	22	8	26.67	1.65015	NA	30	1	NA	NA
chr2	179523611	30	7	18.92	1.65015	NA	37	1	NA	NA
chr2	179523649	14	6	30	1.65015	NA	20	0	NA	NA
chr2	202211384	29	3	9.38	1.65015	NA	32	1	NA	NA
chr2	203997760	23	9	28.12	1.65015	NA	32	1	NA	NA
chr2	204055840	205	37	15.29	1.65015	NA	242	1	NA	NA
chr2	220037712	21	2	8.7	1.65015	NA	23	0	NA	NA
chr2	220046840	20	2	9.09	1.65015	NA	22	0	NA	NA
chr2	220356988	20	2	9.09	1.65015	NA	22	0	NA	NA
chr2	232673155	29	10	25.64	1.65015	NA	39	1	NA	NA
chr20	25752845	153	12	7.27	1.66221	NA	165	1	NA	NA
chr20	25753564	113	17	13.08	1.66221	NA	130	1	NA	NA
chr20	25753571	116	20	14.71	1.66221	NA	136	1	NA	NA
chr20	25753866	62	7	10.14	1.66221	NA	69	1	NA	NA
chr20	26084172	57	6	9.52	1.66221	NA	63	1	NA	NA
chr20	26084175	58	6	9.38	1.66221	NA	64	1	NA	NA
chr20	26084193	58	4	6.45	1.66221	NA	62	1	NA	NA
chr20	26084194	59	4	6.35	1.66221	NA	63	1	NA	NA
chr20	26084196	59	4	6.35	1.66221	NA	63	1	NA	NA
chr20	26084209	65	8	10.96	1.66221	NA	73	1	NA	NA
chr20	26189376	107	11	9.32	0.628332	NA	118	1	NA	NA
chr20	29623105	94	22	18.97	1.85189	2	116	1	1	1.000000001
chr20	29623179	213	21	8.97	1.85189	2	234	1	1	1.000000001
chr20	29624093	155	13	7.74	1.85189	2	168	1	1	1.000000001
chr20	29626045	194	16	7.62	1.85189	2	210	1	1	1.000000001
chr20	29632583	317	21	6.21	1.85189	2	338	1	1	1.000000001
chr20	29632660	477	62	11.5	1.85189	2	539	1	1	1.000000001
chr20	29632680	474	36	7.06	1.85189	2	510	1	1	1.000000001
chr20	29632751	388	54	12.22	1.85189	2	442	1	1	1.000000001
chr20	29632851	143	18	11.18	1.85189	2	161	1	1	1.000000001
chr20	29633987	268	28	9.46	1.85189	2	296	1	1	1.000000001
chr20	29637804	192	26	11.93	1.85189	2	218	1	1	1.000000001
chr20	62551281	35	9	20.45	1.85189	2	44	1	1	1.000000001
chr20	62922991	71	10	12.35	1.85189	2	81	1	1	1.000000001
chr21	9907346	79	13	14.13	1.50473	NA	92	1	NA	NA
chr21	9908275	108	16	12.9	1.50473	NA	124	1	NA	NA
chr21	9908294	117	13	10	1.50473	NA	130	1	NA	NA
chr21	9908297	110	12	9.84	1.50473	NA	122	1	NA	NA
chr21	9908298	115	13	10.16	1.50473	NA	128	1	NA	NA
chr21	9908306	120	13	9.77	1.50473	NA	133	1	NA	NA
chr21	9909841	23	8	25.81	1.50473	NA	31	1	NA	NA
chr21	9909845	23	8	25.81	1.50473	NA	31	1	NA	NA
chr21	9910558	52	8	13.33	1.50473	NA	60	1	NA	NA
chr21	9910615	48	3	5.88	1.50473	NA	51	1	NA	NA
chr21	9910616	46	3	6.12	1.50473	NA	49	1	NA	NA
chr21	9912145	28	12	30	1.50473	NA	40	1	NA	NA
chr21	9912161	27	13	32.5	1.50473	NA	40	1	NA	NA
chr21	9912177	28	7	20	1.50473	NA	35	1	NA	NA
chr21	9912181	29	6	17.14	1.50473	NA	35	1	NA	NA
chr21	9912186	30	6	16.67	1.50473	NA	36	1	NA	NA
chr21	9927174	132	21	13.73	1.50473	NA	153	1	NA	NA
chr21	10942981	57	13	18.57	1.50473	NA	70	1	NA	NA
chr21	11020778	97	9	8.49	1.50473	NA	106	1	NA	NA
chr21	11020826	109	16	12.8	1.50473	NA	125	1	NA	NA
chr21	11020831	111	17	13.28	1.50473	NA	128	1	NA	NA
chr21	11058081	175	18	9.33	1.50473	NA	193	1	NA	NA
chr21	11058248	94	9	8.74	1.50473	NA	103	1	NA	NA
chr21	15219244	87	24	21.62	1.50473	NA	111	1	NA	NA
chr21	15219253	91	20	18.02	1.50473	NA	111	1	NA	NA
chr21	15219258	93	20	17.7	1.50473	NA	113	1	NA	NA
chr21	15219261	88	17	16.19	1.50473	NA	105	1	NA	NA
chr21	15219265	94	20	17.54	1.50473	NA	114	1	NA	NA
chr21	15219267	96	19	16.52	1.50473	NA	115	1	NA	NA
chr21	15219271	99	20	16.81	1.50473	NA	119	1	NA	NA
chr21	15219367	80	24	23.08	1.50473	NA	104	1	NA	NA
chr21	15219376	77	30	28.04	1.50473	NA	107	1	NA	NA
chr21	15219381	76	31	28.97	1.50473	NA	107	1	NA	NA
chr21	15219383	74	31	29.52	1.50473	NA	105	1	NA	NA
chr21	15343651	65	8	10.96	1.50473	NA	73	1	NA	NA
chr21	15343666	49	9	15.52	1.50473	NA	58	1	NA	NA
chr21	15343669	49	9	15.52	1.50473	NA	58	1	NA	NA
chr21	20230625	44	28	38.89	1.50473	NA	72	1	NA	NA
chr21	20230626	43	29	40.28	1.50473	NA	72	1	NA	NA
chr22	16914195	63	16	20.25	1.62203	NA	79	1	NA	NA
chr22	16914198	56	15	21.13	1.62203	NA	71	1	NA	NA
chr22	21481385	36	11	23.4	1.62203	NA	47	1	NA	NA
chr22	22663086	26	10	27.78	1.62203	NA	36	1	NA	NA
chr22	22663087	27	10	27.03	1.62203	NA	37	1	NA	NA
chr22	22976553	88	7	7.37	1.62203	NA	95	1	NA	NA
chr22	22977640	26	9	25.71	1.62203	NA	35	1	NA	NA
chr22	22985902	100	17	14.53	1.62203	NA	117	1	NA	NA
chr22	25010828	21	6	22.22	1.62203	NA	27	0	NA	NA
chr22	37462962	23	3	11.54	1.62203	NA	26	0	NA	NA
chr22	38710202	28	2	6.67	1.62203	NA	30	1	NA	NA
chr22	39436645	17	8	32	1.62203	NA	25	0	NA	NA
chr22	42973073	27	2	6.9	1.62203	NA	29	0	NA	NA
chr3	4774807	18	4	18.18	1.88518	2	22	0	NA	NA
chr3	9956279	18	2	10	1.88518	2	20	0	NA	NA
chr3	46491418	21	7	25	1.88518	2	28	0	NA	NA
chr3	53218937	16	10	38.46	1.88518	2	26	0	NA	NA
chr3	124149550	18	10	35.71	2.00153	2	28	0	NA	NA
chr3	182603845	64	11	14.67	1.99889	2	75	1	1	1.000000001
chr3	195410627	54	4	6.9	1.99889	2	58	1	1	1.000000001
chr3	195506227	101	11	9.82	1.99889	2	112	1	1	1.000000001
chr3	195506271	109	14	11.38	1.99889	2	123	1	1	1.000000001
chr3	195507399	133	30	18.4	1.99889	2	163	1	1	1.000000001
chr3	195507591	135	52	27.81	1.99889	2	187	1	1	1.000000001
chr3	195507592	210	21	9.09	1.99889	2	231	1	1	1.000000001
chr3	195507605	177	27	13.24	1.99889	2	204	1	1	1.000000001
chr3	195507614	174	25	12.56	1.99889	2	199	1	1	1.000000001
chr3	195507620	187	20	9.66	1.99889	2	207	1	1	1.000000001
chr3	195507999	202	27	11.79	1.99889	2	229	1	1	1.000000001
chr3	195509573	221	45	16.92	1.99889	2	266	1	1	1.000000001
chr3	195509832	287	29	9.18	1.99889	2	316	1	1	1.000000001
chr3	195509843	252	28	10	1.99889	2	280	1	1	1.000000001
chr3	195509865	249	27	9.78	1.99889	2	276	1	1	1.000000001
chr3	195510121	160	15	8.57	1.99889	2	175	1	1	1.000000001
chr3	195510134	165	15	8.33	1.99889	2	180	1	1	1.000000001
chr3	195511412	232	42	15.33	1.99889	2	274	1	1	1.000000001
chr3	195511431	216	27	11.11	1.99889	2	243	1	1	1.000000001
chr4	3891278	62	4	6.06	1.53336	NA	66	1	NA	NA
chr4	9250386	367	38	9.38	1.53336	NA	405	1	NA	NA
chr4	49214875	150	14	8.54	1.53336	NA	164	1	NA	NA
chr4	49502683	69	8	10.39	1.53336	NA	77	1	NA	NA
chr4	49504475	109	8	6.84	1.53336	NA	117	1	NA	NA
chr4	77003038	23	12	34.29	1.53336	NA	35	1	NA	NA
chr4	103826631	25	12	32.43	1.78955	2	37	1	1	1.000000001
chr4	103826651	31	13	29.55	1.78955	2	44	1	1	1.000000001
chr4	119436335	65	15	18.75	1.78955	2	80	1	1	1.000000001
chr4	119555183	106	15	12.4	1.79639	2	121	1	1	1.000000001
chr4	145041741	25	10	28.57	1.79639	2	35	1	1	1.000000001
chr4	145041750	22	10	31.25	1.79639	2	32	1	1	1.000000001
chr4	151789027	15	5	25	1.79639	2	20	0	NA	NA
chr5	21482620	319	50	13.55	2.63902	NA	369	1	NA	NA
chr5	68930736	205	38	15.64	1.30053	NA	243	1	NA	NA
chr5	69405700	49	3	5.77	1.30053	NA	52	1	NA	NA
chr5	85580819	51	7	12.07	1.29226	NA	58	1	NA	NA
chr5	98858400	113	22	16.3	1.29226	NA	135	1	NA	NA
chr5	98858401	116	22	15.94	1.29226	NA	138	1	NA	NA
chr5	140041125	26	3	10.34	1.29226	NA	29	0	NA	NA
chr5	140503540	21	2	8.7	1.29226	NA	23	0	NA	NA
chr5	140604407	34	42	55.26	1.29226	NA	76	1	NA	NA
chr5	140720828	12	24	66.67	1.29226	NA	36	1	NA	NA
chr5	140789184	17	5	22.73	1.29226	NA	22	0	NA	NA
chr6	26867137	237	15	5.95	5.88523	NA	252	1	NA	NA
chr6	29910482	1	15	93.75	1.45246	NA	16	0	NA	NA
chr6	30228249	35	2	5.41	1.45246	NA	37	1	NA	NA
chr6	31932060	19	2	9.52	1.45246	NA	21	0	NA	NA
chr6	32485298	27	9	25	1.45246	NA	36	1	NA	NA
chr6	32485311	28	9	24.32	1.45246	NA	37	1	NA	NA
chr6	32485312	28	10	26.32	1.45246	NA	38	1	NA	NA
chr6	32485320	27	9	25	1.45246	NA	36	1	NA	NA
chr6	32485387	33	7	17.5	1.45246	NA	40	1	NA	NA
chr6	32485413	29	11	27.5	1.45246	NA	40	1	NA	NA
chr6	32485440	31	12	27.91	1.45246	NA	43	1	NA	NA
chr6	32485454	30	7	18.92	1.45246	NA	37	1	NA	NA
chr6	32485481	31	9	22.5	1.45246	NA	40	1	NA	NA
chr6	32497868	16	9	36	1.45246	NA	25	0	NA	NA
chr6	32497870	25	8	24.24	1.45246	NA	33	1	NA	NA
chr6	32497900	30	14	31.82	1.45246	NA	44	1	NA	NA
chr6	32546893	18	4	18.18	1.45246	NA	22	0	NA	NA
chr6	32546894	18	4	18.18	1.45246	NA	22	0	NA	NA
chr6	32546896	17	4	19.05	1.45246	NA	21	0	NA	NA
chr6	32546899	16	4	20	1.45246	NA	20	0	NA	NA
chr6	54074940	83	7	7.78	1.45246	NA	90	1	NA	NA
chr6	54074945	80	7	8.05	1.45246	NA	87	1	NA	NA
chr6	93950512	40	15	27.27	1.9935	2	55	1	1	1.000000001
chr6	114259916	38	18	32.14	1.9935	2	56	1	1	1.000000001
chr6	150571147	24	13	35.14	1.9935	2	37	1	1	1.000000001
chr6	168377052	32	12	27.27	1.9935	2	44	1	1	1.000000001
chr6	168377064	44	6	12	1.9935	2	50	1	1	1.000000001
chr7	44422767	36	9	20	1.77387	2	45	1	1	1.000000001
chr7	63204550	60	5	7.69	1.77387	2	65	1	1	1.000000001
chr7	63205964	21	4	16	1.77387	2	25	0	NA	NA
chr7	63219086	78	5	6.02	1.77387	2	83	1	1	1.000000001
chr7	63220674	31	7	18.42	1.77387	2	38	1	1	1.000000001
chr7	65306526	77	9	10.47	1.77387	2	86	1	1	1.000000001
chr7	75133250	54	34	38.64	1.77387	2	88	1	1	1.000000001
chr7	100018246	38	25	39.68	1.77387	2	63	1	1	1.000000001
chr7	100655546	41	16	28.07	1.77387	2	57	1	1	1.000000001
chr7	102739235	70	15	17.65	1.77387	2	85	1	1	1.000000001
chr7	102739267	57	19	25	1.77387	2	76	1	1	1.000000001
chr7	128292449	131	10	7.09	1.77387	2	141	1	1	1.000000001
chr7	128292479	122	15	10.95	1.77387	2	137	1	1	1.000000001
chr7	128292496	110	14	11.29	1.77387	2	124	1	1	1.000000001
chr7	128294385	94	9	8.74	1.77387	2	103	1	1	1.000000001
chr7	128294398	86	16	15.69	1.77387	2	102	1	1	1.000000001
chr7	128294438	80	21	20.79	1.77387	2	101	1	1	1.000000001
chr7	130027892	19	2	9.52	1.77387	2	21	0	NA	NA
chr7	140055428	29	8	21.62	1.77387	2	37	1	1	1.000000001
chr7	141778133	12	12	50	1.77387	2	24	0	NA	NA
chr7	142457343	50	18	26.47	1.77387	2	68	1	1	1.000000001
chr7	142457347	54	17	23.94	1.77387	2	71	1	1	1.000000001
chr7	142457365	45	17	27.42	1.77387	2	62	1	1	1.000000001
chr7	142457375	39	14	26.42	1.77387	2	53	1	1	1.000000001
chr7	142457382	30	14	31.82	1.77387	2	44	1	1	1.000000001
chr7	142457386	32	12	27.27	1.77387	2	44	1	1	1.000000001
chr7	142457473	27	6	18.18	1.77387	2	33	1	1	1.000000001
chr7	142458610	59	5	7.81	1.77387	2	64	1	1	1.000000001
chr7	142479912	54	8	12.9	1.77387	2	62	1	1	1.000000001
chr7	142479917	50	8	13.79	1.77387	2	58	1	1	1.000000001
chr7	142651002	23	6	20.69	1.77387	2	29	0	NA	NA
chr7	143882889	121	20	14.18	1.77387	2	141	1	1	1.000000001
chr7	151926945	143	24	14.37	1.77387	2	167	1	1	1.000000001
chr7	151945101	157	41	20.71	1.77387	2	198	1	1	1.000000001
chr7	151962157	25	2	7.41	1.77387	2	27	0	NA	NA
chr8	163432	56	12	17.65	1.35811	NA	68	1	NA	NA
chr8	6856441	28	10	26.32	1.35811	NA	38	1	NA	NA
chr8	7450073	60	20	25	1.35811	NA	80	1	NA	NA
chr8	7883049	51	9	15	1.35811	NA	60	1	NA	NA
chr8	24775396	47	17	26.56	3.21496	3	64	1	NA	NA
chr8	59501147	39	16	29.09	2.47306	NA	55	1	NA	NA
chr8	86569216	86	11	11.34	2.47306	NA	97	1	NA	NA
chr8	86572002	326	33	9.19	2.47306	NA	359	1	NA	NA
chr8	86572261	891	53	5.61	2.47306	NA	945	1	NA	NA
chr8	131065699	58	41	41.41	2.47306	NA	99	1	NA	NA
chr9	33385771	37	13	26	1.43098	NA	50	1	NA	NA
chr9	33385828	20	14	41.18	1.43098	NA	34	1	NA	NA
chr9	33795288	22	7	24.14	1.43098	NA	29	0	NA	NA
chr9	33795293	21	7	25	1.43098	NA	28	0	NA	NA
chr9	33795311	17	8	32	1.43098	NA	25	0	NA	NA
chr9	33795317	15	7	31.82	1.43098	NA	22	0	NA	NA
chr9	33795318	16	6	27.27	1.43098	NA	22	0	NA	NA
chr9	33795337	20	8	28.57	1.43098	NA	28	0	NA	NA
chr9	33795441	54	12	18.18	1.43098	NA	66	1	NA	NA
chr9	33795475	53	14	20.9	1.43098	NA	67	1	NA	NA
chr9	33795480	57	14	19.72	1.43098	NA	71	1	NA	NA
chr9	33797828	101	16	13.68	1.43098	NA	117	1	NA	NA
chr9	33798998	23	7	23.33	1.43098	NA	30	1	NA	NA
chr9	33799010	30	5	14.29	1.43098	NA	35	1	NA	NA
chr9	33799026	25	7	21.88	1.43098	NA	32	1	NA	NA
chr9	33799163	28	17	37.78	1.43098	NA	45	1	NA	NA
chr9	38541604	36	13	26.53	1.74473	NA	49	1	NA	NA
chr9	38541610	33	14	29.79	1.74473	NA	47	1	NA	NA
chr9	38541627	25	15	37.5	1.74473	NA	40	1	NA	NA
chr9	41958963	62	15	19.48	1.74473	NA	77	1	NA	NA
chr9	44090561	36	10	21.74	1.74473	NA	46	1	NA	NA
chr9	44091168	18	6	25	1.74473	NA	24	0	NA	NA
chr9	45424492	38	8	17.39	1.74473	NA	46	1	NA	NA
chr9	45424494	37	7	15.91	1.74473	NA	44	1	NA	NA
chr9	45424509	44	4	8.33	1.74473	NA	48	1	NA	NA
chr9	45424513	35	12	25.53	1.74473	NA	47	1	NA	NA
chr9	45727954	9	44	83.02	1.74473	NA	53	1	NA	NA
chr9	45728315	160	26	13.98	1.74473	NA	186	1	NA	NA
chr9	66499550	12	8	40	1.74473	NA	20	0	NA	NA
chr9	66499571	17	8	32	1.74473	NA	25	0	NA	NA
chr9	66499572	18	8	30.77	1.74473	NA	26	0	NA	NA
chr9	66499596	24	8	25	1.74473	NA	32	1	NA	NA
chr9	66499601	25	8	24.24	1.74473	NA	33	1	NA	NA
chr9	66499623	32	4	11.11	1.74473	NA	36	1	NA	NA
chr9	66499624	32	4	11.11	1.74473	NA	36	1	NA	NA
chr9	66499654	34	9	20.93	1.74473	NA	43	1	NA	NA
chr9	66499694	100	19	15.97	1.74473	NA	119	1	NA	NA
chr9	66499897	80	26	24.53	1.74473	NA	106	1	NA	NA
chr9	66500737	53	8	13.11	1.74473	NA	61	1	NA	NA
chr9	66500772	77	9	10.47	1.74473	NA	86	1	NA	NA
chr9	66513727	124	21	14.48	1.74473	NA	145	1	NA	NA
chr9	66513728	131	20	13.25	1.74473	NA	151	1	NA	NA
chr9	66664990	67	14	17.28	1.74473	NA	81	1	NA	NA
chr9	66665037	66	12	15.38	1.74473	NA	78	1	NA	NA
chr9	66665195	72	12	14.29	1.74473	NA	84	1	NA	NA
chr9	67032173	19	4	17.39	1.74473	NA	23	0	NA	NA
chr9	67281745	23	15	39.47	1.74473	NA	38	1	NA	NA
chr9	67293352	49	6	10.91	1.74473	NA	55	1	NA	NA
chr9	67303058	83	6	6.74	1.74473	NA	89	1	NA	NA
chr9	68315958	33	7	17.5	1.74473	NA	40	1	NA	NA
chr9	68316034	28	12	30	1.74473	NA	40	1	NA	NA
chr9	68427840	350	59	14.43	1.74473	NA	409	1	NA	NA
chr9	68427854	357	63	15	1.74473	NA	420	1	NA	NA
chr9	68427863	349	57	14.04	1.74473	NA	406	1	NA	NA
chr9	68427892	293	44	13.06	1.74473	NA	337	1	NA	NA
chr9	68427898	271	29	9.67	1.74473	NA	300	1	NA	NA
chr9	68427905	183	58	24.07	1.74473	NA	241	1	NA	NA
chr9	68427942	85	25	22.73	1.74473	NA	110	1	NA	NA
chr9	68427978	120	14	10.45	1.74473	NA	134	1	NA	NA
chr9	68427988	129	13	9.15	1.74473	NA	142	1	NA	NA
chr9	68430404	403	50	11.04	1.74473	NA	453	1	NA	NA
chr9	68433372	42	9	17.65	1.74473	NA	51	1	NA	NA
chr9	68433612	133	29	17.9	1.74473	NA	162	1	NA	NA
chr9	68438712	64	14	17.95	1.74473	NA	78	1	NA	NA
chr9	69082128	53	10	15.87	1.74473	NA	63	1	NA	NA
chr9	69083162	85	14	14.14	1.74473	NA	99	1	NA	NA
chr9	69391206	95	21	18.1	1.74473	NA	116	1	NA	NA
chr9	69423519	30	4	11.76	1.74473	NA	34	1	NA	NA
chr9	69423521	28	4	12.5	1.74473	NA	32	1	NA	NA
chr9	69423555	97	9	8.49	1.74473	NA	106	1	NA	NA
chr9	96294506	20	15	42.86	1.87957	2	35	1	1	1.000000001
chr9	96441806	29	3	9.38	1.87957	2	32	1	1	1.000000001
chr9	99943392	17	10	37.04	1.87957	2	27	0	NA	NA
chr9	101915656	72	10	12.2	1.87957	2	82	1	1	1.000000001
chr9	108398788	41	12	22.64	1.87957	2	53	1	1	1.000000001
chr9	120474757	46	20	30.3	1.87957	2	66	1	1	1.000000001
chr9	141070719	66	11	14.29	1.87957	2	77	1	1	1.000000001
chr9	141070768	81	14	14.74	1.87957	2	95	1	1	1.000000001
chrX	3523493	131	9	6.43	1.57505	NA	140	1	NA	NA
chrX	17746115	15	11	42.31	1.57505	NA	26	0	NA	NA
chrX	24383032	30	2	6.25	1.82589	2	32	1	1	1.000000001
chrX	30889836	33	25	43.1	1.82589	2	58	1	1	1.000000001
chrX	73017644	54	6	10	1.82589	2	60	1	1	1.000000001
chrX	91369341	75	9	10.71	1.82589	2	84	1	1	1.000000001
chrX	100879520	32	16	33.33	1.82589	2	48	1	1	1.000000001
chrX	118603864	31	8	20.51	1.82589	2	39	1	1	1.000000001
chrX	118603869	31	6	16.22	1.82589	2	37	1	1	1.000000001
chrX	118603872	30	6	16.67	1.82589	2	36	1	1	1.000000001
chrX	118603873	30	6	16.67	1.82589	2	36	1	1	1.000000001
chrX	118603881	27	6	18.18	1.82589	2	33	1	1	1.000000001
chrX	118603894	27	6	18.18	1.82589	2	33	1	1	1.000000001
chrX	118603958	19	7	26.92	1.82589	2	26	0	NA	NA
chrX	140993827	286	17	5.61	1.91401	2	303	1	1	1.000000001
chrX	140993886	248	18	6.77	1.91401	2	266	1	1	1.000000001
chrX	151896494	29	22	43.14	1.91401	2	51	1	1	1.000000001
chrX	152158437	19	12	38.71	1.91401	2	31	1	1	1.000000001
chrX	153052397	34	3	8.11	1.91401	2	37	1	1	1.000000001
chrX	153706287	15	8	34.78	1.91401	2	23	0	NA	NA
chrX	155251822	42	7	14.29	1.91401	2	49	1	1	1.000000001
