chr	st	BC14T.ref	BC14T.var	BC14T.vaf	BC14T.cn	BC14T.cleancn	BC14T.depth	adequateDepth	cluster	cluster.prob.1	cluster.prob.2	cluster.prob.3
chr1	136827	250	13	4.94	2.01419	2	263	1	3	1e-09	1.17320771946431e-09	1.00000000082679
chr1	1666251	14	6	30	2.01419	2	20	0	NA	NA	NA	NA
chr1	16360347	83	8	8.79	2.01419	2	91	1	3	1e-09	4.19498359634476e-06	0.999995807016404
chr1	16891149	99	18	15.38	2.01419	2	117	1	3	1e-09	0.0295669979577853	0.970433004042214
chr1	16892010	544	50	8.42	2.01419	2	594	1	3	1e-09	2.02571570292499e-06	0.999997976284297
chr1	33998665	24	3	11.11	2.01419	2	27	0	NA	NA	NA	NA
chr1	68627192	204	16	7.27	2.01419	2	220	1	3	1e-09	1.63606007357339e-07	0.999999838393993
chr1	68628370	32	13	28.89	2.01419	2	45	1	2	3.90462763993487e-06	0.985127050790958	0.0148690475814021
chr1	120190429	18	2	10	2.01419	2	20	0	NA	NA	NA	NA
chr1	142619511	92	12	11.54	2.01419	2	104	1	3	1e-09	0.000369611069096494	0.999630390930903
chr1	142670790	64	13	16.88	2.01419	2	77	1	3	1.00000000000001e-09	0.104017037831968	0.895982964168032
chr1	142803200	239	31	11.48	2.01419	2	270	1	3	1e-09	0.000340051665113265	0.999659950334887
chr1	142803436	82	9	9.89	2.01419	2	91	1	3	1e-09	3.0063188961315e-05	0.999969938811039
chr1	142803471	111	6	5.13	2.01419	2	117	1	3	1e-09	1.34174809824433e-09	1.00000000065825
chr1	142805919	117	7	5.65	2.01419	2	124	1	3	1e-09	2.92516490277717e-09	0.999999999074835
chr1	142806369	346	33	8.71	2.01419	2	379	1	3	1e-09	3.5949359515301e-06	0.999996407064049
chr1	142808236	300	26	7.98	2.01419	2	326	1	3	1e-09	8.11433058739558e-07	0.999999190566941
chr1	142815377	307	21	6.4	2.01419	2	328	1	3	1e-09	1.85242289984751e-08	0.999999983475771
chr1	142815938	733	47	6.03	2.01419	2	779	1	3	1e-09	7.12165948628513e-09	0.99999999487834
chr1	142816524	224	11	4.68	2.01419	2	235	1	3	1e-09	1.06519570202913e-09	1.0000000009348
chr1	142816557	182	12	6.19	2.01419	2	194	1	3	1e-09	1.07294214306334e-08	0.999999991270578
chr1	142828328	102	15	12.82	2.01419	2	117	1	3	1e-09	0.00193932583438632	0.998060676165614
chr1	143166713	132	8	5.71	2.01419	2	140	1	3	1e-09	3.32388230115711e-09	0.999999998676118
chr1	143166715	129	8	5.84	2.01419	2	137	1	3	1e-09	4.46857247613024e-09	0.999999997531427
chr1	144854363	53	16	23.19	2.01419	2	69	1	2	1.00162068340689e-09	0.874830292968658	0.125169709029722
chr1	144854370	45	14	23.73	2.01419	2	59	1	2	1.00845730969681e-09	0.900838423335991	0.0991615786555515
chr1	145302029	23	6	20.69	2.01419	2	29	0	NA	NA	NA	NA
chr1	145352465	39	10	20.41	2.01419	2	49	1	2	1.00000009720131e-09	0.597769778697595	0.402230223302405
chr1	145370377	167	38	18.54	2.01419	2	205	1	3	1.00000000003068e-09	0.297125919952946	0.702874082047054
chr1	148890273	59	8	11.94	2.01419	2	67	1	3	1e-09	0.000635636753470925	0.999364365246529
chr1	149285864	148	26	14.94	2.01419	2	174	1	3	1e-09	0.0194827511342953	0.980517250865705
chr1	149646993	97	19	16.38	2.01419	2	116	1	3	1e-09	0.0704444998983468	0.929555502101653
chr1	150446350	52	9	14.75	2.01419	2	61	1	3	1e-09	0.0161667758018587	0.983833226198141
chr1	153734130	36	7	16.28	2.01419	2	43	1	3	1e-09	0.0649227983541705	0.935077203645829
chr1	181770472	64	9	12.33	2.01419	2	73	1	3	1e-09	0.00105531491855535	0.998944687081444
chr1	200944537	21	4	16	2.01419	2	25	0	NA	NA	NA	NA
chr10	24874756	77	21	21.43	1.88976	2	98	1	2	1.00000449488961e-09	0.732071031031072	0.267928970968924
chr10	38738775	55	3	5.17	1.88976	2	58	1	3	1e-09	1.39294639237807e-09	1.00000000060705
chr10	42831039	49	9	15.52	1.88976	2	58	1	3	1e-09	0.0336149515408027	0.966385050459197
chr10	42949219	53	16	23.19	1.88976	2	69	1	2	1.00162068340689e-09	0.874830292968658	0.125169709029722
chr10	42949261	65	17	20.73	1.88976	2	82	1	2	1.00000033621375e-09	0.643982716215649	0.356017285784351
chr10	42949270	66	16	19.51	1.88976	2	82	1	3	1.00000000240858e-09	0.453926736508217	0.546073265491783
chr10	73269997	13	4	23.53	1.88976	2	17	0	NA	NA	NA	NA
chr10	102791204	29	3	9.38	1.88976	2	32	1	3	1e-09	1.24790319673986e-05	0.999987522968033
chr10	126677013	546	33	5.7	1.88976	2	579	1	3	1e-09	3.25245013108044e-09	0.99999999874755
chr10	126677253	866	44	4.84	1.88976	2	909	1	3	1e-09	1.11974771681952e-09	1.00000000088025
chr10	126677393	409	36	8.09	1.88976	2	445	1	3	1e-09	1.02534858234847e-06	0.999998976651418
chr10	126677541	312	35	10.09	1.88976	2	347	1	3	1e-09	4.18251766351232e-05	0.999958176823365
chr10	126678110	211	10	4.52	1.88976	2	221	1	3	1e-09	1.03469686227667e-09	1.0000000009653
chr10	127585309	38	5	11.63	1.88976	2	43	1	3	1e-09	0.000418415006744664	0.999581586993255
chr10	127585328	32	5	13.51	1.88976	2	37	1	3	1e-09	0.00434514276534613	0.995654859234654
chr10	135439287	29	13	30.95	1.88976	2	42	1	2	0.000231155139216855	0.991293320768485	0.00847552709229817
chr10	135439300	37	14	27.45	1.88976	2	51	1	2	1.59963775806733e-07	0.976461293455319	0.0235385495809048
chr11	1016779	784	75	8.73	1.84485	2	859	1	3	1e-09	3.73695251350667e-06	0.999996265047487
chr11	1016789	796	74	8.51	1.84485	2	870	1	3	1e-09	2.42623538653243e-06	0.999997575764613
chr11	1016802	831	67	7.46	1.84485	2	898	1	3	1e-09	2.55183062789798e-07	0.999999746816937
chr11	1016906	647	34	4.99	1.84485	2	681	1	3	1e-09	1.20768712264954e-09	1.00000000079231
chr11	1016934	534	63	10.55	1.84485	2	597	1	3	1e-09	8.68354203826873e-05	0.999913166579617
chr11	1016954	571	30	4.99	1.84485	2	601	1	3	1e-09	1.20768712264954e-09	1.00000000079231
chr11	1016961	564	30	5.05	1.84485	2	594	1	3	1e-09	1.25757374357002e-09	1.00000000074243
chr11	1016970	552	29	4.99	1.84485	2	581	1	3	1e-09	1.20768712264954e-09	1.00000000079231
chr11	1017024	488	25	4.87	1.84485	2	513	1	3	1e-09	1.13388421208492e-09	1.00000000086612
chr11	1017307	393	45	10.27	1.84485	2	438	1	3	1e-09	5.5926635159852e-05	0.99994407536484
chr11	1017841	623	30	4.59	1.84485	2	654	1	3	1e-09	1.04585572736729e-09	1.00000000095414
chr11	1017870	718	44	5.77	1.84485	2	763	1	3	1e-09	3.79914796813173e-09	0.999999998200852
chr11	1017921	554	47	7.82	1.84485	2	601	1	3	1e-09	5.73595088186924e-07	0.999999428404912
chr11	1017941	417	57	12.03	1.84485	2	474	1	3	1e-09	0.000715849614092436	0.999284152385908
chr11	1018090	130	11	7.8	1.84485	2	141	1	3	1e-09	5.48950794872061e-07	0.999999453049205
chr11	1018091	124	10	7.46	1.84485	2	134	1	3	1e-09	2.55183062789798e-07	0.999999746816937
chr11	1018093	129	9	6.52	1.84485	2	138	1	3	1e-09	2.52958650604838e-08	0.999999976704135
chr11	1018095	137	9	6.16	1.84485	2	146	1	3	1e-09	9.92891518508713e-09	0.999999992071085
chr11	1018255	211	17	7.46	1.84485	2	228	1	3	1e-09	2.55183062789798e-07	0.999999746816937
chr11	1018275	248	21	7.81	1.84485	2	269	1	3	1e-09	5.61146413353055e-07	0.999999440853586
chr11	1018312	196	17	7.98	1.84485	2	213	1	3	1e-09	8.11433058739558e-07	0.999999190566941
chr11	1018321	191	19	9.05	1.84485	2	210	1	3	1e-09	6.85187629602312e-06	0.999993150123704
chr11	1908561	42	13	23.64	1.84485	2	55	1	2	1.00645062760538e-09	0.896939560163028	0.103060441830521
chr11	4608262	213	23	9.75	1.84485	2	236	1	3	1e-09	2.37453710845855e-05	0.999976256628916
chr11	7670327	46	18	28.12	1.87553	2	64	1	2	7.32972041871437e-07	0.981122260819153	0.0188770092088054
chr11	46401759	29	6	17.14	1.87553	2	35	1	3	1.00000000000003e-09	0.125786226001548	0.874213775998452
chr11	56143858	73	8	9.88	1.87553	2	81	1	3	1e-09	2.95647481828626e-05	0.999970437251817
chr12	3949568	64	7	9.86	1.87657	2	71	1	3	1e-09	2.85907893636794e-05	0.999971411210636
chr12	8327883	74	18	19.57	1.87657	2	92	1	3	1.00000000311314e-09	0.463878349535036	0.536121652464964
chr12	8353200	88	10	10.2	1.87657	2	98	1	3	1e-09	4.99880622665566e-05	0.999950013937733
chr12	11174515	122	13	9.63	1.87657	2	135	1	3	1e-09	1.93356165066615e-05	0.999980666383493
chr12	11244091	99	22	18.18	1.87657	2	121	1	3	1.00000000000546e-09	0.244871785810362	0.755128216189638
chr12	11244096	99	20	16.81	1.87657	2	119	1	3	1e-09	0.0986803281946601	0.90131967380534
chr12	11244097	98	21	17.65	1.87657	2	119	1	3	1.00000000000038e-09	0.177799097016419	0.822200904983581
chr12	11244102	96	21	17.95	1.87657	2	117	1	3	1.00000000000175e-09	0.214203878471538	0.785796123528462
chr12	26877673	76	7	8.43	1.87657	2	83	1	3	1e-09	2.06695908065768e-06	0.999997935040919
chr12	50745821	85	7	7.61	1.87657	2	92	1	3	1e-09	3.59430689943076e-07	0.99999964256931
chr12	50745828	87	10	10.31	1.87657	2	97	1	3	1e-09	5.96071048424795e-05	0.999940394895157
chr12	50747056	110	15	12	1.87657	2	125	1	3	1e-09	0.000688132377750207	0.99931186962225
chr12	52946563	47	3	6	1.87657	2	50	1	3	1e-09	6.60384867160752e-09	0.999999995396151
chr12	123892843	45	7	13.46	1.87657	2	52	1	3	1e-09	0.00410614957457392	0.995893852425426
chr12	129557000	30	10	25	1.87657	2	40	1	2	1.32322750490975e-09	0.941545365802952	0.05845463587382
chr13	19422896	92	9	8.91	1.98467	2	101	1	3	1e-09	5.27197388219276e-06	0.999994730026118
chr13	19423724	76	9	10.59	1.98467	2	85	1	3	1e-09	9.23618543142276e-05	0.999907640145686
chr13	19433845	236	33	12.27	1.98467	2	269	1	3	1e-09	0.000977443532441864	0.999022558467558
chr13	103492303	54	12	18.18	1.98467	2	66	1	3	1.00000000000546e-09	0.244871785810362	0.755128216189638
chr13	113541389	35	10	22.22	1.98467	2	45	1	2	1.00006999187371e-09	0.808975043783346	0.191024958216584
chr14	19114475	182	12	6.19	1.88413	2	194	1	3	1e-09	1.07294214306334e-08	0.999999991270578
chr15	24410363	43	8	15.69	1.85343	2	51	1	3	1e-09	0.0391686194847738	0.960831382515226
chr15	32686392	30	10	25	1.85343	2	40	1	2	1.32322750490975e-09	0.941545365802952	0.05845463587382
chr15	40594606	48	9	15.79	1.85343	2	57	1	3	1e-09	0.0427905565589673	0.957209445441033
chr15	40758311	25	3	10.71	1.85343	2	28	0	NA	NA	NA	NA
chr15	44965454	30	3	9.09	1.85343	2	33	1	3	1e-09	7.37831500792196e-06	0.999992623684992
chr15	45389699	28	3	9.68	1.85343	2	31	1	3	1e-09	2.10713731955783e-05	0.999978930626805
chr15	74364150	71	8	10.13	1.8428	2	79	1	3	1e-09	4.46385694014815e-05	0.999955363430599
chr15	74364478	76	12	13.64	1.8428	2	88	1	3	1e-09	0.00502692344139201	0.994973078558608
chr15	76030135	76	22	22.45	1.8428	2	98	1	2	1.00015065786642e-09	0.827177388817925	0.172822613181925
chr16	726923	14	5	26.32	1.82286	2	19	0	NA	NA	NA	NA
chr16	2578991	26	4	13.33	1.82286	2	30	1	3	1e-09	0.00353970331346341	0.996460298686537
chr16	33961562	30	3	9.09	1.6106	NA	33	1	NA	NA	NA	NA
chr16	33961627	25	7	21.88	1.6106	NA	32	1	NA	NA	NA	NA
chr16	70013113	39	5	11.36	1.6106	NA	44	1	NA	NA	NA	NA
chr17	2575949	43	4	8.51	1.57287	NA	47	1	NA	NA	NA	NA
chr17	7259355	49	3	5.77	1.57287	NA	52	1	NA	NA	NA	NA
chr17	18060462	35	2	5.41	1.57287	NA	37	1	NA	NA	NA	NA
chr17	21322847	13	9	40.91	1.57287	NA	22	0	NA	NA	NA	NA
chr17	21906908	34	6	15	1.57287	NA	40	1	NA	NA	NA	NA
chr17	37360910	24	5	17.24	1.57287	NA	29	0	NA	NA	NA	NA
chr17	43593922	143	28	16.37	1.57287	NA	171	1	NA	NA	NA	NA
chr17	45214519	356	54	13.17	1.57287	NA	410	1	NA	NA	NA	NA
chr17	45214558	462	83	15.23	1.57287	NA	545	1	NA	NA	NA	NA
chr17	45214564	519	53	9.27	1.57287	NA	572	1	NA	NA	NA	NA
chr17	45214623	288	16	5.26	1.57287	NA	304	1	NA	NA	NA	NA
chr17	45214690	252	42	14.29	1.57287	NA	294	1	NA	NA	NA	NA
chr17	45221298	47	7	12.96	1.57287	NA	54	1	NA	NA	NA	NA
chr17	79878616	45	3	6.25	1.57287	NA	48	1	NA	NA	NA	NA
chr17	80401837	54	6	10	1.57287	NA	60	1	NA	NA	NA	NA
chr18	14204362	53	4	7.02	1.92466	2	57	1	3	1e-09	8.95058582388189e-08	0.999999912494142
chr18	15272452	103	8	7.21	1.92466	2	111	1	3	1e-09	1.4182485456412e-07	0.999999860175145
chr18	15272473	112	7	5.88	1.92466	2	119	1	3	1e-09	4.91576933041245e-09	0.999999997084231
chr18	15272476	106	7	6.19	1.92466	2	113	1	3	1e-09	1.07294214306334e-08	0.999999991270578
chr19	22785422	55	8	12.7	1.65095	NA	63	1	NA	NA	NA	NA
chr19	36339175	39	12	23.53	1.69208	NA	51	1	NA	NA	NA	NA
chr19	41038567	39	3	7.14	1.69208	NA	42	1	NA	NA	NA	NA
chr19	41518760	19	6	24	1.69208	NA	25	0	NA	NA	NA	NA
chr19	55359600	91	16	14.95	1.69208	NA	107	1	NA	NA	NA	NA
chr19	55377319	41	8	16.33	1.69208	NA	49	1	NA	NA	NA	NA
chr19	55377340	41	8	16.33	1.69208	NA	49	1	NA	NA	NA	NA
chr19	55377343	40	8	16.67	1.69208	NA	48	1	NA	NA	NA	NA
chr2	905492	107	68	38.86	1.92639	2	175	1	1	0.941955722954533	0.0579007091365671	0.000143570908899494
chr2	87355925	91	16	14.95	1.84152	2	107	1	3	1e-09	0.0196728917004727	0.980327110299527
chr2	92075628	87	19	17.92	1.84152	2	106	1	3	1.00000000000151e-09	0.210375608578105	0.789624393421895
chr2	95474449	57	5	8.06	1.84152	2	62	1	3	1e-09	9.62304265405282e-07	0.999999039695735
chr2	95474450	45	15	25	1.84152	2	60	1	2	1.32322750490975e-09	0.941545365802952	0.05845463587382
chr2	96517636	367	46	11.14	1.84152	2	413	1	3	1e-09	0.000209835852576	0.999790166147424
chr2	96522155	32	8	20	1.84152	2	40	1	2	1.00000001875821e-09	0.534146027762567	0.465853974237432
chr2	98128387	112	16	12.5	1.84152	2	128	1	3	1e-09	0.00130793322256393	0.998692068777436
chr2	112141374	68	23	25.27	1.84152	2	91	1	2	1.67345324086928e-09	0.947521223609202	0.0524787777173449
chr2	130832873	120	14	10.45	1.98	2	134	1	3	1e-09	7.43302421110611e-05	0.999925671757889
chr2	132383783	116	17	12.78	1.98	2	133	1	3	1e-09	0.0018474555993707	0.998152546400629
chr2	133014619	13	7	35	1.98	2	20	0	NA	NA	NA	NA
chr2	179523611	33	5	13.16	1.98	2	38	1	3	1e-09	0.00290647223022516	0.997093529769775
chr2	239186516	35	3	7.89	1.84382	2	38	1	3	1e-09	6.68240913440401e-07	0.999999333759086
chr2	243166523	76	15	16.48	1.84382	2	91	1	3	1e-09	0.0763438429891255	0.923656159010875
chr2	243166524	82	15	15.46	1.84382	2	97	1	3	1e-09	0.0318247101980739	0.968175291801926
chr20	3677437	25	4	13.79	1.82513	2	29	0	NA	NA	NA	NA
chr20	23667691	32	5	13.51	1.82513	2	37	1	3	1e-09	0.00434514276534613	0.995654859234654
chr20	29631744	45	13	22.41	1.82513	2	58	1	2	1.00013198476009e-09	0.824137098119525	0.175862903880343
chr20	29632660	578	40	6.47	1.82513	2	618	1	3	1e-09	2.22209661520463e-08	0.999999979779034
chr20	29633823	95	18	15.93	1.82513	2	113	1	3	1e-09	0.0483392161708306	0.951660785829169
chr20	29633945	373	27	6.75	1.82513	2	400	1	3	1e-09	4.56226381930286e-08	0.999999956377362
chr20	29633987	378	36	8.7	1.82513	2	414	1	3	1e-09	3.52582843651306e-06	0.999996476171564
chr21	9909012	22	7	24.14	1.86451	2	29	0	NA	NA	NA	NA
chr21	9909015	26	7	21.21	1.86451	2	33	1	2	1.00000202424613e-09	0.706416054204424	0.293583947795574
chr21	9909079	36	8	18.18	1.86451	2	44	1	3	1.00000000000546e-09	0.244871785810362	0.755128216189638
chr21	9909089	45	10	18.18	1.86451	2	55	1	3	1.00000000000546e-09	0.244871785810362	0.755128216189638
chr21	9910127	74	9	10.84	1.86451	2	83	1	3	1e-09	0.000134966109173837	0.999865035890826
chr21	9910138	71	9	11.25	1.86451	2	80	1	3	1e-09	0.000245792854646187	0.999754209145354
chr21	9910169	40	7	14.89	1.86451	2	47	1	3	1e-09	0.0185562701426455	0.981443731857355
chr21	9968407	18	5	21.74	1.86451	2	23	0	NA	NA	NA	NA
chr21	9968471	44	3	6.38	1.86451	2	47	1	3	1e-09	1.75845359103216e-08	0.999999984415464
chr21	9968533	56	5	8.2	1.86451	2	61	1	3	1e-09	1.29104571110954e-06	0.999998710954289
chr21	10209117	88	10	10.2	1.86451	2	98	1	3	1e-09	4.99880622665566e-05	0.999950013937733
chr21	11049461	69	8	10.39	1.86451	2	77	1	3	1e-09	6.76504107806841e-05	0.999932351589219
chr21	11049495	85	10	10.53	1.86451	2	95	1	3	1e-09	8.41885080410785e-05	0.999915813491959
chr21	11057988	372	18	4.62	1.86451	2	390	1	3	1e-09	1.05160479636086e-09	1.0000000009484
chr21	15216523	36	11	23.4	1.86451	2	47	1	2	1.0031054633625e-09	0.885715971335785	0.11428403066111
chr21	15216533	32	7	17.95	1.86451	2	39	1	3	1.00000000000175e-09	0.214203878471538	0.785796123528462
chr21	15329524	77	13	14.44	1.86451	2	90	1	3	1e-09	0.0118250891011005	0.988174912898899
chr21	15329614	95	13	12.04	1.86451	2	108	1	3	1e-09	0.000725314491350126	0.99927468750865
chr21	15329615	96	13	11.93	1.86451	2	109	1	3	1e-09	0.000627254637831977	0.999372747362168
chr21	15339768	175	12	6.42	1.86451	2	187	1	3	1e-09	1.95136377108706e-08	0.999999982486362
chr21	15339852	131	13	9.03	1.86451	2	144	1	3	1e-09	6.60196751591632e-06	0.999993400032484
chr21	15339864	117	13	10	1.86451	2	130	1	3	1e-09	3.60853497006048e-05	0.999963916650299
chr21	15339905	72	10	12.2	1.86451	2	82	1	3	1e-09	0.000893282086775934	0.999106719913224
chr22	16287156	42	13	23.64	1.72465	NA	55	1	NA	NA	NA	NA
chr22	22985653	246	16	6.11	1.73412	NA	262	1	NA	NA	NA	NA
chr22	24655227	53	14	20.9	1.73412	NA	67	1	NA	NA	NA	NA
chr22	25574645	30	8	21.05	1.73412	NA	38	1	NA	NA	NA	NA
chr22	49942334	20	3	13.04	1.73412	NA	23	0	NA	NA	NA	NA
chr3	75714139	52	9	14.75	2.03101	2	61	1	3	1e-09	0.0161667758018587	0.983833226198141
chr3	75786483	410	44	9.69	2.03101	2	454	1	3	1e-09	2.14354379989541e-05	0.999978566562001
chr3	75786793	291	40	12.08	2.03101	2	331	1	3	1e-09	0.000764336547011485	0.999235665452988
chr3	75786993	391	27	6.46	2.03101	2	418	1	3	1e-09	2.16514817292102e-08	0.999999980348518
chr3	75787174	489	40	7.56	2.03101	2	529	1	3	1e-09	3.20908403427243e-07	0.999999681091597
chr3	75790444	190	27	12.44	2.03101	2	217	1	3	1e-09	0.00121304705874276	0.998786954941257
chr3	184647436	34	5	12.82	1.95993	2	39	1	3	1e-09	0.00193932583438632	0.998060676165614
chr3	195510121	165	16	8.84	1.95993	2	181	1	3	1e-09	4.61606144404238e-06	0.999995385938556
chr3	195510134	153	16	9.47	1.95993	2	169	1	3	1e-09	1.46327822541018e-05	0.999985369217746
chr4	59299	170	26	13.27	1.95708	2	196	1	3	1e-09	0.00330311553961947	0.99669688646038
chr4	336827	35	9	20.45	1.95708	2	44	1	2	1.00000011374052e-09	0.603728689147747	0.396271312852253
chr4	49214312	36	9	20	1.95708	2	45	1	2	1.00000001875821e-09	0.534146027762567	0.465853974237432
chr4	49214878	190	9	4.52	1.95708	2	199	1	3	1e-09	1.03469686227667e-09	1.0000000009653
chr4	49502658	80	5	5.88	1.95708	2	85	1	3	1e-09	4.91576933041245e-09	0.999999997084231
chr4	71347185	113	19	14.39	1.95708	2	132	1	3	1e-09	0.0112325121271699	0.98876748987283
chr4	103749083	51	3	5.56	1.95708	2	54	1	3	1e-09	2.44561594335283e-09	0.999999999554384
chr4	159629624	39	12	23.53	1.95708	2	51	1	2	1.00462150547924e-09	0.891948983626406	0.108051018368972
chr4	175899088	155	23	12.92	1.95708	2	178	1	3	1e-09	0.0021875934257347	0.997812408574265
chr4	175899091	159	25	13.59	1.95708	2	184	1	3	1e-09	0.0047539638408585	0.995246038159141
chr4	175899102	166	16	8.79	1.95708	2	182	1	3	1e-09	4.19498359634476e-06	0.999995807016404
chr4	190904414	182	12	6.19	1.95708	2	194	1	3	1e-09	1.07294214306334e-08	0.999999991270578
chr5	436407	69	4	5.48	1.94949	2	73	1	3	1e-09	2.11584223475131e-09	0.999999999884158
chr5	663252	94	22	18.97	1.94949	2	116	1	3	1.00000000022334e-09	0.364805855463144	0.635194146536856
chr5	663272	106	6	5.36	1.94949	2	112	1	3	1e-09	1.75081047715189e-09	1.00000000024919
chr5	796112	178	9	4.81	1.94949	2	187	1	3	1e-09	1.10702381993706e-09	1.00000000089298
chr5	21482877	192	23	10.7	1.94949	2	215	1	3	1e-09	0.000109282788450761	0.999890719211549
chr5	34191764	531	52	8.92	1.94949	2	583	1	3	1e-09	5.37246142812423e-06	0.999994629538572
chr5	140216094	37	4	9.76	1.94087	2	41	1	3	1e-09	2.41521134651428e-05	0.999975849886535
chr6	30919904	63	16	20.25	1.81315	2	79	1	2	1.00000005153875e-09	0.573461613468608	0.426538388531392
chr6	32134962	23	6	20.69	1.81315	2	29	0	NA	NA	NA	NA
chr6	32551970	13	9	40.91	1.81315	2	22	0	NA	NA	NA	NA
chr6	32552026	16	6	27.27	1.81315	2	22	0	NA	NA	NA	NA
chr6	32552043	16	5	23.81	1.81315	2	21	0	NA	NA	NA	NA
chr6	32552050	17	5	22.73	1.81315	2	22	0	NA	NA	NA	NA
chr6	32552056	16	5	23.81	1.81315	2	21	0	NA	NA	NA	NA
chr6	32552078	17	6	26.09	1.81315	2	23	0	NA	NA	NA	NA
chr6	33054595	25	21	45.65	1.81315	2	46	1	1	0.999545772429178	0.000453160963595844	1.06960722637144e-06
chr6	33054619	27	15	35.71	1.81315	2	42	1	2	0.292986661382753	0.704587988219021	0.00242535339822536
chr6	33054656	27	12	30.77	1.81315	2	39	1	2	0.000165409634717573	0.990970469321633	0.00886412404364922
chr6	33054659	27	13	32.5	1.81315	2	40	1	2	0.00349596753353151	0.990565751988209	0.0059382834782591
chr6	33054675	30	14	31.82	1.81315	2	44	1	2	0.00110100852128246	0.992000692854256	0.00689830162446204
chr6	33054683	31	12	27.91	1.81315	2	43	1	2	4.57836201386507e-07	0.979797031617516	0.0202025135462825
chr6	33054687	32	13	28.89	1.81315	2	45	1	2	3.90462763993487e-06	0.985127050790958	0.0148690475814021
chr6	33054711	27	17	38.64	1.81315	2	44	1	1	0.92830788725236	0.0715118725052948	0.000180243242345547
chr6	33054721	24	18	42.86	1.81315	2	42	1	1	0.997864911444233	0.00213046975582889	4.62179993779449e-06
chr7	55249060	31	7	18.42	1.99488	2	38	1	3	1.00000000001737e-09	0.279183409338605	0.720816592661396
chr7	56900500	92	8	8	1.99488	2	100	1	3	1e-09	8.46926382464753e-07	0.999999155073618
chr7	99907916	17	4	19.05	1.98577	2	21	0	NA	NA	NA	NA
chr7	128116879	44	3	6.38	1.98577	2	47	1	3	1e-09	1.75845359103216e-08	0.999999984415464
chr7	142457343	58	9	13.43	1.98577	2	67	1	3	1e-09	0.00396856146416838	0.996031440535832
chr7	142457347	54	9	14.29	1.98577	2	63	1	3	1e-09	0.0101267302559934	0.989873271744007
chr7	142460167	35	9	20.45	1.98577	2	44	1	2	1.00000011374052e-09	0.603728689147747	0.396271312852253
chr9	34726418	57	23	28.75	1.864	2	80	1	2	2.89843936731929e-06	0.98448697261677	0.0155101319438631
chr9	36118678	27	4	12.9	1.864	2	31	1	3	1e-09	0.00213572933458853	0.997864272665411
chr9	38541494	165	12	6.78	1.864	2	177	1	3	1e-09	4.9222807640168e-08	0.999999952777192
chr9	38541499	169	11	6.11	1.864	2	180	1	3	1e-09	8.73043803100031e-09	0.999999993269562
chr9	38541516	161	11	6.4	1.864	2	172	1	3	1e-09	1.85242289984751e-08	0.999999983475771
chr9	38541627	32	6	15.79	1.864	2	38	1	3	1e-09	0.0427905565589673	0.957209445441033
chr9	44070060	38	6	13.64	1.864	2	44	1	3	1e-09	0.00502692344139201	0.994973078558608
chr9	44091456	93	18	16.22	1.864	2	111	1	3	1e-09	0.0617844464956448	0.938215555504355
chr9	44091519	74	12	13.95	1.864	2	86	1	3	1e-09	0.00706155633718068	0.992938445662819
chr9	45727954	63	47	42.73	1.864	2	110	1	1	0.997669617537039	0.00232534305104459	5.04241191598304e-06
chr9	45728126	209	169	44.71	1.864	2	378	1	1	0.999286680745918	0.000711715315226762	1.60693885543975e-06
chr9	66499904	103	16	13.45	1.864	2	119	1	3	1e-09	0.004059811760554	0.995940190239446
chr9	66500772	104	11	9.57	1.864	2	115	1	3	1e-09	1.74281766613729e-05	0.999982573823339
chr9	66502240	224	15	6.28	1.864	2	239	1	3	1e-09	1.35535272229309e-08	0.999999988446473
chr9	87430593	49	9	15.52	1.864	2	58	1	3	1e-09	0.0336149515408027	0.966385050459197
chr9	90219964	36	5	12.2	1.864	2	41	1	3	1e-09	0.000893282086775934	0.999106719913224
chr9	99894076	47	7	12.96	1.864	2	54	1	3	1e-09	0.00229479354234209	0.997705208457658
chr9	133505970	18	2	10	1.864	2	20	0	NA	NA	NA	NA
chrX	2209750	23	10	30.3	1.86853	2	33	1	2	6.77111356324042e-05	0.98992970413272	0.0100025877316472
chrX	30671596	55	3	5.17	1.86853	2	58	1	3	1e-09	1.39294639237807e-09	1.00000000060705
chrX	73803082	203	33	13.98	1.86853	2	236	1	3	1e-09	0.00729352030947281	0.992706481690527
chrX	73803084	200	35	14.89	1.86853	2	235	1	3	1e-09	0.0185562701426455	0.981443731857355
chrX	73803191	229	23	9.13	1.86853	2	252	1	3	1e-09	7.94218388486893e-06	0.999992059816115
chrX	138880934	19	7	26.92	1.86853	2	26	0	NA	NA	NA	NA
chrX	149013445	84	10	10.64	1.92026	2	94	1	3	1e-09	9.97275386236099e-05	0.999900274461376
