chr	st	BC21T.ref	BC21T.var	BC21T.vaf	BC21T.cn	BC21T.cleancn	BC21T.depth	adequateDepth	cluster	cluster.prob.1	cluster.prob.2	cluster.prob.3	cluster.prob.4
chr1	136995	74	11	12.94	1.7632	2	85	1	4	1e-09	1.01933892653207e-09	0.204483702876228	0.795516299104434
chr1	12888559	42	19	31.15	1.7632	2	61	1	2	2.87138475847306e-07	0.931636149543747	0.0683558602127436	7.70710503354128e-06
chr1	13184246	167	15	8.24	1.7632	2	182	1	4	1e-09	1.00000000046907e-09	0.00107382142993189	0.998926180570068
chr1	16908043	324	35	9.75	1.7632	2	359	1	4	1e-09	1.00000033779028e-09	0.00825486047705467	0.991745141522945
chr1	16911827	68	14	17.07	1.7632	2	82	1	3	1e-09	1.95767616571571e-07	0.87834326848905	0.121656538743334
chr1	17077242	47	16	25.4	1.7632	2	63	1	3	1.00036414711676e-09	0.0240501600836011	0.974755283232168	0.00119455968386675
chr1	19935049	75	25	25	1.7632	2	100	1	3	1.00010372844697e-09	0.0150282304675564	0.983518589722798	0.00145318280954136
chr1	68627200	143	40	21.86	1.7632	2	183	1	3	1.00000000235068e-09	0.000279170344765413	0.992542697507072	0.00717813514816227
chr1	68627224	116	38	24.68	1.7632	2	154	1	3	1.00003732790948e-09	0.0102447067603774	0.988055886374031	0.00169940986555384
chr1	89448940	189	9	4.55	1.7632	2	198	1	4	1e-09	1e-09	7.6100235820976e-07	0.999999240997642
chr1	100949885	49	12	19.67	1.7632	2	61	1	3	1.0000000000005e-09	1.26074171763344e-05	0.975210388100874	0.0247770074819501
chr1	142670753	78	14	15.22	1.7632	2	92	1	3	1e-09	6.6066724754186e-09	0.645356336311383	0.354643660081944
chr1	142670795	85	10	10.53	1.7632	2	95	1	4	1e-09	1.00000687226319e-09	0.0207496341887087	0.979250367811284
chr1	142671117	24	14	36.84	1.7632	2	38	1	2	0.000773089090069184	0.998916576921142	0.000310331906465637	6.08232309064096e-09
chr1	142671150	20	12	37.5	1.7632	2	32	1	2	0.00173147344153755	0.998097819425374	0.000170707848703322	3.28438464630215e-09
chr1	142722504	37	10	21.28	1.7632	2	47	1	3	1.00000000027407e-09	0.000126460885787123	0.990018341236713	0.00985520087750023
chr1	142723594	255	24	8.6	1.7632	2	279	1	4	1e-09	1.00000000249114e-09	0.00180597664832373	0.998194025351676
chr1	142806053	450	57	11.24	1.7632	2	507	1	4	1e-09	1.00008780492487e-09	0.044659229527119	0.955340772472793
chr1	142806133	370	42	10.19	1.7632	2	412	1	4	1e-09	1.00000190212597e-09	0.0140275171184876	0.98597248488151
chr1	142806508	263	37	12.33	1.7632	2	300	1	4	1e-09	1.00312798872128e-09	0.125392971542166	0.874607030454706
chr1	142806827	431	46	9.64	1.7632	2	477	1	4	1e-09	1.00000021662698e-09	0.0071994893049236	0.992800512695076
chr1	142808236	233	24	9.34	1.7632	2	257	1	4	1e-09	1.00000006284097e-09	0.00491387520243885	0.995086126797561
chr1	142808427	137	12	8.05	1.7632	2	149	1	4	1e-09	1.00000000018878e-09	0.000808442470538405	0.999191559529462
chr1	142812317	158	11	6.51	1.7632	2	169	1	4	1e-09	1.00000000000005e-09	6.071168326824e-05	0.999939290316732
chr1	142821902	205	31	13.14	1.7632	2	236	1	4	1e-09	1.03415979244197e-09	0.236277794879716	0.763722207086124
chr1	142847026	82	8	8.89	1.7632	2	90	1	4	1e-09	1.00000000910618e-09	0.00270139454044623	0.997298607459554
chr1	142890839	16	4	20	1.7632	2	20	0	NA	NA	NA	NA	NA
chr1	142891001	43	5	10.42	1.7632	2	48	1	4	1e-09	1.00000455682407e-09	0.0183125405253363	0.981687461474659
chr1	143219987	238	13	5.18	1.7632	2	251	1	4	1e-09	1e-09	3.71767452528821e-06	0.999996284325475
chr1	143227209	56	13	18.84	1.7632	2	69	1	3	1.00000000000002e-09	3.57390754775222e-06	0.959218139155745	0.0407782899367076
chr1	143227212	56	13	18.84	1.7632	2	69	1	3	1.00000000000002e-09	3.57390754775222e-06	0.959218139155745	0.0407782899367076
chr1	144621526	79	7	8.14	1.7632	2	86	1	4	1e-09	1.00000000029128e-09	0.000925579141507034	0.999074422858493
chr1	145298416	18	5	21.74	1.7632	2	23	0	NA	NA	NA	NA	NA
chr1	145299787	297	21	6.6	1.7632	2	318	1	4	1e-09	1.00000000000008e-09	7.17911884471471e-05	0.999928210811553
chr1	145370377	280	40	12.5	1.7632	2	320	1	4	1e-09	1.00526494315199e-09	0.144710804074653	0.855289197920082
chr1	147718280	13	6	31.58	1.7632	2	19	0	NA	NA	NA	NA	NA
chr1	148004567	292	50	14.62	1.7632	2	342	1	3	1e-09	2.48833963480389e-09	0.528567704412321	0.471432296099339
chr1	148004568	291	47	13.91	1.7632	2	338	1	4	1e-09	1.26753501186198e-09	0.380893203018026	0.619106798714439
chr1	148004584	269	38	12.38	1.7632	2	307	1	4	1e-09	1.00364940863332e-09	0.130860758809379	0.869139243186971
chr1	148343792	71	20	21.98	1.7632	2	91	1	3	1.00000000364014e-09	0.000328108035811278	0.992942755070351	0.00672913989383745
chr1	148853938	182	21	10.34	1.7632	2	203	1	4	1e-09	1.00000337029422e-09	0.016704618941909	0.983295383058088
chr1	148876293	37	15	28.85	1.7632	2	52	1	2	5.24248665352863e-09	0.550342036483796	0.449534239621002	0.000123722652715165
chr1	149286406	48	8	14.29	1.7632	2	56	1	4	1e-09	1.68448937509384e-09	0.45990069047693	0.540099310838581
chr1	152188062	795	82	9.35	1.7632	2	877	1	4	1e-09	1.00000006552865e-09	0.00497789658536185	0.995022105414638
chr1	196451462	68	16	19.05	2.21914	2	84	1	3	1.00000000000004e-09	4.94252367089049e-06	0.964093475215547	0.0359015852607823
chr1	207504432	32	7	17.95	2.21914	2	39	1	3	1e-09	8.64936495411323e-07	0.929506607793301	0.070492530270204
chr1	237821125	26	16	38.1	2.21914	2	42	1	2	0.00354209504786695	0.996358302518432	9.96043205476349e-05	2.11315335616595e-09
chr10	38738542	43	5	10.42	1.51551	NA	48	1	NA	NA	NA	NA	NA
chr10	94393425	47	18	27.69	1.51551	NA	65	1	NA	NA	NA	NA	NA
chr10	126677193	687	71	9.37	1.56298	NA	758	1	NA	NA	NA	NA	NA
chr10	126677557	298	17	5.4	1.56298	NA	315	1	NA	NA	NA	NA	NA
chr10	126677671	261	48	15.53	1.56298	NA	309	1	NA	NA	NA	NA	NA
chr10	126686629	15	12	44.44	1.56298	NA	27	0	NA	NA	NA	NA	NA
chr11	1016750	518	31	5.65	1.5496	NA	549	1	NA	NA	NA	NA	NA
chr11	1016753	532	30	5.34	1.5496	NA	562	1	NA	NA	NA	NA	NA
chr11	1016756	518	46	8.16	1.5496	NA	564	1	NA	NA	NA	NA	NA
chr11	1016785	608	33	5.15	1.5496	NA	641	1	NA	NA	NA	NA	NA
chr11	1016822	622	39	5.9	1.5496	NA	661	1	NA	NA	NA	NA	NA
chr11	1016919	390	35	8.24	1.5496	NA	425	1	NA	NA	NA	NA	NA
chr11	1016934	385	44	10.26	1.5496	NA	429	1	NA	NA	NA	NA	NA
chr11	1017273	363	19	4.97	1.5496	NA	382	1	NA	NA	NA	NA	NA
chr11	1017277	354	28	7.33	1.5496	NA	382	1	NA	NA	NA	NA	NA
chr11	1017307	317	42	11.7	1.5496	NA	359	1	NA	NA	NA	NA	NA
chr11	1017900	514	45	8.05	1.5496	NA	559	1	NA	NA	NA	NA	NA
chr11	1017939	331	50	13.12	1.5496	NA	381	1	NA	NA	NA	NA	NA
chr11	1018275	219	10	4.37	1.5496	NA	229	1	NA	NA	NA	NA	NA
chr11	1651178	24	4	14.29	1.5496	NA	28	0	NA	NA	NA	NA	NA
chr11	48189870	51	20	28.17	1.5496	NA	71	1	NA	NA	NA	NA	NA
chr11	123886549	38	10	20.83	1.5496	NA	48	1	NA	NA	NA	NA	NA
chr12	11182998	95	26	21.49	1.44183	NA	121	1	NA	NA	NA	NA	NA
chr12	11182999	96	26	21.31	1.44183	NA	122	1	NA	NA	NA	NA	NA
chr12	11183042	131	23	14.94	1.44183	NA	154	1	NA	NA	NA	NA	NA
chr12	11183046	138	28	16.87	1.44183	NA	166	1	NA	NA	NA	NA	NA
chr12	11183052	137	25	15.43	1.44183	NA	162	1	NA	NA	NA	NA	NA
chr12	11183642	102	41	28.67	1.44183	NA	143	1	NA	NA	NA	NA	NA
chr12	11244091	114	31	21.38	1.44183	NA	145	1	NA	NA	NA	NA	NA
chr12	11244096	117	32	21.48	1.44183	NA	149	1	NA	NA	NA	NA	NA
chr12	11244097	111	31	21.83	1.44183	NA	142	1	NA	NA	NA	NA	NA
chr12	11244102	108	32	22.86	1.44183	NA	140	1	NA	NA	NA	NA	NA
chr12	14946898	18	5	21.74	1.44183	NA	23	0	NA	NA	NA	NA	NA
chr12	64020321	22	6	21.43	1.44183	NA	28	0	NA	NA	NA	NA	NA
chr12	72372843	30	12	28.57	1.44183	NA	42	1	NA	NA	NA	NA	NA
chr12	79843444	60	21	25.93	1.44183	NA	81	1	NA	NA	NA	NA	NA
chr12	107279892	39	9	18.75	1.44183	NA	48	1	NA	NA	NA	NA	NA
chr12	120894873	25	20	44.44	1.30831	NA	45	1	NA	NA	NA	NA	NA
chr13	46108901	35	37	51.39	2.23721	2	72	1	1	0.999030986116977	0.000969015881285373	1.00173782216542e-09	1.00000000071621e-09
chr13	47318231	57	10	14.93	2.23721	2	67	1	3	1e-09	3.99249234339015e-09	0.590760769187193	0.409239229820314
chr14	34204551	16	16	50	1.82779	2	32	1	1	0.99721696541978	0.00278303656548142	1.01473851921566e-09	1.00000000813998e-09
chr14	75550499	50	9	15.25	1.82779	2	59	1	3	1e-09	6.97494372868251e-09	0.650761033709378	0.349238962315678
chr14	77950765	27	6	18.18	1.82779	2	33	1	3	1e-09	1.25726893550447e-06	0.938860821047594	0.0611379246834707
chr15	20083988	47	14	22.95	1.38521	NA	61	1	NA	NA	NA	NA	NA
chr15	20084006	37	20	35.09	1.38521	NA	57	1	NA	NA	NA	NA	NA
chr15	20743966	22	8	26.67	1.38521	NA	30	1	NA	NA	NA	NA	NA
chr15	20867353	212	38	15.2	1.38521	NA	250	1	NA	NA	NA	NA	NA
chr15	22298275	136	35	20.47	1.38521	NA	171	1	NA	NA	NA	NA	NA
chr15	28632800	58	15	20.55	1.38521	NA	73	1	NA	NA	NA	NA	NA
chr15	28632803	59	14	19.18	1.38521	NA	73	1	NA	NA	NA	NA	NA
chr15	28632806	60	14	18.92	1.38521	NA	74	1	NA	NA	NA	NA	NA
chr15	28632807	60	14	18.92	1.38521	NA	74	1	NA	NA	NA	NA	NA
chr15	72563417	31	6	16.22	1.39426	NA	37	1	NA	NA	NA	NA	NA
chr15	74363082	177	22	11.06	1.39426	NA	199	1	NA	NA	NA	NA	NA
chr15	74363446	20	3	13.04	1.39426	NA	23	0	NA	NA	NA	NA	NA
chr15	82808254	41	9	18	1.39426	NA	50	1	NA	NA	NA	NA	NA
chr15	102515476	33	3	8.33	1.39426	NA	36	1	NA	NA	NA	NA	NA
chr16	830852	86	17	16.5	1.56765	NA	103	1	NA	NA	NA	NA	NA
chr16	30288390	16	7	30.43	1.60603	NA	23	0	NA	NA	NA	NA	NA
chr16	32095740	25	4	13.79	1.60603	NA	29	0	NA	NA	NA	NA	NA
chr16	33366864	100	21	17.36	1.60603	NA	121	1	NA	NA	NA	NA	NA
chr16	33537339	161	21	11.54	1.60603	NA	182	1	NA	NA	NA	NA	NA
chr16	33539471	40	16	28.57	1.60603	NA	56	1	NA	NA	NA	NA	NA
chr16	56914172	35	4	10.26	1.60603	NA	39	1	NA	NA	NA	NA	NA
chr17	20768143	104	8	7.14	1.40952	NA	112	1	NA	NA	NA	NA	NA
chr17	20768248	220	40	15.38	1.40952	NA	260	1	NA	NA	NA	NA	NA
chr17	21322838	15	5	25	1.40952	NA	20	0	NA	NA	NA	NA	NA
chr17	33849612	66	14	17.5	1.40952	NA	80	1	NA	NA	NA	NA	NA
chr17	38291747	46	14	23.33	1.42979	NA	60	1	NA	NA	NA	NA	NA
chr17	39197614	27	9	25	1.42979	NA	36	1	NA	NA	NA	NA	NA
chr17	39261809	24	14	36.84	1.42979	NA	38	1	NA	NA	NA	NA	NA
chr17	39274274	19	15	44.12	1.42979	NA	34	1	NA	NA	NA	NA	NA
chr17	45214558	469	57	10.84	1.46561	NA	526	1	NA	NA	NA	NA	NA
chr17	45214684	255	22	7.94	1.46561	NA	277	1	NA	NA	NA	NA	NA
chr17	45214689	239	20	7.72	1.46561	NA	259	1	NA	NA	NA	NA	NA
chr17	45234331	823	111	11.88	1.46561	NA	934	1	NA	NA	NA	NA	NA
chr17	75212099	190	31	14.03	1.46561	NA	221	1	NA	NA	NA	NA	NA
chr17	75212101	196	36	15.52	1.46561	NA	232	1	NA	NA	NA	NA	NA
chr19	4046533	62	18	22.5	1.72369	NA	80	1	NA	NA	NA	NA	NA
chr19	8999429	96	23	19.33	1.72369	NA	119	1	NA	NA	NA	NA	NA
chr19	8999468	106	25	19.08	1.72369	NA	131	1	NA	NA	NA	NA	NA
chr19	8999492	89	15	14.42	1.72369	NA	104	1	NA	NA	NA	NA	NA
chr19	8999500	54	6	10	1.72369	NA	60	1	NA	NA	NA	NA	NA
chr19	8999501	53	6	10.17	1.72369	NA	59	1	NA	NA	NA	NA	NA
chr19	8999502	54	6	10	1.72369	NA	60	1	NA	NA	NA	NA	NA
chr19	8999511	54	6	10	1.72369	NA	60	1	NA	NA	NA	NA	NA
chr19	8999517	44	6	12	1.72369	NA	50	1	NA	NA	NA	NA	NA
chr19	9012918	27	10	27.03	1.72369	NA	37	1	NA	NA	NA	NA	NA
chr19	58423568	80	12	13.04	1.72369	NA	92	1	NA	NA	NA	NA	NA
chr2	905651	142	9	5.96	1.90448	2	151	1	4	1e-09	1e-09	2.06551245225388e-05	0.999979346875478
chr2	90414017	16	4	20	1.90448	2	20	0	NA	NA	NA	NA	NA
chr2	95488861	84	18	17.65	1.90448	2	102	1	3	1e-09	5.26515390253894e-07	0.915080399700567	0.084919076784043
chr2	95513801	179	24	11.82	1.90448	2	203	1	4	1e-09	1.00061814151587e-09	0.0791801138286386	0.920819888170743
chr2	96517552	169	15	8.15	1.90448	2	184	1	4	1e-09	1.00000000030558e-09	0.000939510965833876	0.999060491034166
chr2	96521280	668	124	15.66	1.90448	2	792	1	3	1e-09	1.49251919448436e-08	0.719407307763625	0.280592680311183
chr2	96521439	654	97	12.92	1.90448	2	751	1	4	1e-09	1.01825522280902e-09	0.20145993019647	0.798540071785275
chr2	96521451	648	75	10.37	1.90448	2	723	1	4	1e-09	1.00000377495785e-09	0.0172921064623548	0.982707895537641
chr2	97833702	125	26	17.22	1.90448	2	151	1	3	1e-09	2.53850071331681e-07	0.889115557598026	0.110884191551903
chr2	114352653	27	4	12.9	1.87892	2	31	1	4	1e-09	1.01722982262556e-09	0.198465005290101	0.801534996692669
chr2	129024985	39	7	15.22	1.87892	2	46	1	3	1e-09	6.6066724754186e-09	0.645356336311383	0.354643660081944
chr2	133015419	72	15	17.24	1.87892	2	87	1	3	1e-09	2.62741946781566e-07	0.890480098270846	0.109519641987207
chr2	179527851	29	5	14.71	1.87892	2	34	1	3	1e-09	2.82843890973835e-09	0.546943130705865	0.453056869465697
chr2	204299303	37	8	17.78	1.87892	2	45	1	3	1e-09	6.53665028674102e-07	0.921665839646653	0.0783335096883179
chr20	26189376	172	8	4.44	1.59295	NA	180	1	NA	NA	NA	NA	NA
chr20	29623175	312	56	15.22	1.59295	NA	368	1	NA	NA	NA	NA	NA
chr20	29623215	230	53	18.73	1.59295	NA	283	1	NA	NA	NA	NA	NA
chr20	29628263	311	59	15.95	1.59295	NA	370	1	NA	NA	NA	NA	NA
chr20	29633823	83	23	21.7	1.59295	NA	106	1	NA	NA	NA	NA	NA
chr20	29633916	105	128	54.94	1.59295	NA	233	1	NA	NA	NA	NA	NA
chr20	29637804	166	21	11.23	1.59295	NA	187	1	NA	NA	NA	NA	NA
chr20	29638001	452	99	17.97	1.59295	NA	551	1	NA	NA	NA	NA	NA
chr20	36839143	15	23	60.53	1.59295	NA	38	1	NA	NA	NA	NA	NA
chr20	58416501	67	6	8.22	1.59295	NA	73	1	NA	NA	NA	NA	NA
chr21	9865857	297	41	12.13	2.25464	NA	338	1	NA	NA	NA	NA	NA
chr21	9907668	86	22	20.37	2.25464	NA	108	1	NA	NA	NA	NA	NA
chr21	9908380	176	37	17.37	1.09149	1	213	1	NA	NA	NA	NA	NA
chr21	9909149	40	8	16.67	1.09149	1	48	1	NA	NA	NA	NA	NA
chr21	9912043	15	5	25	1.09149	1	20	0	NA	NA	NA	NA	NA
chr21	9967860	155	10	6.06	1.15597	1	165	1	NA	NA	NA	NA	NA
chr21	11021134	285	38	11.76	1.8129	2	323	1	4	1e-09	1.00050782600608e-09	0.0748024210055745	0.925197580993918
chr21	11026803	122	23	15.86	1.8129	2	145	1	3	1e-09	2.17327224369287e-08	0.749151774768493	0.250848206498784
chr21	11039055	310	44	12.43	1.8129	2	354	1	4	1e-09	1.00425408380195e-09	0.136505996706795	0.863494005288951
chr21	11039091	414	62	13.03	1.8129	2	476	1	4	1e-09	1.02502526001328e-09	0.2184443779034	0.781555624071574
chr21	15343502	218	12	5.22	1.8129	2	230	1	4	1e-09	1e-09	4.08442957354569e-06	0.999995917570426
chr21	35514847	56	11	16.42	1.8129	2	67	1	3	1e-09	6.14083177893001e-08	0.819204876080295	0.180795065511387
chr22	18211284	44	20	31.25	1.73231	NA	64	1	NA	NA	NA	NA	NA
chr22	22982363	49	13	20.97	1.73231	NA	62	1	NA	NA	NA	NA	NA
chr22	44594532	54	37	40.66	1.73231	NA	91	1	NA	NA	NA	NA	NA
chr22	46202674	44	9	16.98	1.73231	NA	53	1	NA	NA	NA	NA	NA
chr22	46656831	71	14	16.47	1.73231	NA	85	1	NA	NA	NA	NA	NA
chr3	13660498	31	10	24.39	1.55887	NA	41	1	NA	NA	NA	NA	NA
chr3	75788376	235	32	11.99	1.58821	NA	267	1	NA	NA	NA	NA	NA
chr3	75788411	332	45	11.94	1.58821	NA	377	1	NA	NA	NA	NA	NA
chr3	160117284	37	6	13.95	1.84012	2	43	1	4	1e-09	1.29603276079059e-09	0.389094379918944	0.610905621785023
chr3	195505772	72	5	6.49	1.72453	NA	77	1	NA	NA	NA	NA	NA
chr3	195505835	75	13	14.77	1.72453	NA	88	1	NA	NA	NA	NA	NA
chr3	195505838	79	13	14.13	1.72453	NA	92	1	NA	NA	NA	NA	NA
chr3	195505897	57	5	8.06	1.72453	NA	62	1	NA	NA	NA	NA	NA
chr3	195506946	32	9	21.95	1.72453	NA	41	1	NA	NA	NA	NA	NA
chr3	195507011	116	11	8.66	1.72453	NA	127	1	NA	NA	NA	NA	NA
chr3	195507358	214	18	7.76	1.72453	NA	232	1	NA	NA	NA	NA	NA
chr3	195507481	213	10	4.48	1.72453	NA	223	1	NA	NA	NA	NA	NA
chr3	195509278	168	9	5.08	1.72453	NA	177	1	NA	NA	NA	NA	NA
chr3	195509287	134	20	12.99	1.72453	NA	154	1	NA	NA	NA	NA	NA
chr3	195509880	323	26	7.45	1.72453	NA	349	1	NA	NA	NA	NA	NA
chr3	195511446	215	37	14.68	1.72453	NA	252	1	NA	NA	NA	NA	NA
chr3	195511911	403	27	6.28	1.72453	NA	430	1	NA	NA	NA	NA	NA
chr3	195513662	416	36	7.96	1.72453	NA	452	1	NA	NA	NA	NA	NA
chr4	59469	166	13	7.26	1.56017	NA	179	1	NA	NA	NA	NA	NA
chr4	66439402	146	29	16.57	1.56017	NA	175	1	NA	NA	NA	NA	NA
chr4	66439413	149	30	16.76	1.56017	NA	179	1	NA	NA	NA	NA	NA
chr4	66439446	159	34	17.62	1.56017	NA	193	1	NA	NA	NA	NA	NA
chr4	66439449	163	33	16.84	1.56017	NA	196	1	NA	NA	NA	NA	NA
chr4	66439456	164	38	18.81	1.56017	NA	202	1	NA	NA	NA	NA	NA
chr4	66439467	163	39	19.31	1.56017	NA	202	1	NA	NA	NA	NA	NA
chr4	70921350	52	13	20	1.56017	NA	65	1	NA	NA	NA	NA	NA
chr4	190805492	448	39	8.01	1.57954	NA	487	1	NA	NA	NA	NA	NA
chr4	190805556	411	30	6.8	1.57954	NA	441	1	NA	NA	NA	NA	NA
chr4	190805609	218	33	13.15	1.57954	NA	251	1	NA	NA	NA	NA	NA
chr4	190883001	37	5	11.9	1.57954	NA	42	1	NA	NA	NA	NA	NA
chr5	661403	294	25	7.84	3.1773	3	319	1	NA	NA	NA	NA	NA
chr5	661419	323	47	12.7	3.1773	3	370	1	NA	NA	NA	NA	NA
chr5	661426	315	55	14.86	3.1773	3	370	1	NA	NA	NA	NA	NA
chr5	661427	316	50	13.66	3.1773	3	366	1	NA	NA	NA	NA	NA
chr5	6746461	82	17	17.17	3.1773	3	99	1	NA	NA	NA	NA	NA
chr5	23527693	258	14	5.15	3.1773	3	272	1	NA	NA	NA	NA	NA
chr5	70072565	195	27	12.16	1.41716	NA	222	1	NA	NA	NA	NA	NA
chr6	3154882	96	23	19.33	2.41881	NA	119	1	NA	NA	NA	NA	NA
chr6	27418763	74	10	11.9	2.41881	NA	84	1	NA	NA	NA	NA	NA
chr6	44387320	62	53	46.09	1.87579	2	115	1	1	0.931476232688179	0.0685237612399197	9.07188991867386e-09	1.0000107781211e-09
chr6	91245905	30	10	25	1.87579	2	40	1	3	1.00010372844697e-09	0.0150282304675564	0.983518589722798	0.00145318280954136
chr6	117881798	74	21	22.11	1.87579	2	95	1	3	1.00000000583008e-09	0.000390509907288782	0.993332775838826	0.00627671725388523
chr6	134174763	76	20	20.83	1.60882	NA	96	1	NA	NA	NA	NA	NA
chr6	136590698	41	9	18	1.60882	NA	50	1	NA	NA	NA	NA	NA
chr7	56877090	118	8	6.35	2.03694	2	126	1	4	1e-09	1.00000000000002e-09	4.4802818595798e-05	0.999955199181404
chr7	56894255	27	6	18.18	2.03694	2	33	1	3	1e-09	1.25726893550447e-06	0.938860821047594	0.0611379246834707
chr7	66749011	31	8	20.51	2.03694	2	39	1	3	1.00000000001437e-09	4.28706473334437e-05	0.984758390273898	0.0151987420787688
chr7	151970859	220	26	10.57	2.03694	2	246	1	4	1e-09	1.00000797091899e-09	0.0217052532079674	0.978294748792024
chr8	12236141	20	2	9.09	1.36746	NA	22	0	NA	NA	NA	NA	NA
chr8	54880468	21	8	27.59	1.36746	NA	29	0	NA	NA	NA	NA	NA
chr8	55049930	69	17	19.77	1.36746	NA	86	1	NA	NA	NA	NA	NA
chr8	103289360	43	9	17.31	2.7614	3	52	1	NA	NA	NA	NA	NA
chr8	144342352	211	13	5.8	2.7614	3	224	1	NA	NA	NA	NA	NA
chr9	13142	129	16	11.03	1.53538	NA	145	1	NA	NA	NA	NA	NA
chr9	44069977	66	9	12	1.53538	NA	75	1	NA	NA	NA	NA	NA
chr9	45727981	131	16	10.88	1.53538	NA	147	1	NA	NA	NA	NA	NA
chr9	45728002	153	18	10.53	1.53538	NA	171	1	NA	NA	NA	NA	NA
chr9	45728020	155	20	11.43	1.53538	NA	175	1	NA	NA	NA	NA	NA
chr9	45728108	347	25	6.72	1.53538	NA	372	1	NA	NA	NA	NA	NA
chr9	45728111	396	25	5.94	1.53538	NA	421	1	NA	NA	NA	NA	NA
chr9	45728122	418	21	4.78	1.53538	NA	439	1	NA	NA	NA	NA	NA
chr9	45728124	403	21	4.95	1.53538	NA	424	1	NA	NA	NA	NA	NA
chr9	45728133	373	19	4.85	1.53538	NA	392	1	NA	NA	NA	NA	NA
chr9	45728139	357	18	4.8	1.53538	NA	375	1	NA	NA	NA	NA	NA
chr9	66502237	221	25	10.16	1.53538	NA	246	1	NA	NA	NA	NA	NA
chr9	66502240	231	18	7.23	1.53538	NA	249	1	NA	NA	NA	NA	NA
chr9	66502287	209	27	11.44	1.53538	NA	236	1	NA	NA	NA	NA	NA
chr9	66502374	125	11	8.09	1.53538	NA	136	1	NA	NA	NA	NA	NA
chr9	66513157	360	48	11.76	1.53538	NA	408	1	NA	NA	NA	NA	NA
chr9	66553728	56	3	5.08	1.53538	NA	59	1	NA	NA	NA	NA	NA
chr9	68316011	52	5	8.77	1.53538	NA	57	1	NA	NA	NA	NA	NA
chr9	68427854	283	38	11.84	1.53538	NA	321	1	NA	NA	NA	NA	NA
chr9	68427892	192	26	11.93	1.53538	NA	218	1	NA	NA	NA	NA	NA
chr9	68430141	533	83	13.47	1.53538	NA	616	1	NA	NA	NA	NA	NA
chr9	68433522	180	43	19.28	1.53538	NA	223	1	NA	NA	NA	NA	NA
chr9	69082084	44	17	27.87	1.53538	NA	61	1	NA	NA	NA	NA	NA
chr9	69082096	54	11	16.92	1.53538	NA	65	1	NA	NA	NA	NA	NA
chr9	69391257	42	12	22.22	1.53538	NA	54	1	NA	NA	NA	NA	NA
chrX	140993886	158	9	5.39	1.13934	1	167	1	NA	NA	NA	NA	NA
