chr	st	BC26T.ref	BC26T.var	BC26T.vaf	BC26T.cn	BC26T.cleancn	BC26T.depth	adequateDepth	cluster	cluster.prob
chr1	136361	191	22	10.33	0.871577	1	213	1	NA	NA
chr1	136733	397	17	4.11	0.871577	1	414	1	NA	NA
chr1	136751	376	32	7.84	0.871577	1	408	1	NA	NA
chr1	136787	429	34	7.34	0.871577	1	463	1	NA	NA
chr1	136828	406	20	4.69	0.871577	1	426	1	NA	NA
chr1	1654038	52	6	10.34	1.55941	NA	58	1	NA	NA
chr1	1654058	53	10	15.87	1.55941	NA	63	1	NA	NA
chr1	12853704	122	21	14.69	1.55941	NA	143	1	NA	NA
chr1	12891055	75	32	29.91	1.55941	NA	107	1	NA	NA
chr1	13183109	232	17	6.83	1.55941	NA	249	1	NA	NA
chr1	13183110	231	17	6.85	1.55941	NA	248	1	NA	NA
chr1	13183115	236	16	6.35	1.55941	NA	252	1	NA	NA
chr1	13183130	239	23	8.78	1.55941	NA	262	1	NA	NA
chr1	13183138	240	28	10.45	1.55941	NA	268	1	NA	NA
chr1	16891513	320	22	6.43	1.59981	NA	342	1	NA	NA
chr1	16892811	802	46	5.42	1.59981	NA	849	1	NA	NA
chr1	16893070	576	82	12.46	1.59981	NA	658	1	NA	NA
chr1	16893701	1221	150	10.94	1.59981	NA	1371	1	NA	NA
chr1	16901407	243	23	8.65	1.59981	NA	266	1	NA	NA
chr1	16972190	114	25	17.99	1.64023	NA	139	1	NA	NA
chr1	16972239	78	20	20.41	1.64023	NA	98	1	NA	NA
chr1	16973388	153	42	21.54	1.64023	NA	195	1	NA	NA
chr1	16973423	199	34	14.59	1.64023	NA	233	1	NA	NA
chr1	16975495	142	42	22.83	1.64023	NA	184	1	NA	NA
chr1	16976772	83	19	18.63	1.64023	NA	102	1	NA	NA
chr1	17199333	54	10	15.62	1.64023	NA	64	1	NA	NA
chr1	46598638	36	9	20	1.71535	NA	45	1	NA	NA
chr1	68628418	125	19	13.19	1.86206	2	144	1	1	1.000000001
chr1	84955364	163	27	14.21	1.88374	2	190	1	1	1.000000001
chr1	117150736	112	31	21.68	1.88374	2	143	1	1	1.000000001
chr1	142619226	86	24	21.82	1.88374	2	110	1	1	1.000000001
chr1	142723658	376	44	10.48	1.88374	2	420	1	1	1.000000001
chr1	142803629	167	7	4.02	1.88374	2	174	1	1	1.000000001
chr1	142812085	191	23	10.75	1.88374	2	214	1	1	1.000000001
chr1	142812432	854	64	6.97	1.88374	2	918	1	1	1.000000001
chr1	142812457	968	78	7.46	1.88374	2	1046	1	1	1.000000001
chr1	142815884	961	133	12.16	1.88374	2	1094	1	1	1.000000001
chr1	142815938	919	147	13.79	1.88374	2	1066	1	1	1.000000001
chr1	142816297	906	42	4.43	1.88374	2	948	1	1	1.000000001
chr1	142822306	233	19	7.54	1.88374	2	252	1	1	1.000000001
chr1	142822352	254	22	7.97	1.88374	2	276	1	1	1.000000001
chr1	142826847	259	25	8.8	1.88374	2	284	1	1	1.000000001
chr1	142827860	371	41	9.95	1.88374	2	412	1	1	1.000000001
chr1	142828052	222	10	4.31	1.88374	2	232	1	1	1.000000001
chr1	143228635	248	24	8.82	0.939458	1	272	1	NA	NA
chr1	144828610	132	35	20.96	1.98577	2	167	1	1	1.000000001
chr1	148023248	174	19	9.84	2.02146	2	193	1	1	1.000000001
chr1	148251814	339	26	7.12	2.02146	2	365	1	1	1.000000001
chr1	148853687	92	23	20	2.02146	2	115	1	1	1.000000001
chr1	148853856	471	59	11.13	2.02146	2	530	1	1	1.000000001
chr1	148853997	293	27	8.44	2.02146	2	320	1	1	1.000000001
chr1	152284605	374	27	6.73	1.25745	NA	401	1	NA	NA
chr1	152284606	373	27	6.75	1.25745	NA	400	1	NA	NA
chr1	152284607	371	26	6.55	1.25745	NA	397	1	NA	NA
chr1	161577204	86	12	12.24	2.25527	NA	98	1	NA	NA
chr1	186276100	106	16	13.11	1.25432	NA	122	1	NA	NA
chr1	205892586	136	57	29.53	2.24607	2	193	1	1	1.000000001
chr1	242508949	139	18	11.46	2.37331	NA	157	1	NA	NA
chr10	27301953	141	97	40.76	2.94731	3	238	1	NA	NA
chr10	38939433	291	43	12.87	1.23294	1	334	1	NA	NA
chr10	43330012	119	17	12.5	1.23294	1	136	1	NA	NA
chr10	74767680	136	71	34.3	1.53943	NA	207	1	NA	NA
chr10	75457453	171	10	5.52	1.53943	NA	181	1	NA	NA
chr10	82406159	59	13	18.06	1.60003	NA	72	1	NA	NA
chr10	88992705	103	7	6.36	1.60003	NA	110	1	NA	NA
chr10	97072932	83	18	17.82	1.60003	NA	101	1	NA	NA
chr10	126677057	883	75	7.83	1.64878	NA	958	1	NA	NA
chr10	126677103	1026	138	11.86	1.64878	NA	1164	1	NA	NA
chr10	126677444	565	68	10.74	1.64878	NA	633	1	NA	NA
chr10	126677555	497	81	14.01	1.64878	NA	578	1	NA	NA
chr10	126677579	376	133	26.13	1.64878	NA	509	1	NA	NA
chr11	128732	378	20	5.03	1.00389	1	398	1	NA	NA
chr11	128735	364	18	4.71	1.00389	1	382	1	NA	NA
chr11	128882	119	22	15.6	1.00389	1	141	1	NA	NA
chr11	129011	47	10	17.54	1.00389	1	57	1	NA	NA
chr11	1016647	552	43	7.23	1.58096	NA	595	1	NA	NA
chr11	1016677	733	30	3.93	1.58096	NA	763	1	NA	NA
chr11	1016754	938	79	7.77	1.58096	NA	1017	1	NA	NA
chr11	1016756	877	72	7.59	1.58096	NA	949	1	NA	NA
chr11	1016777	1059	77	6.78	1.58096	NA	1136	1	NA	NA
chr11	1016842	1226	79	6.05	1.58096	NA	1306	1	NA	NA
chr11	1016887	1024	63	5.8	1.58096	NA	1086	1	NA	NA
chr11	1016961	900	48	5.06	1.58096	NA	949	1	NA	NA
chr11	1016970	899	48	5.07	1.58096	NA	947	1	NA	NA
chr11	1017200	824	84	9.25	1.58096	NA	908	1	NA	NA
chr11	1017280	688	71	9.35	1.58096	NA	759	1	NA	NA
chr11	1017921	785	63	7.43	1.58096	NA	848	1	NA	NA
chr11	1017941	619	66	9.64	1.58096	NA	685	1	NA	NA
chr11	1018090	223	17	7.08	1.58096	NA	240	1	NA	NA
chr11	1018091	219	17	7.2	1.58096	NA	236	1	NA	NA
chr11	1018093	223	17	7.08	1.58096	NA	240	1	NA	NA
chr11	1018095	221	16	6.75	1.58096	NA	237	1	NA	NA
chr11	1018275	371	26	6.55	1.58096	NA	397	1	NA	NA
chr11	1018289	330	46	12.23	1.58096	NA	376	1	NA	NA
chr11	1018293	358	19	5.04	1.58096	NA	377	1	NA	NA
chr11	1018312	340	26	7.1	1.58096	NA	366	1	NA	NA
chr11	1018321	356	22	5.82	1.58096	NA	378	1	NA	NA
chr11	1018331	328	19	5.48	1.58096	NA	347	1	NA	NA
chr11	1018333	338	19	5.32	1.58096	NA	357	1	NA	NA
chr11	1018334	336	19	5.35	1.58096	NA	355	1	NA	NA
chr12	68657	117	25	17.61	1.55229	NA	142	1	NA	NA
chr12	8353318	158	34	17.71	1.55229	NA	192	1	NA	NA
chr12	8374188	301	54	15.21	1.55229	NA	355	1	NA	NA
chr12	11174492	123	16	11.51	1.64855	NA	139	1	NA	NA
chr12	11183052	198	16	7.48	1.64855	NA	214	1	NA	NA
chr12	11214264	240	35	12.73	1.64855	NA	275	1	NA	NA
chr12	11214273	232	37	13.75	1.64855	NA	269	1	NA	NA
chr12	11214299	199	41	17.08	1.64855	NA	240	1	NA	NA
chr12	11214324	194	31	13.78	1.64855	NA	225	1	NA	NA
chr12	11214326	191	30	13.57	1.64855	NA	221	1	NA	NA
chr12	11214330	195	30	13.33	1.64855	NA	225	1	NA	NA
chr12	11214336	190	27	12.44	1.64855	NA	217	1	NA	NA
chr12	11214351	192	18	8.57	1.64855	NA	210	1	NA	NA
chr12	11214368	204	12	5.56	1.64855	NA	216	1	NA	NA
chr12	11214392	201	34	14.47	1.64855	NA	235	1	NA	NA
chr12	11243936	133	17	11.33	1.64855	NA	150	1	NA	NA
chr12	11243960	154	21	12	1.64855	NA	175	1	NA	NA
chr12	52501377	174	28	13.86	1.48813	NA	202	1	NA	NA
chr12	52940008	25	11	30.56	1.48813	NA	36	1	NA	NA
chr12	95519815	110	14	11.29	1.50692	NA	124	1	NA	NA
chr12	109017672	45	20	30.77	1.50692	NA	65	1	NA	NA
chr12	109017673	46	20	30.3	1.50692	NA	66	1	NA	NA
chr12	109017674	48	20	29.41	1.50692	NA	68	1	NA	NA
chr12	123892672	67	14	17.28	1.50692	NA	81	1	NA	NA
chr12	123892684	74	13	14.94	1.50692	NA	87	1	NA	NA
chr12	123892800	76	17	18.28	1.50692	NA	93	1	NA	NA
chr12	123892843	73	17	18.89	1.50692	NA	90	1	NA	NA
chr12	129298777	103	38	26.95	1.51341	NA	141	1	NA	NA
chr12	129298815	140	35	20	1.51341	NA	175	1	NA	NA
chr13	19422896	183	25	12.02	1.59649	NA	208	1	NA	NA
chr13	25670813	175	36	17.06	1.96537	2	211	1	1	1.000000001
chr14	19806550	763	80	9.49	1.90951	2	843	1	1	1.000000001
chr14	20007833	70	22	23.91	1.04174	1	92	1	NA	NA
chr14	20389606	234	67	22.26	1.74098	NA	301	1	NA	NA
chr14	70713981	195	8	3.94	1.7995	2	203	1	1	1.000000001
chr14	70714259	177	19	9.69	1.7995	2	196	1	1	1.000000001
chr14	71199339	61	11	15.28	1.7995	2	72	1	1	1.000000001
chr14	98435744	151	24	13.71	1.8025	2	175	1	1	1.000000001
chr15	20084355	53	14	20.9	1.09688	1	67	1	NA	NA
chr15	28518126	27	10	27.03	1.16288	1	37	1	NA	NA
chr15	28518130	28	10	26.32	1.16288	1	38	1	NA	NA
chr15	32738862	38	5	11.63	1.16288	1	43	1	NA	NA
chr15	59193509	95	14	12.84	1.52214	NA	109	1	NA	NA
chr15	62172843	120	14	10.45	1.52214	NA	134	1	NA	NA
chr15	76029920	68	9	11.69	1.50306	NA	77	1	NA	NA
chr15	78209668	52	18	25.71	1.50306	NA	70	1	NA	NA
chr15	82934954	74	9	10.84	1.50306	NA	83	1	NA	NA
chr15	84911311	89	14	13.59	1.50306	NA	103	1	NA	NA
chr15	96874817	27	11	28.95	1.58942	NA	38	1	NA	NA
chr16	3192455	142	13	8.39	1.31713	NA	155	1	NA	NA
chr16	26044097	99	16	13.91	1.36955	NA	115	1	NA	NA
chr16	26044100	98	16	14.04	1.36955	NA	114	1	NA	NA
chr16	29496754	74	8	9.76	0.769664	1	82	1	NA	NA
chr16	29496758	74	10	11.9	0.769664	1	84	1	NA	NA
chr16	29496768	101	5	4.72	0.769664	1	106	1	NA	NA
chr16	29496770	99	16	13.91	0.769664	1	115	1	NA	NA
chr16	29496772	107	16	13.01	0.769664	1	123	1	NA	NA
chr16	29496815	138	40	22.47	0.769664	1	178	1	NA	NA
chr16	32095641	200	18	8.26	1.36301	NA	218	1	NA	NA
chr16	32095648	203	19	8.56	1.36301	NA	222	1	NA	NA
chr16	32095667	216	11	4.85	1.36301	NA	227	1	NA	NA
chr16	33497570	95	23	19.49	1.36301	NA	118	1	NA	NA
chr16	33497584	82	23	21.9	1.36301	NA	105	1	NA	NA
chr16	33497617	56	18	24.32	1.36301	NA	74	1	NA	NA
chr16	33717921	77	16	17.2	1.36301	NA	93	1	NA	NA
chr16	33717930	80	20	20	1.36301	NA	100	1	NA	NA
chr16	33718311	56	15	21.13	1.36301	NA	71	1	NA	NA
chr16	71149660	235	69	22.7	3.187	3	304	1	NA	NA
chr16	74371193	33	7	17.5	1.43814	NA	40	1	NA	NA
chr16	90235142	258	26	9.15	1.43814	NA	284	1	NA	NA
chr16	90235174	187	27	12.62	1.43814	NA	214	1	NA	NA
chr17	7573996	41	21	33.87	1.58019	NA	62	1	NA	NA
chr17	20768069	146	32	17.98	1.58019	NA	178	1	NA	NA
chr17	20768132	210	59	21.93	1.58019	NA	269	1	NA	NA
chr17	20768134	212	59	21.77	1.58019	NA	271	1	NA	NA
chr17	20768137	213	60	21.98	1.58019	NA	273	1	NA	NA
chr17	20768142	217	59	21.38	1.58019	NA	276	1	NA	NA
chr17	21318629	10	22	68.75	1.58019	NA	32	1	NA	NA
chr17	21322847	62	18	22.5	1.58019	NA	80	1	NA	NA
chr17	36348786	1221	52	4.08	2.1437	2	1275	1	1	1.000000001
chr17	36348804	1194	54	4.33	2.1437	2	1247	1	1	1.000000001
chr17	39503380	99	13	11.61	1.36547	NA	112	1	NA	NA
chr17	45214558	1026	100	8.88	1.36547	NA	1126	1	NA	NA
chr17	45214690	541	58	9.68	1.36547	NA	599	1	NA	NA
chr17	45234417	827	42	4.83	1.36547	NA	870	1	NA	NA
chr17	45234449	1101	45	3.93	1.36547	NA	1145	1	NA	NA
chr17	45668303	353	44	11.08	1.47019	NA	397	1	NA	NA
chr17	75212060	436	59	11.92	2.58596	NA	495	1	NA	NA
chr17	75212062	472	33	6.53	2.58596	NA	505	1	NA	NA
chr17	75212073	504	43	7.86	2.58596	NA	547	1	NA	NA
chr17	75212075	528	40	7.04	2.58596	NA	568	1	NA	NA
chr17	75212294	478	25	4.97	2.58596	NA	503	1	NA	NA
chr17	75212385	538	22	3.93	2.58596	NA	560	1	NA	NA
chr18	14183848	235	18	7.11	2.03172	2	253	1	1	1.000000001
chr18	56653234	223	26	10.44	2.38717	NA	249	1	NA	NA
chr19	501786	40	7	14.89	1.31805	NA	47	1	NA	NA
chr19	4961823	74	5	6.33	1.31805	NA	79	1	NA	NA
chr19	4961831	75	5	6.25	1.31805	NA	80	1	NA	NA
chr19	21567583	330	14	4.07	1.31805	NA	344	1	NA	NA
chr19	21567587	280	47	14.37	1.31805	NA	327	1	NA	NA
chr19	21606870	341	17	4.75	1.31805	NA	358	1	NA	NA
chr19	21606875	335	18	5.1	1.31805	NA	353	1	NA	NA
chr19	21606877	341	17	4.75	1.31805	NA	358	1	NA	NA
chr19	21606883	344	16	4.44	1.31805	NA	360	1	NA	NA
chr19	21606884	342	16	4.47	1.31805	NA	358	1	NA	NA
chr19	21606894	336	17	4.82	1.31805	NA	353	1	NA	NA
chr19	21606903	331	17	4.89	1.31805	NA	348	1	NA	NA
chr19	21606915	317	17	5.09	1.31805	NA	334	1	NA	NA
chr19	41349550	42	18	30	1.64593	NA	60	1	NA	NA
chr2	905553	361	45	11.08	1.86632	2	406	1	1	1.000000001
chr2	905665	85	4	4.49	1.86632	2	89	1	1	1.000000001
chr2	27481035	71	11	13.41	1.75394	2	82	1	1	1.000000001
chr2	89101006	29	12	29.27	1.75163	2	41	1	1	1.000000001
chr2	89104959	129	13	9.15	1.75163	2	142	1	1	1.000000001
chr2	90414282	54	6	10	1.75163	2	60	1	1	1.000000001
chr2	91894137	220	47	17.6	1.75163	2	267	1	1	1.000000001
chr2	92075453	68	13	16.05	1.75163	2	81	1	1	1.000000001
chr2	95474262	138	27	16.36	1.75163	2	165	1	1	1.000000001
chr2	95474269	144	24	14.29	1.75163	2	168	1	1	1.000000001
chr2	96517822	343	23	6.28	1.75163	2	366	1	1	1.000000001
chr2	96521334	744	78	9.49	1.75163	2	822	1	1	1.000000001
chr2	96522079	184	21	10.24	1.75163	2	205	1	1	1.000000001
chr2	96604785	192	46	19.33	1.75163	2	238	1	1	1.000000001
chr2	96610540	56	12	17.65	1.75163	2	68	1	1	1.000000001
chr2	96610544	54	11	16.92	1.75163	2	65	1	1	1.000000001
chr2	96610546	54	9	14.29	1.75163	2	63	1	1	1.000000001
chr2	96610552	52	11	17.46	1.75163	2	63	1	1	1.000000001
chr2	96616597	67	22	24.72	1.75163	2	89	1	1	1.000000001
chr2	96616607	59	21	26.25	1.75163	2	80	1	1	1.000000001
chr2	96616622	52	11	17.46	1.75163	2	63	1	1	1.000000001
chr2	96919122	61	11	15.28	1.75163	2	72	1	1	1.000000001
chr2	97820478	143	48	25.13	1.75163	2	191	1	1	1.000000001
chr2	97820489	130	49	27.37	1.75163	2	179	1	1	1.000000001
chr2	97820493	122	49	28.65	1.75163	2	171	1	1	1.000000001
chr2	97820511	136	22	13.92	1.75163	2	158	1	1	1.000000001
chr2	112141350	52	15	22.39	1.52436	NA	67	1	NA	NA
chr2	114218150	105	30	22.22	0.944485	1	135	1	NA	NA
chr2	114352916	168	35	17.24	1.63173	NA	203	1	NA	NA
chr2	114355307	82	19	18.81	1.63173	NA	101	1	NA	NA
chr2	114356239	86	19	18.1	1.63173	NA	105	1	NA	NA
chr2	120195686	85	12	12.37	1.63173	NA	97	1	NA	NA
chr2	132045038	118	5	4.07	1.64456	NA	123	1	NA	NA
chr2	133015144	385	41	9.62	1.64456	NA	426	1	NA	NA
chr2	133015216	1046	83	7.35	1.64456	NA	1129	1	NA	NA
chr2	133015230	1036	58	5.3	1.64456	NA	1094	1	NA	NA
chr2	133015244	858	52	5.71	1.64456	NA	911	1	NA	NA
chr2	133015245	930	55	5.58	1.64456	NA	986	1	NA	NA
chr2	133015259	728	42	5.45	1.64456	NA	771	1	NA	NA
chr2	133015264	239	35	12.77	1.64456	NA	274	1	NA	NA
chr2	133015269	492	25	4.84	1.64456	NA	517	1	NA	NA
chr2	133015300	780	90	10.34	1.64456	NA	870	1	NA	NA
chr2	133015309	830	92	9.98	1.64456	NA	922	1	NA	NA
chr2	133015374	563	27	4.58	1.64456	NA	590	1	NA	NA
chr2	133015409	249	33	11.7	1.64456	NA	282	1	NA	NA
chr2	133015437	365	38	9.43	1.64456	NA	403	1	NA	NA
chr2	133015494	458	55	10.72	1.64456	NA	513	1	NA	NA
chr2	133015505	439	48	9.86	1.64456	NA	487	1	NA	NA
chr2	179523611	84	19	18.45	1.78918	2	103	1	1	1.000000001
chr20	20610203	76	9	10.59	2.13302	2	85	1	1	1.000000001
chr20	23666473	110	16	12.7	2.13302	2	126	1	1	1.000000001
chr20	29623224	487	25	4.88	1.93482	2	512	1	1	1.000000001
chr20	29623231	491	26	5.03	1.93482	2	517	1	1	1.000000001
chr20	29623254	298	67	18.36	1.93482	2	365	1	1	1.000000001
chr20	29623263	493	71	12.59	1.93482	2	564	1	1	1.000000001
chr20	29628216	571	37	6.09	1.93482	2	608	1	1	1.000000001
chr20	29628254	749	37	4.71	1.93482	2	786	1	1	1.000000001
chr20	29632583	628	28	4.27	1.93482	2	656	1	1	1.000000001
chr20	29632635	919	58	5.94	1.93482	2	976	1	1	1.000000001
chr20	29632660	982	80	7.53	1.93482	2	1062	1	1	1.000000001
chr20	29632749	847	66	7.23	1.93482	2	913	1	1	1.000000001
chr20	29632751	789	91	10.34	1.93482	2	880	1	1	1.000000001
chr20	29632792	560	55	8.94	1.93482	2	615	1	1	1.000000001
chr20	29633883	285	23	7.47	1.93482	2	308	1	1	1.000000001
chr20	29633945	399	39	8.9	1.93482	2	438	1	1	1.000000001
chr20	56861473	115	15	11.54	1.95504	2	130	1	1	1.000000001
chr21	9865820	679	29	4.1	1.38963	NA	707	1	NA	NA
chr21	9865872	486	23	4.52	1.38963	NA	509	1	NA	NA
chr21	9926853	157	34	17.8	1.38963	NA	191	1	NA	NA
chr21	11020826	256	15	5.54	1.38963	NA	271	1	NA	NA
chr21	11020831	265	13	4.68	1.38963	NA	278	1	NA	NA
chr21	11029536	155	10	6.06	1.38963	NA	165	1	NA	NA
chr21	11029604	278	22	7.33	1.38963	NA	300	1	NA	NA
chr21	11029605	278	22	7.33	1.38963	NA	300	1	NA	NA
chr21	14469929	47	11	18.97	1.38963	NA	58	1	NA	NA
chr21	15219044	128	14	9.86	1.38963	NA	142	1	NA	NA
chr21	15219046	127	15	10.56	1.38963	NA	142	1	NA	NA
chr21	15219052	132	14	9.59	1.38963	NA	146	1	NA	NA
chr22	16404839	43	11	20.37	1.38463	NA	54	1	NA	NA
chr22	21576172	120	15	11.11	1.31531	NA	135	1	NA	NA
chr22	21643751	255	25	8.93	1.31531	NA	280	1	NA	NA
chr22	22976553	191	8	4.02	1.31531	NA	199	1	NA	NA
chr22	23658968	50	10	16.67	1.28976	NA	60	1	NA	NA
chr22	25004095	37	14	27.45	1.40444	NA	51	1	NA	NA
chr22	25010828	66	21	24.14	1.40444	NA	87	1	NA	NA
chr22	25024275	124	18	12.68	1.40444	NA	142	1	NA	NA
chr22	25045018	137	24	14.91	1.40444	NA	161	1	NA	NA
chr22	25047062	132	56	29.79	1.40444	NA	188	1	NA	NA
chr22	25050224	63	9	12.5	1.40444	NA	72	1	NA	NA
chr22	25053827	183	9	4.69	1.40444	NA	192	1	NA	NA
chr3	4791448	124	19	13.29	1.77769	2	143	1	1	1.000000001
chr3	75406025	163	7	4.12	0.967477	1	170	1	NA	NA
chr3	75713472	40	57	58.76	1.96769	2	97	1	1	1.000000001
chr3	75713903	137	22	13.84	1.96769	2	159	1	1	1.000000001
chr3	75713904	136	22	13.92	1.96769	2	158	1	1	1.000000001
chr3	75713948	128	42	24.71	1.96769	2	170	1	1	1.000000001
chr3	75714895	586	37	5.94	1.96769	2	623	1	1	1.000000001
chr3	75786430	359	62	14.73	1.96769	2	421	1	1	1.000000001
chr3	75787174	440	45	9.28	1.96769	2	485	1	1	1.000000001
chr3	75787244	273	46	14.42	1.96769	2	319	1	1	1.000000001
chr3	75787269	235	51	17.83	1.96769	2	286	1	1	1.000000001
chr3	178952085	145	36	19.89	1.96932	2	181	1	1	1.000000001
chr3	195412748	162	29	15.18	1.83808	2	191	1	1	1.000000001
chr3	195412765	163	24	12.83	1.83808	2	187	1	1	1.000000001
chr3	195506421	102	6	5.56	0.563896	NA	108	1	NA	NA
chr3	195506963	96	7	6.8	0.563896	NA	103	1	NA	NA
chr3	195507144	262	35	11.78	0.563896	NA	297	1	NA	NA
chr3	195507155	245	39	13.73	0.563896	NA	284	1	NA	NA
chr3	195507173	271	37	12.01	0.563896	NA	308	1	NA	NA
chr3	195507666	231	10	4.15	0.563896	NA	241	1	NA	NA
chr3	195507673	221	9	3.91	0.563896	NA	230	1	NA	NA
chr3	195507675	221	9	3.91	0.563896	NA	230	1	NA	NA
chr3	195507683	209	20	8.73	0.563896	NA	229	1	NA	NA
chr3	195507771	274	20	6.8	0.563896	NA	294	1	NA	NA
chr3	195507817	290	15	4.92	0.563896	NA	305	1	NA	NA
chr3	195508060	266	14	5	0.563896	NA	280	1	NA	NA
chr3	195508249	279	33	10.58	0.563896	NA	312	1	NA	NA
chr3	195508956	216	31	12.55	0.563896	NA	247	1	NA	NA
chr3	195509045	334	29	7.99	0.563896	NA	363	1	NA	NA
chr3	195509235	309	14	4.33	0.563896	NA	323	1	NA	NA
chr3	195509832	449	46	9.29	0.563896	NA	495	1	NA	NA
chr3	195510121	298	24	7.45	0.563896	NA	322	1	NA	NA
chr3	195510134	288	25	7.99	0.563896	NA	313	1	NA	NA
chr3	195511358	338	28	7.65	0.563896	NA	366	1	NA	NA
chr3	195511454	243	10	3.95	0.563896	NA	253	1	NA	NA
chr3	195512629	419	37	8.11	0.563896	NA	456	1	NA	NA
chr3	195512631	407	42	9.35	0.563896	NA	449	1	NA	NA
chr3	195513413	391	17	4.17	0.563896	NA	408	1	NA	NA
chr3	195513611	367	18	4.68	0.563896	NA	385	1	NA	NA
chr3	195513621	371	32	7.94	0.563896	NA	403	1	NA	NA
chr3	195513667	330	39	10.57	0.563896	NA	369	1	NA	NA
chr3	195515017	107	17	13.71	0.563896	NA	124	1	NA	NA
chr3	195515194	280	18	6.04	0.563896	NA	298	1	NA	NA
chr4	49504178	94	21	18.26	1.76724	2	115	1	1	1.000000001
chr4	68411083	25	6	19.35	1.73748	NA	31	1	NA	NA
chr4	103826631	57	18	24	1.55649	NA	75	1	NA	NA
chr4	119555183	155	11	6.63	0.705002	NA	166	1	NA	NA
chr4	119555205	158	13	7.6	0.705002	NA	171	1	NA	NA
chr4	190805671	312	41	11.61	1.7009	NA	353	1	NA	NA
chr5	710682	227	22	8.84	1.9107	2	249	1	1	1.000000001
chr5	710726	187	86	31.5	1.9107	2	273	1	1	1.000000001
chr5	710747	221	51	18.75	1.9107	2	272	1	1	1.000000001
chr5	710756	247	28	10.18	1.9107	2	275	1	1	1.000000001
chr5	21482593	602	54	8.23	0.741645	NA	656	1	NA	NA
chr5	21491446	473	22	4.44	1.72238	NA	495	1	NA	NA
chr5	69515863	299	44	12.83	0.793554	1	343	1	NA	NA
chr5	69515870	288	39	11.93	0.793554	1	327	1	NA	NA
chr5	95129205	118	18	13.24	1.76345	2	136	1	1	1.000000001
chr5	99724975	97	12	11.01	0.657335	NA	109	1	NA	NA
chr5	140041230	117	16	12.03	1.69631	NA	133	1	NA	NA
chr5	156590545	71	12	14.46	1.99419	2	83	1	1	1.000000001
chr5	160716337	123	24	16.33	1.99419	2	147	1	1	1.000000001
chr5	160716346	132	25	15.92	1.99419	2	157	1	1	1.000000001
chr5	160716361	124	21	14.48	1.99419	2	145	1	1	1.000000001
chr6	161085363	114	12	9.52	1.62845	NA	126	1	NA	NA
chr6	167791524	46	23	33.33	1.60125	NA	69	1	NA	NA
chr6	167791530	46	17	26.98	1.60125	NA	63	1	NA	NA
chr7	39831766	131	18	12.08	0.928581	1	149	1	NA	NA
chr7	56900517	120	14	10.45	1.29513	NA	134	1	NA	NA
chr7	56900550	137	27	16.46	1.29513	NA	164	1	NA	NA
chr7	63213664	116	8	6.45	0.768757	1	124	1	NA	NA
chr7	75122867	138	24	14.81	1.44113	NA	162	1	NA	NA
chr7	75122897	157	26	14.21	1.44113	NA	183	1	NA	NA
chr7	76163458	43	10	18.87	1.44113	NA	53	1	NA	NA
chr7	76680437	102	20	16.39	0.875513	1	122	1	NA	NA
chr7	101987641	150	25	14.29	0.834278	1	175	1	NA	NA
chr7	142460482	119	47	28.31	2.0648	2	166	1	1	1.000000001
chr7	142460494	110	34	23.61	2.0648	2	144	1	1	1.000000001
chr7	142460495	109	35	24.31	2.0648	2	144	1	1	1.000000001
chr7	151932848	82	22	21.15	1.9164	2	104	1	1	1.000000001
chr8	7431563	191	22	10.33	1.56743	NA	213	1	NA	NA
chr8	10383226	19	34	64.15	1.56591	NA	53	1	NA	NA
chr8	19824138	73	36	33.03	1.53762	NA	109	1	NA	NA
chr8	52732965	400	35	8.05	1.6449	NA	435	1	NA	NA
chr8	52733143	200	55	21.57	1.6449	NA	255	1	NA	NA
chr8	86571977	186	34	15.45	2.22746	2	220	1	1	1.000000001
chr8	86572493	549	23	4.02	2.22746	2	572	1	1	1.000000001
chr8	86573307	753	59	7.27	2.22746	2	812	1	1	1.000000001
chr9	33541216	23	5	17.86	1.59207	NA	28	0	NA	NA
chr9	33795311	40	21	34.43	1.59207	NA	61	1	NA	NA
chr9	33795317	43	19	30.65	1.59207	NA	62	1	NA	NA
chr9	33795318	41	20	32.79	1.59207	NA	61	1	NA	NA
chr9	33797828	193	20	9.39	1.59207	NA	213	1	NA	NA
chr9	33797869	187	26	12.21	1.59207	NA	213	1	NA	NA
chr9	33798418	77	23	23	1.59207	NA	100	1	NA	NA
chr9	38541476	154	16	9.41	1.47703	NA	170	1	NA	NA
chr9	38541490	155	19	10.92	1.47703	NA	174	1	NA	NA
chr9	38541494	157	19	10.8	1.47703	NA	176	1	NA	NA
chr9	38541499	156	19	10.86	1.47703	NA	175	1	NA	NA
chr9	38541516	153	15	8.93	1.47703	NA	168	1	NA	NA
chr9	38541526	142	7	4.7	1.47703	NA	149	1	NA	NA
chr9	38541604	80	18	18.37	1.47703	NA	98	1	NA	NA
chr9	38541610	76	19	20	1.47703	NA	95	1	NA	NA
chr9	38541627	64	20	23.81	1.47703	NA	84	1	NA	NA
chr9	41954395	63	19	23.17	1.47703	NA	82	1	NA	NA
chr9	44091315	118	16	11.94	1.47703	NA	134	1	NA	NA
chr9	45424492	151	26	14.69	1.47703	NA	177	1	NA	NA
chr9	45424494	156	22	12.36	1.47703	NA	178	1	NA	NA
chr9	45424509	147	18	10.91	1.47703	NA	165	1	NA	NA
chr9	45424513	131	31	19.14	1.47703	NA	162	1	NA	NA
chr9	45728216	417	35	7.74	1.47703	NA	452	1	NA	NA
chr9	66499694	319	37	10.39	1.47703	NA	356	1	NA	NA
chr9	66500772	204	29	12.45	1.47703	NA	233	1	NA	NA
chr9	66513727	353	49	12.19	1.47703	NA	402	1	NA	NA
chr9	66513728	365	48	11.62	1.47703	NA	413	1	NA	NA
chr9	66513854	822	102	11.04	1.47703	NA	924	1	NA	NA
chr9	66513855	830	102	10.94	1.47703	NA	932	1	NA	NA
chr9	66513863	842	105	11.09	1.47703	NA	947	1	NA	NA
chr9	66513877	727	104	12.52	1.47703	NA	831	1	NA	NA
chr9	66664948	131	16	10.88	1.47703	NA	147	1	NA	NA
chr9	67293352	83	10	10.75	1.47703	NA	93	1	NA	NA
chr9	67293518	142	23	13.94	1.47703	NA	165	1	NA	NA
chr9	67293607	152	24	13.64	1.47703	NA	176	1	NA	NA
chr9	67293681	130	22	14.47	1.47703	NA	152	1	NA	NA
chr9	67293687	135	23	14.56	1.47703	NA	158	1	NA	NA
chr9	67293690	130	23	15.03	1.47703	NA	153	1	NA	NA
chr9	67293691	126	23	15.44	1.47703	NA	149	1	NA	NA
chr9	68316034	81	9	10	1.47703	NA	90	1	NA	NA
chr9	68430193	1399	64	4.37	1.47703	NA	1465	1	NA	NA
chr9	68430310	1037	96	8.47	1.47703	NA	1133	1	NA	NA
chr9	68433510	319	72	18.41	1.47703	NA	391	1	NA	NA
chr9	68433568	391	70	15.18	1.47703	NA	461	1	NA	NA
chr9	68433625	267	81	23.28	1.47703	NA	348	1	NA	NA
chr9	68433673	250	40	13.79	1.47703	NA	290	1	NA	NA
chr9	69391171	135	49	26.63	1.47703	NA	184	1	NA	NA
chr9	69391206	100	25	20	1.47703	NA	125	1	NA	NA
chr9	69476562	175	34	16.27	1.47703	NA	209	1	NA	NA
chr9	69651318	84	18	17.65	1.47703	NA	102	1	NA	NA
chr9	79253113	77	13	14.44	1.47703	NA	90	1	NA	NA
chr9	95277187	56	14	20	1.59859	NA	70	1	NA	NA
chrX	6451984	113	17	13.08	1.96401	2	130	1	1	1.000000001
chrX	7811214	74	23	23.71	1.96401	2	97	1	1	1.000000001
chrX	17772412	132	31	19.02	1.96401	2	163	1	1	1.000000001
chrX	18275104	124	25	16.78	1.96401	2	149	1	1	1.000000001
chrX	27839956	138	27	16.36	1.96224	2	165	1	1	1.000000001
chrX	37027057	175	44	20.09	2.02975	2	219	1	1	1.000000001
chrX	52825397	199	79	28.42	2.02975	2	278	1	1	1.000000001
chrX	54095232	108	28	20.59	2.02975	2	136	1	1	1.000000001
chrX	73802941	213	27	11.25	1.99889	2	240	1	1	1.000000001
chrX	73802947	216	25	10.37	1.99889	2	241	1	1	1.000000001
chrX	73803191	278	34	10.9	1.99889	2	312	1	1	1.000000001
chrX	105011316	176	16	8.33	1.99889	2	192	1	1	1.000000001
chrX	112053211	163	15	8.43	1.99889	2	178	1	1	1.000000001
chrX	134421062	181	16	8.12	1.96796	2	197	1	1	1.000000001
chrX	140677270	88	36	29.03	1.96796	2	124	1	1	1.000000001
chrX	140786561	104	31	22.96	1.96796	2	135	1	1	1.000000001
chrX	140994010	72	17	19.1	1.0357	1	89	1	NA	NA
chrX	140994017	82	18	18	1.0357	1	100	1	NA	NA
chrX	140994018	83	17	17	1.0357	1	100	1	NA	NA
chrX	140994096	218	29	11.74	1.0357	1	247	1	NA	NA
chrX	149767100	123	24	16.33	1.96442	2	147	1	1	1.000000001
chrX	153008343	59	23	28.05	1.96442	2	82	1	1	1.000000001
chrX	153008347	58	24	29.27	1.96442	2	82	1	1	1.000000001
chrX	153008360	61	17	21.79	1.96442	2	78	1	1	1.000000001
chrX	153008363	59	17	22.37	1.96442	2	76	1	1	1.000000001
