chr	st	BC35T.ref	BC35T.var	BC35T.vaf	BC35T.cn	BC35T.cleancn	BC35T.depth	adequateDepth	cluster	cluster.prob.1	cluster.prob.2	cluster.prob.3
chr1	662631	110	6	5.17	1.60158	NA	116	1	NA	NA	NA	NA
chr1	6173027	23	2	8	1.60158	NA	25	0	NA	NA	NA	NA
chr1	12921333	153	23	13.07	1.60158	NA	176	1	NA	NA	NA	NA
chr1	16360347	83	4	4.6	1.60158	NA	87	1	NA	NA	NA	NA
chr1	16892010	336	43	11.35	1.60158	NA	379	1	NA	NA	NA	NA
chr1	16893070	393	22	5.3	1.60158	NA	415	1	NA	NA	NA	NA
chr1	16907547	177	18	9.23	1.60158	NA	195	1	NA	NA	NA	NA
chr1	16953957	23	7	23.33	1.60158	NA	30	1	NA	NA	NA	NA
chr1	16959658	18	2	10	1.60158	NA	20	0	NA	NA	NA	NA
chr1	16972190	52	11	17.46	1.60158	NA	63	1	NA	NA	NA	NA
chr1	16974182	57	5	8.06	1.60158	NA	62	1	NA	NA	NA	NA
chr1	16974243	53	5	8.62	1.60158	NA	58	1	NA	NA	NA	NA
chr1	16975429	20	4	16.67	1.60158	NA	24	0	NA	NA	NA	NA
chr1	17030391	34	2	5.56	1.60158	NA	36	1	NA	NA	NA	NA
chr1	17084175	334	34	9.24	1.60158	NA	368	1	NA	NA	NA	NA
chr1	17197594	91	13	12.5	1.60158	NA	104	1	NA	NA	NA	NA
chr1	17322726	21	2	8.7	1.60158	NA	23	0	NA	NA	NA	NA
chr1	17975173	18	3	14.29	1.60158	NA	21	0	NA	NA	NA	NA
chr1	27190877	18	2	10	1.60158	NA	20	0	NA	NA	NA	NA
chr1	29040718	19	2	9.52	1.60158	NA	21	0	NA	NA	NA	NA
chr1	33476065	29	9	23.68	1.60158	NA	38	1	NA	NA	NA	NA
chr1	33476074	28	9	24.32	1.60158	NA	37	1	NA	NA	NA	NA
chr1	45241673	28	2	6.67	1.60158	NA	30	1	NA	NA	NA	NA
chr1	46746934	30	9	23.08	1.60158	NA	39	1	NA	NA	NA	NA
chr1	67133294	25	3	10.71	1.60158	NA	28	0	NA	NA	NA	NA
chr1	68626943	54	6	10	1.60158	NA	60	1	NA	NA	NA	NA
chr1	68627895	71	15	17.44	1.60158	NA	86	1	NA	NA	NA	NA
chr1	68627899	75	15	16.67	1.60158	NA	90	1	NA	NA	NA	NA
chr1	68628282	48	11	18.64	1.60158	NA	59	1	NA	NA	NA	NA
chr1	68628306	27	22	44.9	1.60158	NA	49	1	NA	NA	NA	NA
chr1	104118048	112	12	9.68	1.86103	2	124	1	3	1.01509125534986e-09	0.0337889220415849	0.966211079943324
chr1	142621039	158	10	5.95	1.93308	2	168	1	3	1.00000000630731e-09	0.000215492331073452	0.999784509668926
chr1	142670742	93	7	7	1.93308	2	100	1	3	1.00000080876283e-09	0.00114385103700826	0.998856150962991
chr1	142670753	80	12	13.04	1.93308	2	92	1	3	9.55068574667641e-08	0.482711857680216	0.517288049812927
chr1	142805368	401	42	9.48	1.93308	2	443	1	3	1.00797697056547e-09	0.0271814101429596	0.972818591849063
chr1	142805810	77	8	9.41	1.93308	2	85	1	3	1.00636121991672e-09	0.0251561851972651	0.974843816796373
chr1	142806008	255	21	7.61	1.93308	2	276	1	3	1.00001001234571e-09	0.00272326817161622	0.997276733828374
chr1	142806045	386	56	12.67	1.93308	2	442	1	3	4.44558072444818e-08	0.402775205764668	0.597224752779525
chr1	142806056	432	36	7.69	1.93308	2	468	1	3	1.00001373248787e-09	0.00303688185934561	0.99696312014064
chr1	142806178	391	36	8.43	1.93308	2	427	1	3	1.0002225499877e-09	0.00793983124386981	0.992060170755907
chr1	142808236	252	32	11.27	1.93308	2	284	1	3	2.50808259202652e-09	0.154807568986025	0.845192431505892
chr1	142808422	173	17	8.95	1.93308	2	190	1	3	1.00137768141808e-09	0.0148796038360677	0.985120398162555
chr1	142810346	74	11	12.94	1.93308	2	85	1	3	7.79495654859166e-08	0.461027923099642	0.538972001950793
chr1	142811870	485	43	8.14	1.93308	2	528	1	3	1.00007685154566e-09	0.00550174087692913	0.994498261122994
chr1	142811916	437	56	11.36	1.93308	2	493	1	3	2.9095731820606e-09	0.166633484045416	0.83336651604501
chr1	142812454	544	38	6.53	1.93308	2	582	1	3	1.00000010083206e-09	0.000558584667488214	0.999441417332512
chr1	142813007	385	48	11.09	1.93308	2	433	1	3	1.93307275849119e-09	0.133015234517219	0.866984766549708
chr1	142813141	401	41	9.28	1.93308	2	442	1	3	1.0041595892046e-09	0.0217490155762319	0.978250986419608
chr1	142815147	101	11	9.82	1.93308	2	112	1	3	1.02339378605468e-09	0.0392215642064558	0.96077843777015
chr1	142815884	702	56	7.39	1.93308	2	758	1	3	1.00000413200594e-09	0.00200685792303756	0.997993144076958
chr1	142815938	622	51	7.58	1.93308	2	673	1	3	1.00000888657791e-09	0.00261348977881395	0.997386512221177
chr1	142816142	62	11	15.07	1.93308	2	73	1	2	3.35923467062162e-06	0.83093597373743	0.169060670027899
chr1	142816154	74	10	11.9	1.93308	2	84	1	3	8.43371641341519e-09	0.250633882234349	0.749366112331935
chr1	142817502	50	10	16.67	1.93308	2	60	1	2	3.25857555720029e-05	0.941754722190493	0.0582126950539344
chr1	142819159	101	18	15.13	1.93308	2	119	1	2	3.68156209355937e-06	0.837350526828629	0.162645794609278
chr1	142819868	81	8	8.99	1.93308	2	89	1	3	1.00157841714534e-09	0.0155923124917765	0.984407689506645
chr1	142819989	64	9	12.33	1.93308	2	73	1	3	2.14331303872119e-08	0.331996223278144	0.668003758288726
chr1	142820391	122	18	12.86	1.93308	2	140	1	3	6.61292130898708e-08	0.443685842405236	0.556314094465551
chr1	142820393	100	35	25.93	1.93308	2	135	1	2	0.405300732431488	0.594571084828788	0.000128185739724636
chr1	142822095	156	21	11.86	1.93308	2	177	1	3	7.74459102001832e-09	0.243668292593245	0.756331702662164
chr1	142822289	93	24	20.51	1.93308	2	117	1	2	0.00317031938639611	0.992048239576532	0.00478144403707201
chr1	142822290	93	24	20.51	1.93308	2	117	1	2	0.00317031938639611	0.992048239576532	0.00478144403707201
chr1	142822306	122	20	14.08	1.93308	2	142	1	2	6.70295696231569e-07	0.691178186784945	0.308821145919359
chr1	142822352	144	27	15.79	1.93308	2	171	1	2	9.72405255841109e-06	0.894693272605988	0.105297006341454
chr1	142822360	148	25	14.45	1.93308	2	173	1	2	1.25396406244923e-06	0.751109105952001	0.248889643083937
chr1	142822389	123	29	19.08	1.93308	2	152	1	2	0.000638903196070594	0.987569090472768	0.0117920093311618
chr1	142823612	249	29	10.43	1.93308	2	278	1	3	1.14662110855534e-09	0.0727249265146919	0.927275075338687
chr1	142824397	80	16	16.67	1.93308	2	96	1	2	3.25857555720029e-05	0.941754722190493	0.0582126950539344
chr1	142824559	182	33	15.35	1.93308	2	215	1	2	5.12575109475943e-06	0.859055285518951	0.140939591729954
chr1	142826237	207	13	5.91	1.93308	2	220	1	3	1.000000005162e-09	0.000201168284447905	0.999798833715552
chr1	142826340	329	34	9.37	1.93308	2	363	1	3	1.00558526413325e-09	0.0240603223239906	0.975939679670424
chr1	142826847	251	15	5.64	1.93308	2	266	1	3	1.00000000128965e-09	0.000125003079215886	0.999874998920784
chr1	142827860	302	45	12.97	1.93308	2	347	1	3	8.28713563351148e-08	0.467535505193472	0.532464414935172
chr1	142828025	189	11	5.5	1.93308	2	200	1	3	1.00000000061286e-09	9.68638011000407e-05	0.9999031381989
chr1	142828757	258	41	13.71	1.93308	2	299	1	2	3.46570995378278e-07	0.622571769324949	0.377427887104055
chr1	142890890	18	3	14.29	1.93308	2	21	0	NA	NA	NA	NA
chr1	142890894	20	2	9.09	1.93308	2	22	0	NA	NA	NA	NA
chr1	142890905	20	7	25.93	1.93308	2	27	0	NA	NA	NA	NA
chr1	142891007	30	2	6.25	1.93308	2	32	1	3	1.00000002726202e-09	0.000356271583215459	0.999643730416784
chr1	143167405	88	11	11.11	1.93308	2	99	1	3	1.98471774585831e-09	0.135315763851925	0.864684237163357
chr1	143195884	42	11	20.75	1.93308	2	53	1	2	0.00410761082702742	0.991769897327828	0.00412249484514439
chr1	143218965	20	5	20	1.93308	2	25	0	NA	NA	NA	NA
chr1	143219080	35	6	14.63	1.93308	2	41	1	2	1.68223658819251e-06	0.776916639499527	0.223081681263885
chr1	143219102	35	7	16.67	1.93308	2	42	1	2	3.25857555720029e-05	0.941754722190493	0.0582126950539344
chr1	143380544	34	8	19.05	1.93308	2	42	1	2	0.000617088010176242	0.9873609064555	0.0120220085343241
chr1	143767628	289	57	16.47	1.93308	2	346	1	2	2.49365782393237e-05	0.933341794185419	0.0666332722363412
chr1	144615102	54	18	25	1.93308	2	72	1	2	0.224482325693451	0.775241314826682	0.000276362479866837
chr1	144828860	322	44	12.02	1.93308	2	366	1	3	1.09204000008812e-08	0.272190109872631	0.727809882206969
chr1	145290547	178	23	11.44	1.93308	2	201	1	3	3.35003736487298e-09	0.177671843254356	0.822328156395606
chr1	145293014	343	28	7.55	1.93308	2	371	1	3	1.00000788391933e-09	0.00250776092082176	0.99749224107917
chr1	145293069	357	34	8.7	1.93308	2	391	1	3	1.00058092448593e-09	0.011052614116932	0.988947387882487
chr1	145293744	59	9	13.24	1.93308	2	68	1	2	1.42185308949464e-07	0.525795102647085	0.474204758167606
chr1	145366326	22	11	33.33	1.93308	2	33	1	1	0.996910829462414	0.00308915617834384	1.73592416827289e-08
chr1	145366418	31	9	22.5	1.93308	2	40	1	2	0.0249561828327358	0.973622692127033	0.00142112804023118
chr1	145368962	143	33	18.75	1.93308	2	176	1	2	0.000434772780969183	0.984968653467308	0.0145965767517233
chr1	148010987	92	5	5.15	1.93308	2	97	1	3	1.00000000008796e-09	4.98234173207462e-05	0.999950178582679
chr1	148251814	323	20	5.83	1.93308	2	343	1	3	1.00000000344423e-09	0.000175086938719555	0.99982491506128
chr1	148853856	176	20	10.2	1.93308	2	196	1	3	1.07443699659815e-09	0.0579845797654491	0.942015422160114
chr1	148891643	138	10	6.76	1.93308	2	148	1	3	1.00000028406561e-09	0.000797779837728537	0.999202222162271
chr1	149262467	140	24	14.63	1.93308	2	164	1	2	1.68223658819251e-06	0.776916639499527	0.223081681263885
chr1	152187437	124	6	4.62	1.93308	2	130	1	3	1.00000000000361e-09	1.67302121988405e-05	0.999983271787801
chr1	152188964	304	29	8.71	1.93308	2	333	1	3	1.00060161235652e-09	0.0111866780593864	0.988813323940012
chr1	152189016	223	17	7.08	1.93308	2	240	1	3	1.00000113780081e-09	0.00128660646007248	0.998713395539926
chr1	153516299	29	3	9.38	1.93308	2	32	1	3	1.0057701918134e-09	0.0243302169883377	0.975669785005892
chr1	154919095	22	3	12	1.93308	2	25	0	NA	NA	NA	NA
chr1	170043678	28	2	6.67	1.93308	2	30	1	3	1.00000019016446e-09	0.000694851599432902	0.999305150400567
chr1	182775162	34	8	19.05	1.93308	2	42	1	2	0.000617088010176242	0.9873609064555	0.0120220085343241
chr1	182775163	34	8	19.05	1.93308	2	42	1	2	0.000617088010176242	0.9873609064555	0.0120220085343241
chr1	186301532	30	7	18.92	2.22299	2	37	1	2	0.000530536200810581	0.986395401261087	0.0130740655381021
chr1	186648608	40	8	16.67	2.22299	2	48	1	2	3.25857555720029e-05	0.941754722190493	0.0582126950539344
chr1	201179173	193	17	8.1	2.22299	2	210	1	3	1.00006618426434e-09	0.00522523783233188	0.994774764167602
chr1	225704921	20	2	9.09	2.22299	2	22	0	NA	NA	NA	NA
chr1	228335246	21	2	8.7	2.22299	2	23	0	NA	NA	NA	NA
chr1	228563875	23	2	8	2.22299	2	25	0	NA	NA	NA	NA
chr1	229667511	23	2	8	2.22299	2	25	0	NA	NA	NA	NA
chr1	248224202	95	9	8.65	2.02315	2	104	1	3	1.0004873994579e-09	0.0104038644017463	0.989596137597766
chr1	248637381	114	8	6.56	2.02315	2	122	1	3	1.00000011563849e-09	0.000585543280774394	0.999414458719226
chr10	1779422	24	2	7.69	1.7898	2	26	0	NA	NA	NA	NA
chr10	6469123	14	4	22.22	1.7898	2	18	0	NA	NA	NA	NA
chr10	15050087	178	23	11.44	1.7898	2	201	1	3	3.35003736487298e-09	0.177671843254356	0.822328156395606
chr10	15050090	182	24	11.65	1.7898	2	206	1	3	5.01102288165533e-09	0.209002781871792	0.790997216117185
chr10	15050147	163	17	9.44	1.7898	2	180	1	3	1.00701062575864e-09	0.0260070636037312	0.973992938389258
chr10	37486175	44	4	8.33	1.7898	2	48	1	3	1.00015484617941e-09	0.00700605673808462	0.99299394526176
chr10	38475410	34	7	17.07	1.7898	2	41	1	2	5.50240320998602e-05	0.955500186530838	0.044444792437062
chr10	38475431	43	8	15.69	1.7898	2	51	1	2	8.426827212966e-06	0.887429278583412	0.112562297589375
chr10	38740062	92	5	5.15	1.7898	2	97	1	3	1.00000000008796e-09	4.98234173207462e-05	0.999950178582679
chr10	49239191	17	8	32	1.7898	2	25	0	NA	NA	NA	NA
chr10	51620621	33	7	17.5	1.7898	2	40	1	2	9.51937094465426e-05	0.966605212151995	0.0332995971385585
chr10	73820370	29	2	6.45	1.7898	2	31	1	3	1.00000006976919e-09	0.000492129922949209	0.99950787207705
chr10	81317292	44	12	21.43	1.7898	2	56	1	2	0.00843096680161852	0.988850059319423	0.00271897687895872
chr10	90503151	10	7	41.18	1.78027	2	17	0	NA	NA	NA	NA
chr10	97922945	43	10	18.87	1.7463	NA	53	1	NA	NA	NA	NA
chr10	99133698	25	2	7.41	1.7463	NA	27	0	NA	NA	NA	NA
chr10	102257911	30	3	9.09	1.7463	NA	33	1	NA	NA	NA	NA
chr10	104233729	24	2	7.69	1.7463	NA	26	0	NA	NA	NA	NA
chr10	113910240	64	5	7.25	1.7463	NA	69	1	NA	NA	NA	NA
chr10	114043581	31	4	11.43	1.7463	NA	35	1	NA	NA	NA	NA
chr10	126677068	574	27	4.49	1.7463	NA	601	1	NA	NA	NA	NA
chr10	126677076	564	27	4.57	1.7463	NA	591	1	NA	NA	NA	NA
chr10	126677096	542	56	9.36	1.7463	NA	598	1	NA	NA	NA	NA
chr10	126677242	439	27	5.79	1.7463	NA	466	1	NA	NA	NA	NA
chr10	131905488	216	27	11.11	1.7463	NA	243	1	NA	NA	NA	NA
chr11	1016879	520	27	4.94	1.67041	NA	547	1	NA	NA	NA	NA
chr11	1016919	388	28	6.73	1.67041	NA	416	1	NA	NA	NA	NA
chr11	1016960	389	49	11.19	1.67041	NA	438	1	NA	NA	NA	NA
chr11	1016961	405	36	8.16	1.67041	NA	441	1	NA	NA	NA	NA
chr11	1016970	399	35	8.06	1.67041	NA	434	1	NA	NA	NA	NA
chr11	1017024	356	27	7.05	1.67041	NA	383	1	NA	NA	NA	NA
chr11	1017059	378	30	7.35	1.67041	NA	408	1	NA	NA	NA	NA
chr11	1017066	402	25	5.85	1.67041	NA	427	1	NA	NA	NA	NA
chr11	1017085	474	34	6.69	1.67041	NA	508	1	NA	NA	NA	NA
chr11	1017090	478	34	6.64	1.67041	NA	512	1	NA	NA	NA	NA
chr11	1017111	321	40	11.08	1.67041	NA	361	1	NA	NA	NA	NA
chr11	1017116	361	30	7.67	1.67041	NA	391	1	NA	NA	NA	NA
chr11	1017200	453	44	8.85	1.67041	NA	497	1	NA	NA	NA	NA
chr11	1017221	460	30	6.12	1.67041	NA	490	1	NA	NA	NA	NA
chr11	1017280	304	36	10.59	1.67041	NA	340	1	NA	NA	NA	NA
chr11	1017294	277	31	10.06	1.67041	NA	308	1	NA	NA	NA	NA
chr11	1017458	185	10	5.13	1.67041	NA	195	1	NA	NA	NA	NA
chr11	1017474	190	11	5.47	1.67041	NA	201	1	NA	NA	NA	NA
chr11	1017709	228	18	7.32	1.67041	NA	246	1	NA	NA	NA	NA
chr11	1017716	257	18	6.55	1.67041	NA	275	1	NA	NA	NA	NA
chr11	1017719	289	20	6.47	1.67041	NA	309	1	NA	NA	NA	NA
chr11	1017822	400	24	5.66	1.67041	NA	424	1	NA	NA	NA	NA
chr11	1017833	429	59	12.09	1.67041	NA	488	1	NA	NA	NA	NA
chr11	1017841	489	28	5.42	1.67041	NA	517	1	NA	NA	NA	NA
chr11	1017848	497	35	6.58	1.67041	NA	532	1	NA	NA	NA	NA
chr11	1017869	493	54	9.87	1.67041	NA	547	1	NA	NA	NA	NA
chr11	1017870	548	34	5.84	1.67041	NA	582	1	NA	NA	NA	NA
chr11	1018266	208	27	11.49	1.67041	NA	235	1	NA	NA	NA	NA
chr11	1018275	228	18	7.32	1.67041	NA	246	1	NA	NA	NA	NA
chr11	1018289	188	20	9.62	1.67041	NA	208	1	NA	NA	NA	NA
chr11	1018312	185	15	7.5	1.67041	NA	200	1	NA	NA	NA	NA
chr11	1018321	196	14	6.67	1.67041	NA	210	1	NA	NA	NA	NA
chr11	1021222	22	2	8.33	1.67041	NA	24	0	NA	NA	NA	NA
chr11	1251428	24	2	7.69	1.67041	NA	26	0	NA	NA	NA	NA
chr11	26582085	36	8	18.18	1.67041	NA	44	1	NA	NA	NA	NA
chr11	35463075	59	3	4.84	1.67041	NA	62	1	NA	NA	NA	NA
chr11	47290977	38	2	5	1.67041	NA	40	1	NA	NA	NA	NA
chr11	56185308	58	3	4.92	1.67041	NA	61	1	NA	NA	NA	NA
chr11	63231134	15	4	21.05	1.55455	NA	19	0	NA	NA	NA	NA
chr11	64088603	41	5	10.87	1.55455	NA	46	1	NA	NA	NA	NA
chr11	64675017	30	2	6.25	1.55455	NA	32	1	NA	NA	NA	NA
chr11	64807336	20	2	9.09	1.55455	NA	22	0	NA	NA	NA	NA
chr11	65111194	40	3	6.98	1.55455	NA	43	1	NA	NA	NA	NA
chr11	65714393	32	2	5.88	1.55455	NA	34	1	NA	NA	NA	NA
chr11	66743932	26	4	13.33	1.55455	NA	30	1	NA	NA	NA	NA
chr11	71723547	31	3	8.82	1.50087	NA	34	1	NA	NA	NA	NA
chr11	72420881	18	2	10	1.50087	NA	20	0	NA	NA	NA	NA
chr11	75314413	39	6	13.33	1.50087	NA	45	1	NA	NA	NA	NA
chr11	76414387	19	3	13.64	1.50087	NA	22	0	NA	NA	NA	NA
chr11	89391799	23	9	28.12	1.50087	NA	32	1	NA	NA	NA	NA
chr11	89391841	18	9	33.33	1.50087	NA	27	0	NA	NA	NA	NA
chr11	89534173	14	3	17.65	1.50087	NA	17	0	NA	NA	NA	NA
chr11	94803229	14	8	36.36	1.50087	NA	22	0	NA	NA	NA	NA
chr11	109295728	38	5	11.63	1.50087	NA	43	1	NA	NA	NA	NA
chr11	116649764	25	2	7.41	1.50087	NA	27	0	NA	NA	NA	NA
chr11	116708062	21	2	8.7	1.50087	NA	23	0	NA	NA	NA	NA
chr11	117979672	18	2	10	1.50087	NA	20	0	NA	NA	NA	NA
chr11	118827766	24	3	11.11	1.50087	NA	27	0	NA	NA	NA	NA
chr11	123483450	22	2	8.33	1.50087	NA	24	0	NA	NA	NA	NA
chr12	6936297	28	2	6.67	1.6576	NA	30	1	NA	NA	NA	NA
chr12	8353318	91	9	9	1.6576	NA	100	1	NA	NA	NA	NA
chr12	9580350	49	7	12.5	1.6576	NA	56	1	NA	NA	NA	NA
chr12	11201283	51	10	16.39	1.6576	NA	61	1	NA	NA	NA	NA
chr12	11214299	146	18	10.98	1.6576	NA	164	1	NA	NA	NA	NA
chr12	21481482	15	5	25	1.99585	2	20	0	NA	NA	NA	NA
chr12	123892646	27	10	27.03	2.3512	NA	37	1	NA	NA	NA	NA
chr12	123892672	39	9	18.75	2.3512	NA	48	1	NA	NA	NA	NA
chr12	123892800	62	13	17.33	2.3512	NA	75	1	NA	NA	NA	NA
chr13	19393475	28	6	17.65	1.74219	NA	34	1	NA	NA	NA	NA
chr13	19393480	28	6	17.65	1.74219	NA	34	1	NA	NA	NA	NA
chr13	19393481	27	6	18.18	1.74219	NA	33	1	NA	NA	NA	NA
chr13	19413073	70	15	17.65	1.74219	NA	85	1	NA	NA	NA	NA
chr13	19413087	49	11	18.33	1.74219	NA	60	1	NA	NA	NA	NA
chr13	19433836	173	31	15.2	1.74219	NA	204	1	NA	NA	NA	NA
chr13	19433845	175	34	16.27	1.74219	NA	209	1	NA	NA	NA	NA
chr13	19433899	156	25	13.81	1.74219	NA	181	1	NA	NA	NA	NA
chr13	25671465	106	9	7.83	1.74219	NA	115	1	NA	NA	NA	NA
chr13	25671477	99	9	8.33	1.74219	NA	108	1	NA	NA	NA	NA
chr13	25671585	76	7	8.43	1.74219	NA	83	1	NA	NA	NA	NA
chr13	25671586	77	7	8.33	1.74219	NA	84	1	NA	NA	NA	NA
chr13	25671607	87	13	13	1.74219	NA	100	1	NA	NA	NA	NA
chr13	25671608	92	13	12.38	1.74219	NA	105	1	NA	NA	NA	NA
chr13	30090341	20	2	9.09	1.74219	NA	22	0	NA	NA	NA	NA
chr13	113140126	51	3	5.56	1.74219	NA	54	1	NA	NA	NA	NA
chr14	19553434	129	6	4.44	1.88217	2	135	1	3	1.00000000000113e-09	1.124438067557e-05	0.999988757619324
chr14	19553917	57	13	18.57	1.88217	2	70	1	2	0.000351503860198199	0.98323708488117	0.0164114142586317
chr14	20009987	67	14	17.28	1.88217	2	81	1	2	7.2046150693617e-05	0.961337023944102	0.0385909329052044
chr14	20019785	27	3	10	1.88217	2	30	1	3	1.04071532821739e-09	0.0473208150721098	0.952679186887175
chr14	20019792	28	4	12.5	1.88217	2	32	1	3	3.09456502245396e-08	0.366863040591254	0.633136931463096
chr14	21679212	135	16	10.6	1.88217	2	151	1	3	1.23936142121709e-09	0.0855373499554571	0.914462651805181
chr14	23874385	55	3	5.17	1.88217	2	58	1	3	1.0000000000986e-09	5.18101411985637e-05	0.999948191858801
chr14	31177247	57	5	8.06	1.88217	2	62	1	3	1.00005695827728e-09	0.00496144293864396	0.995038559061299
chr14	31597078	42	15	26.32	1.88217	2	57	1	2	0.492270480300101	0.507640617453437	8.89052464620268e-05
chr14	51259585	34	3	8.11	1.88217	2	37	1	3	1.00006870798857e-09	0.00529315120394975	0.994706850795981
chr14	61439137	58	13	18.31	1.88217	2	71	1	2	0.000257671686067726	0.980284728449348	0.0194576028645845
chr14	63747838	35	4	10.26	1.88217	2	39	1	3	1.08898232195067e-09	0.0615605103734843	0.938439491537534
chr14	100841885	27	3	10	1.88217	2	30	1	3	1.04071532821739e-09	0.0473208150721098	0.952679186887175
chr14	105344309	22	2	8.33	1.88217	2	24	0	NA	NA	NA	NA
chr15	20084355	31	8	20.51	1.51551	NA	39	1	NA	NA	NA	NA
chr15	20084381	20	3	13.04	1.51551	NA	23	0	NA	NA	NA	NA
chr15	28989968	34	4	10.53	1.51551	NA	38	1	NA	NA	NA	NA
chr15	37393239	29	2	6.45	1.51551	NA	31	1	NA	NA	NA	NA
chr15	40584192	25	2	7.41	1.51551	NA	27	0	NA	NA	NA	NA
chr15	41822126	20	2	9.09	1.51551	NA	22	0	NA	NA	NA	NA
chr15	42704445	19	2	9.52	1.51551	NA	21	0	NA	NA	NA	NA
chr15	64975226	77	10	11.49	3.05781	3	87	1	NA	NA	NA	NA
chr15	64975316	122	13	9.63	3.05781	3	135	1	NA	NA	NA	NA
chr15	66794137	311	21	6.33	10.3776	NA	332	1	NA	NA	NA	NA
chr15	67652084	22	3	12	2.13569	2	25	0	NA	NA	NA	NA
chr15	72931731	46	3	6.12	4.17015	4	49	1	NA	NA	NA	NA
chr15	74364478	60	57	48.72	4.65377	NA	117	1	NA	NA	NA	NA
chr15	74364502	67	43	39.09	4.65377	NA	110	1	NA	NA	NA	NA
chr15	74364695	245	29	10.58	4.65377	NA	274	1	NA	NA	NA	NA
chr15	74364721	204	24	10.53	4.65377	NA	228	1	NA	NA	NA	NA
chr15	76030058	42	13	23.64	3.53106	NA	55	1	NA	NA	NA	NA
chr15	76030074	76	15	16.48	3.53106	NA	91	1	NA	NA	NA	NA
chr15	76030075	78	14	15.22	3.53106	NA	92	1	NA	NA	NA	NA
chr15	76030078	81	17	17.35	3.53106	NA	98	1	NA	NA	NA	NA
chr15	76030115	125	23	15.54	3.53106	NA	148	1	NA	NA	NA	NA
chr15	76030135	147	19	11.45	3.53106	NA	166	1	NA	NA	NA	NA
chr15	79066932	27	7	20.59	2.36559	NA	34	1	NA	NA	NA	NA
chr15	81644142	91	20	18.02	5.83891	NA	111	1	NA	NA	NA	NA
chr15	85055495	119	19	13.77	2.74461	NA	138	1	NA	NA	NA	NA
chr15	85055496	122	19	13.48	2.74461	NA	141	1	NA	NA	NA	NA
chr15	85661085	40	6	13.04	2.74461	NA	46	1	NA	NA	NA	NA
chr15	85787963	122	9	6.87	2.74461	NA	131	1	NA	NA	NA	NA
chr15	85788013	29	5	14.71	2.74461	NA	34	1	NA	NA	NA	NA
chr15	89174884	81	20	19.8	7.66189	NA	101	1	NA	NA	NA	NA
chr15	89402253	102	8	7.27	7.66189	NA	110	1	NA	NA	NA	NA
chr16	4636954	33	10	23.26	1.8335	2	43	1	2	0.0517976339904525	0.947310294238988	0.000892074770559062
chr16	15198331	88	20	18.52	1.8335	2	108	1	2	0.000331233247204114	0.982712632462041	0.0169561372907549
chr16	18880077	36	4	10	1.8335	2	40	1	3	1.04071532821739e-09	0.0473208150721098	0.952679186887175
chr16	29789469	20	3	13.04	1.8335	2	23	0	NA	NA	NA	NA
chr16	31510543	18	7	28	1.8335	2	25	0	NA	NA	NA	NA
chr16	32192073	53	4	7.02	1.8335	2	57	1	3	1.00000088110935e-09	0.00117811650254573	0.998821885497453
chr16	33498021	79	9	10.23	1.8335	2	88	1	3	1.08139716350171e-09	0.0597497256964237	0.940250276222179
chr16	33498022	79	10	11.24	1.8335	2	89	1	3	2.39314290342914e-09	0.15100426940424	0.848995731202617
chr16	33544292	149	29	16.29	1.8335	2	178	1	2	1.95327018187701e-05	0.924737017262629	0.075243453035552
chr16	33961509	20	8	28.57	1.8335	2	28	0	NA	NA	NA	NA
chr16	33961515	19	8	29.63	1.8335	2	27	0	NA	NA	NA	NA
chr16	33961580	40	11	21.57	1.8335	2	51	1	2	0.00974949835381005	0.987753380647401	0.00249712399878896
chr16	58540577	27	3	10	1.8335	2	30	1	3	1.04071532821739e-09	0.0473208150721098	0.952679186887175
chr16	65032634	35	8	18.6	1.8335	2	43	1	2	0.000364230721557891	0.983542421636342	0.0160933506421
chr16	69922131	25	2	7.41	1.8335	2	27	0	NA	NA	NA	NA
chr16	85123170	23	2	8	1.8335	2	25	0	NA	NA	NA	NA
chr16	90236421	25	6	19.35	1.8335	2	31	1	2	0.000871505063612515	0.989211098578813	0.0099173993575746
chr16	90236464	44	7	13.73	1.8335	2	51	1	2	3.59478176267896e-07	0.626478511512964	0.37352113200886
chr17	5357269	19	2	9.52	1.39658	NA	21	0	NA	NA	NA	NA
chr17	6607355	20	2	9.09	1.39658	NA	22	0	NA	NA	NA	NA
chr17	7227246	23	2	8	1.39658	NA	25	0	NA	NA	NA	NA
chr17	8243598	32	2	5.88	1.39658	NA	34	1	NA	NA	NA	NA
chr17	8726698	21	3	12.5	1.39658	NA	24	0	NA	NA	NA	NA
chr17	12920539	16	5	23.81	1.39658	NA	21	0	NA	NA	NA	NA
chr17	17397934	29	11	27.5	1.39658	NA	40	1	NA	NA	NA	NA
chr17	20492954	115	10	8	1.39658	NA	125	1	NA	NA	NA	NA
chr17	20768132	74	17	18.68	1.39658	NA	91	1	NA	NA	NA	NA
chr17	20768134	74	18	19.57	1.39658	NA	92	1	NA	NA	NA	NA
chr17	20768137	75	18	19.35	1.39658	NA	93	1	NA	NA	NA	NA
chr17	20768142	77	23	23	1.39658	NA	100	1	NA	NA	NA	NA
chr17	20768458	84	15	15.15	1.39658	NA	99	1	NA	NA	NA	NA
chr17	21904951	153	17	10	1.39658	NA	170	1	NA	NA	NA	NA
chr17	26596614	52	8	13.33	1.99598	2	60	1	2	1.69444014288789e-07	0.544927173498289	0.455072660057697
chr17	38421095	18	2	10	1.59926	NA	20	0	NA	NA	NA	NA
chr17	39406752	130	18	12.16	1.59926	NA	148	1	NA	NA	NA	NA
chr17	39406755	132	18	12	1.59926	NA	150	1	NA	NA	NA	NA
chr17	39406763	139	18	11.46	1.59926	NA	157	1	NA	NA	NA	NA
chr17	39406774	137	19	12.18	1.59926	NA	156	1	NA	NA	NA	NA
chr17	40346426	18	2	10	1.59926	NA	20	0	NA	NA	NA	NA
chr17	41050586	19	2	9.52	1.59926	NA	21	0	NA	NA	NA	NA
chr17	41327769	37	3	7.5	1.59926	NA	40	1	NA	NA	NA	NA
chr17	42437320	23	2	8	1.59926	NA	25	0	NA	NA	NA	NA
chr17	45221273	31	4	11.43	1.4024	NA	35	1	NA	NA	NA	NA
chr18	3814336	20	4	16.67	1.9655	2	24	0	NA	NA	NA	NA
chr18	6462873	150	7	4.46	1.9655	2	157	1	3	1.00000000000129e-09	1.17606059260504e-05	0.999988241394074
chr18	7009387	21	13	38.24	1.9655	2	34	1	1	0.999918522557595	8.14793978647473e-05	1.04454044924999e-09
chr18	14183814	109	13	10.66	1.9655	2	122	1	3	1.28393338319354e-09	0.0904813993475669	0.9095186023685
chr18	14183823	101	12	10.62	1.9655	2	113	1	3	1.25341414388239e-09	0.0871601337400239	0.912839868006562
chr18	14183848	93	9	8.82	1.9655	2	102	1	3	1.00088185822847e-09	0.0127616323612651	0.987238369637853
chr18	14183876	113	7	5.83	1.9655	2	120	1	3	1.00000000344423e-09	0.000175086938719555	0.99982491506128
chr18	14221117	40	5	11.11	1.9655	2	45	1	3	1.98471774585831e-09	0.135315763851925	0.864684237163357
chr18	14221131	46	5	9.8	1.9655	2	51	1	3	1.02198245426928e-09	0.0384013162040889	0.961598685773929
chr18	14221171	74	10	11.9	1.9655	2	84	1	3	8.43371641341519e-09	0.250633882234349	0.749366112331935
chr18	15325567	105	27	20.45	1.9655	2	132	1	2	0.00297027016795796	0.992067062693586	0.00496267013845607
chr18	20945591	58	12	17.14	1.9655	2	70	1	2	6.02208353675017e-05	0.95754068234976	0.0423990998148721
chr18	29040685	18	2	10	1.9655	2	20	0	NA	NA	NA	NA
chr18	47352733	48	8	14.29	2.10118	2	56	1	2	9.60118147894327e-07	0.726319061283482	0.27367998159837
chr18	47352742	48	8	14.29	2.10118	2	56	1	2	9.60118147894327e-07	0.726319061283482	0.27367998159837
chr18	47352754	48	8	14.29	2.10118	2	56	1	2	9.60118147894327e-07	0.726319061283482	0.27367998159837
chr18	47352768	53	7	11.67	2.10118	2	60	1	3	5.2172633463029e-09	0.212162904045455	0.787837093737282
chr18	47432950	36	3	7.69	2.10118	2	39	1	3	1.00001373248787e-09	0.00303688185934561	0.99696312014064
chr18	74726149	25	8	24.24	2.10118	2	33	1	2	0.123789291256512	0.875735992548148	0.000474719195340253
chr19	649651	23	2	8	1.5645	NA	25	0	NA	NA	NA	NA
chr19	1796190	20	2	9.09	1.5645	NA	22	0	NA	NA	NA	NA
chr19	2934006	32	3	8.57	1.5645	NA	35	1	NA	NA	NA	NA
chr19	3525891	18	2	10	1.5645	NA	20	0	NA	NA	NA	NA
chr19	10450239	18	2	10	1.5645	NA	20	0	NA	NA	NA	NA
chr19	10580303	20	2	9.09	1.5645	NA	22	0	NA	NA	NA	NA
chr19	11510690	27	2	6.9	1.5645	NA	29	0	NA	NA	NA	NA
chr19	14073312	22	2	8.33	1.5645	NA	24	0	NA	NA	NA	NA
chr19	14675959	24	2	7.69	1.5645	NA	26	0	NA	NA	NA	NA
chr19	22155696	205	12	5.53	1.5645	NA	217	1	NA	NA	NA	NA
chr19	34584127	62	3	4.62	1.5645	NA	65	1	NA	NA	NA	NA
chr19	36236888	23	2	8	1.5645	NA	25	0	NA	NA	NA	NA
chr19	38874989	19	2	9.52	1.5645	NA	21	0	NA	NA	NA	NA
chr19	38875000	17	2	10.53	1.5645	NA	19	0	NA	NA	NA	NA
chr19	38907698	29	2	6.45	1.5645	NA	31	1	NA	NA	NA	NA
chr19	40389741	34	5	12.82	1.5645	NA	39	1	NA	NA	NA	NA
chr19	41704484	24	2	7.69	1.5645	NA	26	0	NA	NA	NA	NA
chr19	42730050	17	2	10.53	1.5645	NA	19	0	NA	NA	NA	NA
chr19	42794564	22	2	8.33	1.5645	NA	24	0	NA	NA	NA	NA
chr19	43771888	33	7	17.5	1.5645	NA	40	1	NA	NA	NA	NA
chr19	44131332	24	2	7.69	1.5645	NA	26	0	NA	NA	NA	NA
chr19	46027071	38	2	5	1.5645	NA	40	1	NA	NA	NA	NA
chr19	47123932	29	2	6.45	1.5645	NA	31	1	NA	NA	NA	NA
chr19	58376390	154	15	8.88	1.5645	NA	169	1	NA	NA	NA	NA
chr19	58609420	16	10	38.46	1.5645	NA	26	0	NA	NA	NA	NA
chr2	905497	297	39	11.61	1.90871	2	336	1	3	4.62683405329481e-09	0.202773709151874	0.797226289221291
chr2	905578	475	34	6.68	1.90871	2	509	1	3	1.00000019888539e-09	0.000705657650435008	0.999294344349565
chr2	905579	478	37	7.18	1.90871	2	515	1	3	1.0000017345807e-09	0.00148783899182793	0.99851216300817
chr2	26540476	27	2	6.9	1.90871	2	29	0	NA	NA	NA	NA
chr2	61463418	73	17	18.89	1.95531	2	90	1	2	0.000512283857250668	0.986157510912473	0.013330208230276
chr2	89102407	136	15	9.93	0.994953	1	151	1	NA	NA	NA	NA
chr2	89104158	87	10	10.31	0.994953	1	97	1	NA	NA	NA	NA
chr2	91968881	20	6	23.08	1.93107	2	26	0	NA	NA	NA	NA
chr2	91969118	91	12	11.65	1.93107	2	103	1	3	5.01102288165533e-09	0.209002781871792	0.790997216117185
chr2	95474269	80	16	16.67	1.93107	2	96	1	2	3.25857555720029e-05	0.941754722190493	0.0582126950539344
chr2	95474310	75	12	13.79	1.93107	2	87	1	2	4.0089998076689e-07	0.638071830592539	0.36192777150748
chr2	95474322	64	16	20	1.93107	2	80	1	2	0.00181174563942183	0.991616795514913	0.00657146184566543
chr2	95474328	69	10	12.66	1.93107	2	79	1	3	4.35258588712678e-08	0.400640398269042	0.599359561205099
chr2	95474366	66	5	7.04	1.93107	2	71	1	3	1.00000095970958e-09	0.001213315522512	0.998786686477487
chr2	95474367	63	5	7.35	1.93107	2	68	1	3	1.00000350859229e-09	0.00189681364901566	0.998103188350981
chr2	95474370	63	5	7.35	1.93107	2	68	1	3	1.00000350859229e-09	0.00189681364901566	0.998103188350981
chr2	95502862	97	9	8.49	1.93107	2	106	1	3	1.0002761231545e-09	0.00855297699442125	0.991447025005302
chr2	95509782	27	5	15.62	1.93107	2	32	1	2	7.61713125596662e-06	0.882064747821826	0.117927638046918
chr2	95509811	35	6	14.63	1.93107	2	41	1	2	1.68223658819251e-06	0.776916639499527	0.223081681263885
chr2	95509832	31	7	18.42	1.93107	2	38	1	2	0.000293997900188065	0.981603249282207	0.0181027558176052
chr2	95509962	14	9	39.13	1.93107	2	23	0	NA	NA	NA	NA
chr2	95512033	68	12	15	1.93107	2	80	1	2	3.01633732227275e-06	0.823173244216202	0.176823742446476
chr2	95512218	37	10	21.28	1.93107	2	47	1	2	0.00720791761062464	0.989812942872885	0.0029791425164903
chr2	96521466	572	68	10.62	1.93107	2	640	1	3	1.25341414388239e-09	0.0871601337400239	0.912839868006562
chr2	96525453	17	6	26.09	1.93107	2	23	0	NA	NA	NA	NA
chr2	96583823	29	13	30.95	1.93107	2	42	1	1	0.980204855403642	0.0197948171131042	3.30483254028692e-07
chr2	96616607	37	8	17.78	1.93107	2	45	1	2	0.000134998157830921	0.972240017895168	0.0276249869470012
chr2	97808429	131	14	9.66	1.93107	2	145	1	3	1.01416767346063e-09	0.0330696521188211	0.966930349867011
chr2	98166094	501	64	11.33	1.93107	2	565	1	3	2.76561364879131e-09	0.162621981580265	0.837378018654122
chr2	112141350	64	13	16.88	1.93107	2	77	1	2	4.29786092275774e-05	0.949439142256872	0.0505178821338999
chr2	112636518	60	3	4.76	1.93107	2	63	1	3	1.00000000000868e-09	2.25646021682034e-05	0.999977437397832
chr2	114356239	18	7	28	1.93107	2	25	0	NA	NA	NA	NA
chr2	131414707	30	5	14.29	1.93107	2	35	1	2	9.60118147894327e-07	0.726319061283482	0.27367998159837
chr2	132359296	21	2	8.7	1.93107	2	23	0	NA	NA	NA	NA
chr2	132912312	58	5	7.94	1.93107	2	63	1	3	1.00003615225928e-09	0.00424113580959833	0.995758866190365
chr2	132912316	56	7	11.11	1.93107	2	63	1	3	1.98471774585831e-09	0.135315763851925	0.864684237163357
chr2	133015265	76	8	9.52	1.93107	2	84	1	3	1.00907158718751e-09	0.0284026921550341	0.971597309835894
chr2	133015276	236	16	6.35	1.93107	2	252	1	3	1.00000004376381e-09	0.000419213521272296	0.999580788478728
chr2	133015300	327	37	10.16	1.93107	2	364	1	3	1.06604381394644e-09	0.0557005750906377	0.944299426843318
chr2	179527851	34	8	19.05	1.93107	2	42	1	2	0.000617088010176242	0.9873609064555	0.0120220085343241
chr2	204231721	66	6	8.33	1.93107	2	72	1	3	1.00015484617941e-09	0.00700605673808462	0.99299394526176
chr2	234371330	28	2	6.67	1.84203	2	30	1	3	1.00000019016446e-09	0.000694851599432902	0.999305150400567
chr20	8639239	44	8	15.38	1.88074	2	52	1	2	5.35922252765193e-06	0.861802456423561	0.138192187353911
chr20	8639253	48	10	17.24	1.88074	2	58	1	2	6.84595770645492e-05	0.960289641790247	0.0396419016326889
chr20	19224780	42	7	14.29	1.88074	2	49	1	2	9.60118147894327e-07	0.726319061283482	0.27367998159837
chr20	25752845	175	9	4.89	1.88074	2	184	1	3	1.00000000001914e-09	2.95746929747064e-05	0.999970427307025
chr20	25755892	56	9	13.85	1.88074	2	65	1	2	4.46671050623284e-07	0.649467564058861	0.350531992270088
chr20	25755895	54	9	14.29	1.88074	2	63	1	2	9.60118147894327e-07	0.726319061283482	0.27367998159837
chr20	25755913	49	9	15.52	1.88074	2	58	1	2	6.58577790304388e-06	0.873983342687169	0.126010074534928
chr20	29623143	241	21	8.02	2.27411	NA	262	1	NA	NA	NA	NA
chr20	29623164	268	20	6.94	2.27411	NA	288	1	NA	NA	NA	NA
chr20	29623179	280	21	6.98	2.27411	NA	301	1	NA	NA	NA	NA
chr20	29632583	231	26	10.12	2.27411	NA	257	1	NA	NA	NA	NA
chr20	29632635	397	46	10.38	2.27411	NA	443	1	NA	NA	NA	NA
chr20	29632660	460	47	9.27	2.27411	NA	507	1	NA	NA	NA	NA
chr20	29632751	381	49	11.4	2.27411	NA	430	1	NA	NA	NA	NA
chr20	29633823	66	14	17.5	2.27411	NA	80	1	NA	NA	NA	NA
chr20	61444633	19	5	20.83	2.27411	NA	24	0	NA	NA	NA	NA
chr20	61444637	22	5	18.52	2.27411	NA	27	0	NA	NA	NA	NA
chr20	62551281	50	6	10.71	2.27411	NA	56	1	NA	NA	NA	NA
chr21	10942601	30	9	23.08	1.84076	2	39	1	2	0.0437285885154196	0.955274264286452	0.00099715019812889
chr21	11038700	34	10	22.73	1.84076	2	44	1	2	0.0312536864569948	0.96751071828967	0.00123559825333561
chr21	11057869	387	60	13.42	1.84076	2	447	1	2	2.01467534193919e-07	0.563825635593255	0.43617416593921
chr21	14468783	167	17	9.24	1.84076	2	184	1	3	1.00364562915475e-09	0.0207871399467414	0.979212862049613
chr21	15219076	119	9	7.03	1.84076	2	128	1	3	1.00000091959608e-09	0.00119559789654729	0.998804404103452
chr21	15219098	130	9	6.47	1.84076	2	139	1	3	1.00000007652804e-09	0.000508031019444125	0.999491970980556
chr21	15219112	134	9	6.29	1.84076	2	143	1	3	1.0000000329722e-09	0.000380334738312099	0.999619667261688
chr21	15219244	97	11	10.19	1.84076	2	108	1	3	1.07224714490918e-09	0.0574061925743278	0.942593809353425
chr21	15339628	79	4	4.82	1.84076	2	83	1	3	1.00000000001253e-09	2.55871464562585e-05	0.999974414853544
chr21	15339629	81	4	4.71	1.84076	2	85	1	3	1.00000000000636e-09	2.02973802421628e-05	0.999979704619758
chr21	32410615	25	12	32.43	1.84076	2	37	1	1	0.993805226434158	0.00619472519101155	5.13748303478086e-08
chr22	18840834	39	9	18.75	1.75394	2	48	1	2	0.000434772780969183	0.984968653467308	0.0145965767517233
chr22	18981564	14	6	30	1.75394	2	20	0	NA	NA	NA	NA
chr22	19124960	30	2	6.25	1.75394	2	32	1	3	1.00000002726202e-09	0.000356271583215459	0.999643730416784
chr22	19124994	24	3	11.11	1.75394	2	27	0	NA	NA	NA	NA
chr22	21570281	23	5	17.86	1.75394	2	28	0	NA	NA	NA	NA
chr22	21570291	32	7	17.95	1.75394	2	39	1	2	0.000166442517624743	0.975157648486716	0.0246759119956588
chr22	23484226	20	3	13.04	1.75394	2	23	0	NA	NA	NA	NA
chr22	23660740	89	9	9.18	1.75394	2	98	1	3	1.00298812884776e-09	0.0194157216905872	0.980584280306425
chr22	23995182	21	2	8.7	1.75394	2	23	0	NA	NA	NA	NA
chr22	25010887	30	4	11.76	1.75394	2	34	1	3	6.27584169542106e-09	0.226755308433719	0.77324468829044
chr22	25010912	30	4	11.76	1.75394	2	34	1	3	6.27584169542106e-09	0.226755308433719	0.77324468829044
chr22	25011027	17	5	22.73	1.75394	2	22	0	NA	NA	NA	NA
chr22	25044970	63	7	10	1.75394	2	70	1	3	1.04071532821739e-09	0.0473208150721098	0.952679186887175
chr22	25044982	62	11	15.07	1.75394	2	73	1	2	3.35923467062162e-06	0.83093597373743	0.169060670027899
chr22	29085060	37	6	13.95	1.75394	2	43	1	2	5.33755236229814e-07	0.667998564728035	0.332000904516729
chr22	29085168	67	6	8.22	1.75394	2	73	1	3	1.00010340911606e-09	0.00609507706466825	0.993904924935229
chr22	38776379	90	7	7.22	1.75394	2	97	1	3	1.00000205013175e-09	0.00157607063658482	0.998423931363413
chr22	42189929	20	3	13.04	1.75394	2	23	0	NA	NA	NA	NA
chr3	8730009	173	12	6.49	1.95681	2	185	1	3	1.00000008391925e-09	0.000524398893672429	0.999475603106328
chr3	8730027	178	11	5.82	1.95681	2	189	1	3	1.00000000327316e-09	0.000172052958218679	0.999827949041781
chr3	8730040	179	12	6.28	1.95681	2	191	1	3	1.00000003144465e-09	0.000374184075216072	0.999625817924784
chr3	8730161	172	10	5.49	1.95681	2	182	1	3	1.00000000058074e-09	9.50935256446574e-05	0.999904908474355
chr3	8730201	222	17	7.11	1.95681	2	239	1	3	1.00000129198136e-09	0.00134419948349218	0.998655802516506
chr3	15492198	36	3	7.69	1.95681	2	39	1	3	1.00001373248787e-09	0.00303688185934561	0.99696312014064
chr3	37034573	26	14	35	1.95437	2	40	1	1	0.999129060128115	0.000870939766473585	3.10541174918817e-09
chr3	37408082	80	9	10.11	1.95437	2	89	1	3	1.05682908672557e-09	0.0529544804410724	0.947045521502098
chr3	37408083	80	9	10.11	1.95437	2	89	1	3	1.05682908672557e-09	0.0529544804410724	0.947045521502098
chr3	37408094	70	9	11.39	1.95437	2	79	1	3	3.06465200535354e-09	0.170714701166557	0.829285298768791
chr3	48495627	21	8	27.59	1.95437	2	29	0	NA	NA	NA	NA
chr3	48603998	29	2	6.45	1.95437	2	31	1	3	1.00000006976919e-09	0.000492129922949209	0.99950787207705
chr3	49698614	40	2	4.76	1.95437	2	42	1	3	1.00000000000868e-09	2.25646021682034e-05	0.999977437397832
chr3	49850556	35	3	7.89	1.95437	2	38	1	3	1.00002985755436e-09	0.00397020605616103	0.996029795943809
chr3	52014943	20	2	9.09	1.95437	2	22	0	NA	NA	NA	NA
chr3	52597436	37	2	5.13	1.95437	2	39	1	3	1.00000000007843e-09	4.79061164867567e-05	0.999952095883513
chr3	58089630	24	5	17.24	1.95437	2	29	0	NA	NA	NA	NA
chr3	65439039	20	6	23.08	1.95437	2	26	0	NA	NA	NA	NA
chr3	89528678	68	14	17.07	1.95437	2	82	1	2	5.50240320998602e-05	0.955500186530838	0.044444792437062
chr3	93733686	47	19	28.79	1.95437	2	66	1	1	0.89288653107254	0.107108251945824	5.21998163562324e-06
chr3	101133219	108	12	10	1.95437	2	120	1	3	1.04071532821739e-09	0.0473208150721098	0.952679186887175
chr3	101133220	107	12	10.08	1.95437	2	119	1	3	1.05190930735651e-09	0.0513634130263361	0.948636588921754
chr3	101133225	113	12	9.6	1.95437	2	125	1	3	1.0117130559799e-09	0.0309923437386806	0.969007658249606
chr3	101133227	118	12	9.23	1.95437	2	130	1	3	1.00352707803124e-09	0.0205527071151473	0.979447294881326
chr3	101133237	117	15	11.36	1.95437	2	132	1	3	2.9095731820606e-09	0.166633484045416	0.83336651604501
chr3	101133239	121	15	11.03	1.95437	2	136	1	3	1.79320503552332e-09	0.126291871243425	0.87370812996337
chr3	101133247	111	16	12.6	1.95437	2	127	1	3	3.8322957360128e-08	0.387884724516808	0.612115240160234
chr3	101133250	118	15	11.28	1.95437	2	133	1	3	2.54836331705179e-09	0.156090701410208	0.843909299041428
chr3	101134002	51	18	26.09	1.95437	2	69	1	2	0.44069233642874	0.559196984414634	0.000110682156626037
chr3	101134004	53	18	25.35	1.95437	2	71	1	2	0.286020133017526	0.713769557415378	0.000210312567096709
chr3	125216265	28	16	36.36	1.95437	2	44	1	1	0.999682039982675	0.000317961607526197	1.40979874113938e-09
chr3	133307666	35	6	14.63	1.95437	2	41	1	2	1.68223658819251e-06	0.776916639499527	0.223081681263885
chr3	142735755	55	11	16.67	1.95437	2	66	1	2	3.25857555720029e-05	0.941754722190493	0.0582126950539344
chr3	167045823	56	14	20	1.95437	2	70	1	2	0.00181174563942183	0.991616795514913	0.00657146184566543
chr3	195412748	48	5	9.43	1.95437	2	53	1	3	1.00678733828133e-09	0.025720630924142	0.974279371069071
chr3	195506267	58	7	10.77	1.95437	2	65	1	3	1.38714344393565e-09	0.100148963972395	0.899851037640461
chr3	195507059	106	11	9.4	1.95437	2	117	1	3	1.00615798432386e-09	0.0248781255201008	0.975121876473741
chr3	195507144	179	25	12.25	1.95437	2	204	1	3	1.80108906787489e-08	0.316048681298596	0.683951303690513
chr3	195507155	168	25	12.95	1.95437	2	193	1	3	7.95589486181928e-08	0.463197101797914	0.536802821643137
chr3	195507604	222	16	6.72	1.95437	2	238	1	3	1.00000023780762e-09	0.000750431161597668	0.999249570838402
chr3	195507614	230	15	6.12	1.95437	2	245	1	3	1.00000001457728e-09	0.0002873217487395	0.99971268025126
chr3	195508115	316	27	7.87	1.95437	2	343	1	3	1.00002764930988e-09	0.00386632306300377	0.996133678936968
chr3	195509861	239	29	10.82	1.95437	2	268	1	3	1.44516184463969e-09	0.104809805088045	0.895190196466793
chr3	195510121	148	7	4.52	1.95437	2	155	1	3	1.0000000000019e-09	1.34407914836585e-05	0.999986561208516
chr3	195510133	142	11	7.19	1.95437	2	153	1	3	1.00000180874167e-09	0.00150946405607366	0.998490537943925
chr3	195510710	143	9	5.92	1.95437	2	152	1	3	1.00000000542783e-09	0.000204665644724437	0.999795336355276
chr3	195511973	486	33	6.36	1.95437	2	519	1	3	1.00000004586736e-09	0.000426034380463389	0.999573967619537
chr3	195513413	380	20	5	1.95437	2	400	1	3	1.00000000003683e-09	3.6990231532319e-05	0.999963011768468
chr3	195515338	276	25	8.31	1.95437	2	301	1	3	1.0001439402366e-09	0.00683174026674176	0.993168261733114
chr3	197949609	67	5	6.94	1.83274	2	72	1	3	1.00000062459435e-09	0.00104643396314723	0.998953568036852
chr4	3107218	19	2	9.52	1.90185	2	21	0	NA	NA	NA	NA
chr4	5624633	14	6	30	1.90185	2	20	0	NA	NA	NA	NA
chr4	49165376	62	12	16.22	1.90185	2	74	1	2	1.77462665571836e-05	0.921101041747598	0.0788812149858453
chr4	49214876	154	21	12	1.90185	2	175	1	3	1.04578176365063e-08	0.268530475577011	0.731469516965171
chr4	88411498	76	4	5	1.91707	2	80	1	3	1.00000000003683e-09	3.6990231532319e-05	0.999963011768468
chr4	123276900	20	3	13.04	1.91707	2	23	0	NA	NA	NA	NA
chr4	129794428	29	4	12.12	1.91707	2	33	1	3	1.35697081569736e-08	0.290871052278297	0.709128937151995
chr4	190878508	140	9	6.04	1.91707	2	149	1	3	1.00000000985506e-09	0.000251175033880477	0.999748826966119
chr5	796112	146	8	5.19	1.95653	2	154	1	3	1.00000000011049e-09	5.38685432960087e-05	0.999946133456704
chr5	796116	141	8	5.37	1.95653	2	149	1	3	1.0000000003022e-09	7.60253513984386e-05	0.999923976648601
chr5	21497098	136	13	8.72	1.95653	2	149	1	3	1.0006230132218e-09	0.0113222126725303	0.988677789326847
chr5	32711981	15	2	11.76	1.95653	2	17	0	NA	NA	NA	NA
chr5	34190587	330	19	5.44	1.95653	2	349	1	3	1.0000000004431e-09	8.66752196333474e-05	0.999913326780367
chr5	73196960	20	2	9.09	1.95653	2	22	0	NA	NA	NA	NA
chr5	79029466	51	9	15	1.95653	2	60	1	2	3.01633732227275e-06	0.823173244216202	0.176823742446476
chr5	98859422	72	16	18.18	1.95653	2	88	1	2	0.000220266621203517	0.978584134789676	0.02119560158912
chr5	98859526	41	3	6.82	1.95653	2	44	1	3	1.00000037017979e-09	0.000873924278366967	0.999126077721633
chr5	137273620	17	3	15	1.95653	2	20	0	NA	NA	NA	NA
chr5	141233850	23	2	8	1.95653	2	25	0	NA	NA	NA	NA
chr5	141335623	20	4	16.67	1.95653	2	24	0	NA	NA	NA	NA
chr5	148427512	50	3	5.66	1.95653	2	53	1	3	1.00000000143222e-09	0.000129579443609295	0.999870422556391
chr6	29796481	30	2	6.25	1.66659	NA	32	1	NA	NA	NA	NA
chr6	29855533	20	6	23.08	1.66659	NA	26	0	NA	NA	NA	NA
chr6	29855535	21	6	22.22	1.66659	NA	27	0	NA	NA	NA	NA
chr6	29855538	22	6	21.43	1.66659	NA	28	0	NA	NA	NA	NA
chr6	30881636	20	2	9.09	1.66659	NA	22	0	NA	NA	NA	NA
chr6	32497904	43	9	17.31	1.66659	NA	52	1	NA	NA	NA	NA
chr6	32497947	48	8	14.29	1.66659	NA	56	1	NA	NA	NA	NA
chr6	32521140	88	15	14.56	1.66659	NA	103	1	NA	NA	NA	NA
chr6	32557333	32	8	20	1.66659	NA	40	1	NA	NA	NA	NA
chr6	32713863	17	4	19.05	1.66659	NA	21	0	NA	NA	NA	NA
chr6	36067930	32	2	5.88	1.66659	NA	34	1	NA	NA	NA	NA
chr6	73765501	56	4	6.67	1.66659	NA	60	1	NA	NA	NA	NA
chr6	148853932	22	2	8.33	1.70232	NA	24	0	NA	NA	NA	NA
chr7	26225364	84	14	14.29	1.69643	NA	98	1	NA	NA	NA	NA
chr7	39832831	51	3	5.56	1.69643	NA	54	1	NA	NA	NA	NA
chr7	43958352	25	2	7.41	1.69643	NA	27	0	NA	NA	NA	NA
chr7	44161506	21	2	8.7	1.69643	NA	23	0	NA	NA	NA	NA
chr7	47925498	22	2	8.33	1.69643	NA	24	0	NA	NA	NA	NA
chr7	56899399	19	6	24	1.69643	NA	25	0	NA	NA	NA	NA
chr7	56899424	22	6	21.43	1.69643	NA	28	0	NA	NA	NA	NA
chr7	56899460	20	4	16.67	1.69643	NA	24	0	NA	NA	NA	NA
chr7	63205713	60	5	7.69	1.69643	NA	65	1	NA	NA	NA	NA
chr7	63215333	113	15	11.72	1.69643	NA	128	1	NA	NA	NA	NA
chr7	63222347	21	7	25	1.69643	NA	28	0	NA	NA	NA	NA
chr7	63222369	30	9	23.08	1.69643	NA	39	1	NA	NA	NA	NA
chr7	65306547	85	10	10.53	1.69643	NA	95	1	NA	NA	NA	NA
chr7	65306553	85	9	9.57	1.69643	NA	94	1	NA	NA	NA	NA
chr7	65306558	87	9	9.38	1.69643	NA	96	1	NA	NA	NA	NA
chr7	65306563	85	9	9.57	1.69643	NA	94	1	NA	NA	NA	NA
chr7	76619718	39	2	4.88	1.69643	NA	41	1	NA	NA	NA	NA
chr7	87104806	27	3	10	1.69643	NA	30	1	NA	NA	NA	NA
chr7	99235486	53	17	24.29	1.69643	NA	70	1	NA	NA	NA	NA
chr7	99797845	20	2	9.09	1.69643	NA	22	0	NA	NA	NA	NA
chr7	99951257	45	3	6.25	1.69643	NA	48	1	NA	NA	NA	NA
chr7	100679167	157	23	12.78	1.69643	NA	180	1	NA	NA	NA	NA
chr7	100679169	157	23	12.78	1.69643	NA	180	1	NA	NA	NA	NA
chr7	100679172	158	23	12.71	1.69643	NA	181	1	NA	NA	NA	NA
chr7	100679175	152	23	13.14	1.69643	NA	175	1	NA	NA	NA	NA
chr7	102782232	71	5	6.58	1.69643	NA	76	1	NA	NA	NA	NA
chr7	128293202	131	20	13.25	1.69643	NA	151	1	NA	NA	NA	NA
chr7	128293244	140	9	6.04	1.69643	NA	149	1	NA	NA	NA	NA
chr7	128297345	32	2	5.88	1.69643	NA	34	1	NA	NA	NA	NA
chr7	142961196	34	3	8.11	1.69643	NA	37	1	NA	NA	NA	NA
chr7	149412383	20	2	9.09	1.69643	NA	22	0	NA	NA	NA	NA
chr7	151932961	40	6	13.04	1.69643	NA	46	1	NA	NA	NA	NA
chr7	151933015	39	5	11.36	1.69643	NA	44	1	NA	NA	NA	NA
chr7	151933033	33	4	10.81	1.69643	NA	37	1	NA	NA	NA	NA
chr7	151933034	35	3	7.89	1.69643	NA	38	1	NA	NA	NA	NA
chr7	151970714	151	23	13.22	1.69643	NA	174	1	NA	NA	NA	NA
chr8	7191294	51	30	37.04	1.80413	2	81	1	1	0.999806467546165	0.000193534271194075	1.1826409630861e-09
chr8	7791917	26	11	29.73	1.80413	2	37	1	1	0.948158811636683	0.0518396148002709	1.57656304584917e-06
chr8	12034582	57	16	21.92	1.80413	2	73	1	2	0.0139607665703809	0.984019680618987	0.00201955581063176
chr8	12036227	86	9	9.47	1.80413	2	95	1	3	1.00772395699166e-09	0.0268834835510856	0.973116518441191
chr8	12036280	52	5	8.77	1.80413	2	57	1	3	1.00074157085698e-09	0.0120224477361508	0.987977554263108
chr8	22424110	34	2	5.56	1.80413	2	36	1	3	1.00000000084484e-09	0.000108129568721092	0.999891872431279
chr8	22974370	60	6	9.09	1.80413	2	66	1	3	1.00221209512161e-09	0.0175105629482692	0.982489439049519
chr8	36788454	17	4	19.05	1.80413	2	21	0	NA	NA	NA	NA
chr8	52731210	97	23	19.17	1.80413	2	120	1	2	0.000708875956433119	0.988161979184415	0.0111291478591514
chr8	52733110	103	17	14.17	1.80413	2	120	1	2	7.82891903840919e-07	0.706594590931161	0.293404629176935
chr8	75157183	65	6	8.45	1.80413	2	71	1	3	1.00023917851809e-09	0.00813962736453117	0.99186037463523
chr8	86569216	167	10	5.65	1.80413	2	177	1	3	1.00000000135913e-09	0.000127272558826355	0.999872729441174
chr8	86572002	233	17	6.8	1.98784	2	250	1	3	1.00000033898975e-09	0.000847836855454372	0.999152165144546
chr8	95654127	14	3	17.65	1.98784	2	17	0	NA	NA	NA	NA
chr8	100654425	40	17	29.82	1.98784	2	57	1	1	0.951694811910485	0.0483037863230876	1.40476642708778e-06
chr8	103359298	26	2	7.14	1.98784	2	28	0	NA	NA	NA	NA
chr8	124213502	49	3	5.77	1.93643	2	52	1	3	1.00000000253397e-09	0.000157588060712169	0.999842413939288
chr8	145153773	30	2	6.25	1.6568	NA	32	1	NA	NA	NA	NA
chr8	145583854	20	2	9.09	1.6568	NA	22	0	NA	NA	NA	NA
chr8	145729698	18	2	10	1.6568	NA	20	0	NA	NA	NA	NA
chr9	13061	138	8	5.48	2.29453	NA	146	1	NA	NA	NA	NA
chr9	2621871	16	3	15.79	7.00799	NA	19	0	NA	NA	NA	NA
chr9	33923799	25	2	7.41	1.52203	NA	27	0	NA	NA	NA	NA
chr9	38541604	30	8	21.05	1.52203	NA	38	1	NA	NA	NA	NA
chr9	38541610	28	8	22.22	1.52203	NA	36	1	NA	NA	NA	NA
chr9	38541627	20	8	28.57	1.52203	NA	28	0	NA	NA	NA	NA
chr9	38541636	15	8	34.78	1.52203	NA	23	0	NA	NA	NA	NA
chr9	44069584	23	19	45.24	1.52203	NA	42	1	NA	NA	NA	NA
chr9	44069652	32	12	27.27	1.52203	NA	44	1	NA	NA	NA	NA
chr9	44076938	221	14	5.96	1.52203	NA	235	1	NA	NA	NA	NA
chr9	44076967	236	13	5.22	1.52203	NA	249	1	NA	NA	NA	NA
chr9	44076969	236	14	5.6	1.52203	NA	250	1	NA	NA	NA	NA
chr9	44091261	94	5	5.05	1.52203	NA	99	1	NA	NA	NA	NA
chr9	44091269	92	9	8.91	1.52203	NA	101	1	NA	NA	NA	NA
chr9	44091315	68	8	10.53	1.52203	NA	76	1	NA	NA	NA	NA
chr9	44092897	27	4	12.9	1.52203	NA	31	1	NA	NA	NA	NA
chr9	45424492	78	8	9.3	1.52203	NA	86	1	NA	NA	NA	NA
chr9	45424494	74	8	9.76	1.52203	NA	82	1	NA	NA	NA	NA
chr9	45424513	57	12	17.39	1.52203	NA	69	1	NA	NA	NA	NA
chr9	66499904	134	21	13.55	1.52203	NA	155	1	NA	NA	NA	NA
chr9	66513513	186	16	7.92	1.52203	NA	202	1	NA	NA	NA	NA
chr9	66515097	174	10	5.43	1.52203	NA	184	1	NA	NA	NA	NA
chr9	66553727	72	13	15.29	1.52203	NA	85	1	NA	NA	NA	NA
chr9	66553728	85	4	4.49	1.52203	NA	89	1	NA	NA	NA	NA
chr9	67289462	48	8	14.29	1.52203	NA	56	1	NA	NA	NA	NA
chr9	67293386	100	9	8.26	1.52203	NA	109	1	NA	NA	NA	NA
chr9	67303068	135	15	10	1.52203	NA	150	1	NA	NA	NA	NA
chr9	67934829	28	5	15.15	1.52203	NA	33	1	NA	NA	NA	NA
chr9	67934837	26	5	16.13	1.52203	NA	31	1	NA	NA	NA	NA
chr9	68427840	376	50	11.74	1.52203	NA	426	1	NA	NA	NA	NA
chr9	68427854	374	40	9.66	1.52203	NA	414	1	NA	NA	NA	NA
chr9	68427863	343	33	8.78	1.52203	NA	376	1	NA	NA	NA	NA
chr9	68427876	286	35	10.9	1.52203	NA	321	1	NA	NA	NA	NA
chr9	68433372	38	7	15.56	1.52203	NA	45	1	NA	NA	NA	NA
chr9	68433612	201	25	11.06	1.52203	NA	226	1	NA	NA	NA	NA
chr9	68433626	184	14	7.07	1.52203	NA	198	1	NA	NA	NA	NA
chr9	69083073	196	30	13.27	1.52203	NA	226	1	NA	NA	NA	NA
chr9	69083178	136	16	10.53	1.52203	NA	152	1	NA	NA	NA	NA
chr9	69651310	30	9	23.08	1.64467	NA	39	1	NA	NA	NA	NA
chr9	69651318	32	5	13.51	1.64467	NA	37	1	NA	NA	NA	NA
chr9	70919325	167	19	10.22	1.64467	NA	186	1	NA	NA	NA	NA
chr9	99233281	34	2	5.56	1.64467	NA	36	1	NA	NA	NA	NA
chr9	109701309	42	2	4.55	1.64467	NA	44	1	NA	NA	NA	NA
chr9	128122963	29	2	6.45	1.64467	NA	31	1	NA	NA	NA	NA
chr9	130440671	24	2	7.69	1.64467	NA	26	0	NA	NA	NA	NA
chr9	131348130	28	2	6.67	1.64467	NA	30	1	NA	NA	NA	NA
chr9	141069921	27	6	18.18	1.64467	NA	33	1	NA	NA	NA	NA
chrX	6069138	52	8	13.33	1.805	2	60	1	2	1.69444014288789e-07	0.544927173498289	0.455072660057697
chrX	6451791	150	18	10.71	1.805	2	168	1	3	1.32706466755103e-09	0.0947773452611382	0.905222656411797
chrX	30683671	60	7	10.45	1.805	2	67	1	3	1.15539891778252e-09	0.0741437534715937	0.925856248373007
chrX	48832621	32	3	8.57	1.805	2	35	1	3	1.00036731420723e-09	0.00943734386873692	0.990562658130896
chrX	73803191	236	22	8.53	1.805	2	258	1	3	1.00031857176727e-09	0.00898529257255818	0.991014709427124
chrX	74961207	45	9	16.67	1.805	2	54	1	2	3.25857555720029e-05	0.941754722190493	0.0582126950539344
chrX	102004890	69	5	6.76	1.805	2	74	1	3	1.00000028406561e-09	0.000797779837728537	0.999202222162271
chrX	106957104	36	9	20	1.805	2	45	1	2	0.00181174563942183	0.991616795514913	0.00657146184566543
chrX	150891609	25	2	7.41	1.81642	2	27	0	NA	NA	NA	NA
chrX	153780234	21	2	8.7	1.81642	2	23	0	NA	NA	NA	NA
chrX	155252510	31	4	11.43	1.81642	2	35	1	3	3.29011976809056e-09	0.176264898308502	0.823735101401379
chrX	155252882	30	4	11.76	1.81642	2	34	1	3	6.27584169542106e-09	0.226755308433719	0.77324468829044
