chr	st	BC36T.ref	BC36T.var	BC36T.vaf	BC36T.cn	BC36T.cleancn	BC36T.depth	adequateDepth	cluster	cluster.prob.1	cluster.prob.2	cluster.prob.3
chr1	16580	73	8	9.88	1.88048	2	81	1	3	2.26545111428872e-08	0.034299787245186	0.965700193100303
chr1	136880	194	19	8.92	1.88048	2	213	1	3	3.12878191511902e-09	0.0128576228964642	0.987142376974754
chr1	136896	130	23	15.03	1.88048	2	153	1	2	0.000120680403511707	0.635778253717529	0.364101068878959
chr1	13736931	46	11	19.3	1.88048	2	57	1	2	0.00663108528360712	0.92722764616258	0.0661412715538126
chr1	16908198	62	11	15.07	1.88048	2	73	1	2	0.000126349377685821	0.641141646610567	0.358732007011747
chr1	16953459	20	2	9.09	1.88048	2	22	0	NA	NA	NA	NA
chr1	17077196	180	21	10.45	1.88048	2	201	1	3	7.73536296356238e-08	0.0575989563239355	0.942400969322435
chr1	17185500	23	7	23.33	1.88048	2	30	1	2	0.115282944680804	0.869485706629167	0.0152313516900295
chr1	28920492	40	3	6.98	1.88048	2	43	1	3	1.00780006339633e-09	0.00110073785627594	0.998899264135924
chr1	64254779	108	7	6.09	2.02637	2	115	1	3	1.00034207553946e-09	0.000270178873045565	0.999729823126613
chr1	64254783	112	7	5.88	2.02637	2	119	1	3	1.00015298318469e-09	0.000187627140668502	0.999812374859179
chr1	64254785	109	7	6.03	2.02637	2	116	1	3	1.00027259623781e-09	0.000243795459819399	0.999756206539908
chr1	68628813	416	22	5.02	2.02637	2	438	1	3	1.00000406889308e-09	3.57714773727942e-05	0.999964230522623
chr1	110593055	33	3	8.33	2.02637	2	36	1	3	1.44656448598208e-09	0.00655011573824564	0.99344988581519
chr1	110766019	58	3	4.92	2.02637	2	61	1	3	1.0000025645074e-09	2.89257090891053e-05	0.999971076290908
chr1	142619191	14	8	36.36	2.02637	2	22	0	NA	NA	NA	NA
chr1	142660151	59	5	7.81	2.02637	2	64	1	3	1.10224885877824e-09	0.00343894340338014	0.996561058494371
chr1	142660209	41	8	16.33	2.02637	2	49	1	2	0.000482636116210908	0.780855350815981	0.218662016067809
chr1	142803200	188	34	15.32	2.02637	2	222	1	2	0.000167466880688873	0.67341078789697	0.326421748222341
chr1	142803203	202	19	8.6	2.02637	2	221	1	3	1.92529469131747e-09	0.00898230743452585	0.991017693640179
chr1	142803471	125	9	6.72	2.02637	2	134	1	3	1.00326785029056e-09	0.000746191865119145	0.999253810131613
chr1	142806053	428	56	11.57	2.02637	2	484	1	3	7.18907454030178e-07	0.138820169513336	0.86117911457921
chr1	142806056	474	27	5.39	2.02637	2	501	1	3	1.00002079464283e-09	7.55837084032585e-05	0.999924418291576
chr1	142811760	639	58	8.32	2.02637	2	697	1	3	1.43447329235365e-09	0.0064724114258888	0.993527590139638
chr1	142811961	419	47	10.09	2.02637	2	466	1	3	3.5785265896037e-08	0.0417459387251947	0.958254028489539
chr1	142812449	582	32	5.21	2.02637	2	614	1	3	1.00000954086148e-09	5.29038434009675e-05	0.99994709815659
chr1	142813024	561	40	6.66	2.02637	2	601	1	3	1.00266061221677e-09	0.000680535029050436	0.999319466968289
chr1	142816937	153	17	10	2.02637	2	170	1	3	2.94306052386761e-08	0.0384050380159637	0.961594935553431
chr1	142817165	77	9	10.47	2.02637	2	86	1	3	8.06858810778722e-08	0.0586059508964492	0.94139397141767
chr1	142819722	53	3	5.36	2.02637	2	56	1	3	1.00001829578861e-09	7.12848350167836e-05	0.999928717164965
chr1	142822260	100	21	17.36	2.02637	2	121	1	2	0.00128033737921259	0.855293690222045	0.143425975398742
chr1	142822306	163	20	10.93	2.02637	2	183	1	3	2.08102560345882e-07	0.0859129927048729	0.914086802192567
chr1	142822352	193	26	11.87	2.02637	2	219	1	3	1.24395940988409e-06	0.170134400057442	0.829864358983148
chr1	142822360	194	24	11.01	2.02637	2	218	1	3	2.44233376401024e-07	0.0915309278024488	0.908468830964175
chr1	142822395	181	16	8.12	2.02637	2	197	1	3	1.24911260807507e-09	0.00507935540248016	0.994920646348407
chr1	142824884	275	23	7.72	2.02637	2	298	1	3	1.07842339164671e-09	0.00306033758619332	0.996939664335383
chr1	142825121	322	26	7.47	2.02637	2	348	1	3	1.03690716750235e-09	0.00219478737821547	0.997805214584877
chr1	142827042	393	31	7.31	2.02637	2	424	1	3	1.02247718816104e-09	0.00176216998721226	0.998237831990311
chr1	142827795	284	46	13.94	2.02637	2	330	1	3	3.12568539039985e-05	0.472535421927223	0.527433324218873
chr1	142827985	197	15	7.08	2.02637	2	212	1	3	1.01080584841299e-09	0.00127276164269836	0.998727240346496
chr1	142827990	198	9	4.35	2.02637	2	207	1	3	1.00000015208224e-09	7.83159687013506e-06	0.99999217040313
chr1	142827992	196	9	4.39	2.02637	2	205	1	3	1.00000018762586e-09	8.63363803724337e-06	0.999991368361963
chr1	143166719	70	15	17.65	2.02637	2	85	1	2	0.00166039438508801	0.870934188391535	0.127405420223376
chr1	143166735	73	11	13.1	2.02637	2	84	1	3	9.46852265667739e-06	0.337930183776427	0.662060350700917
chr1	143209759	372	45	10.79	2.02637	2	417	1	3	1.56717246819796e-07	0.0767235782001887	0.923276268082564
chr1	144619516	53	6	10.17	2.02637	2	59	1	3	4.25439895338586e-08	0.0449145003143317	0.955085460141679
chr1	144619544	47	6	11.32	2.02637	2	53	1	3	4.47970683281034e-07	0.115943140033358	0.884056414995958
chr1	144619545	48	5	9.43	2.02637	2	53	1	3	8.53850223749943e-09	0.0220302369148673	0.97796975754663
chr1	145282818	178	35	16.43	1.82286	2	213	1	2	0.000532744201460476	0.789529917765295	0.209937341033244
chr1	145282904	118	21	15.11	1.82286	2	139	1	2	0.000132253829335344	0.646450741783788	0.353417007386876
chr1	145285917	248	20	7.46	1.82286	2	268	1	3	1.03579212415968e-09	0.00216522049566614	0.997834781468542
chr1	145293069	328	20	5.75	1.82286	2	348	1	3	1.0000916159285e-09	0.000148638455969757	0.999851363543939
chr1	145293269	416	49	10.54	1.82286	2	465	1	3	9.34635434635968e-08	0.0622425676957727	0.937757341840684
chr1	145297932	42	15	26.32	1.82286	2	57	1	2	0.48200555803482	0.51390316869426	0.00409127627091959
chr1	145299673	132	9	6.38	1.82286	2	141	1	3	1.00099393588599e-09	0.000437248812277658	0.999562753186729
chr1	145304787	65	12	15.58	1.82286	2	77	1	2	0.000222479408052916	0.704602696330587	0.29517482726136
chr1	148017421	42	11	20.75	1.82286	2	53	1	2	0.0201349769256478	0.941399601283378	0.0384654247909743
chr1	148251597	266	15	5.34	1.82286	2	281	1	3	1.00001679232151e-09	6.85420851087558e-05	0.999931459914875
chr1	148342344	85	19	18.27	1.82286	2	104	1	2	0.00284275674247381	0.897997470385776	0.0991597758717503
chr1	148343792	67	6	8.22	1.82286	2	73	1	3	1.32955983015913e-09	0.00573879937384113	0.994261202296599
chr1	148853831	156	20	11.36	1.82286	2	176	1	3	4.83661930691152e-07	0.119408704401035	0.880590814937035
chr1	148853835	166	21	11.23	1.82286	2	187	1	3	3.76490036095402e-07	0.108412975301542	0.891586651208422
chr1	148889466	44	9	16.98	1.82286	2	53	1	2	0.000902452438963828	0.831492302839557	0.167605247721479
chr1	152284497	297	36	10.81	1.94841	2	333	1	3	1.63239650576073e-07	0.0779873656255784	0.922012474134771
chr1	152749036	38	5	11.63	1.94841	2	43	1	3	8.03585066100029e-07	0.144745181832661	0.855254017582273
chr1	152749040	32	11	25.58	1.94841	2	43	1	2	0.367180205432303	0.626856851563714	0.00596294600398226
chr1	152749045	29	11	27.5	1.94841	2	40	1	1	0.660283838065796	0.337648759991945	0.00206740494225893
chr1	152784860	73	26	26.26	1.94841	2	99	1	2	0.472529308185526	0.523246137827582	0.00422455698689117
chr1	152975715	23	11	32.35	1.94841	2	34	1	1	0.971248023130254	0.028675844917879	7.61349518672743e-05
chr1	155319043	16	3	15.79	2.00931	2	19	0	NA	NA	NA	NA
chr1	156286920	16	10	38.46	2.00931	2	26	0	NA	NA	NA	NA
chr1	201178866	233	14	5.67	2.00931	2	247	1	3	1.00006643836368e-09	0.000128418379885451	0.999871583620048
chr1	201178984	313	12	3.69	2.00931	2	325	1	3	1.00000000348456e-09	1.34516496690022e-06	0.999998656835033
chr1	228158376	81	9	10	2.00931	2	90	1	3	2.94306052386761e-08	0.0384050380159637	0.961594935553431
chr1	243219965	299	32	9.67	2.00931	2	331	1	3	1.43245615741979e-08	0.0280011444951611	0.971998844180277
chr1	248224569	69	9	11.54	1.99598	2	78	1	3	6.79761311281954e-07	0.135921032349952	0.864078290888736
chr1	248224595	80	9	10.11	1.99598	2	89	1	3	3.73697694430577e-08	0.0425201822243286	0.957479783405902
chr1	248722613	31	10	24.39	1.99598	2	41	1	2	0.210372374393601	0.779523862524103	0.010103766082296
chr10	42832015	127	8	5.93	1.99515	2	135	1	3	1.00018576985238e-09	0.000204906364395774	0.999795095635418
chr10	42832089	105	5	4.55	1.99515	2	110	1	3	1.00000042659084e-09	1.26343776546825e-05	0.999987367622345
chr10	42832090	105	6	5.41	1.99515	2	111	1	3	1.00002263843209e-09	7.8577310126541e-05	0.999921424689851
chr10	42832092	105	5	4.55	1.99515	2	110	1	3	1.00000042659084e-09	1.26343776546825e-05	0.999987367622345
chr10	42832147	104	17	14.05	1.99515	2	121	1	3	3.61652031568774e-05	0.490111032217292	0.509852805579551
chr10	42832186	116	14	10.77	1.99515	2	130	1	3	1.504423840952e-07	0.0754758305499031	0.924524022007713
chr10	126677510	194	67	25.67	1.99515	2	261	1	2	0.380734585244135	0.613557260001914	0.00570815775395101
chr10	135438929	187	9	4.59	1.99515	2	196	1	3	1.00000052146873e-09	1.38651740518873e-05	0.999986136825948
chr11	1016707	530	59	10.02	1.76908	2	589	1	3	3.07394983214431e-08	0.0391275428425037	0.960872429417998
chr11	1017066	574	41	6.67	1.76908	2	615	1	3	1.00275370676699e-09	0.000691106535678093	0.999308895461568
chr11	1017111	389	44	10.16	1.76908	2	433	1	3	4.16357347054621e-08	0.0445078973216973	0.955492064042568
chr11	1017280	442	53	10.71	1.76908	2	495	1	3	1.33016650659383e-07	0.071827705655882	0.928172164327467
chr11	1017294	416	40	8.77	1.76908	2	456	1	3	2.44623150404298e-09	0.0108901753034997	0.989109825250269
chr11	1017316	425	24	5.35	1.76908	2	449	1	3	1.00001752864615e-09	6.99013966680898e-05	0.999930100603314
chr11	1017363	373	39	9.47	1.76908	2	412	1	3	9.29834258386804e-09	0.0229422755471236	0.977057718154534
chr11	1017466	252	24	8.7	1.76908	2	276	1	3	2.20462743068516e-09	0.0100656007444896	0.989934400050883
chr11	1017470	250	33	11.66	1.76908	2	283	1	3	8.49325359588135e-07	0.147771115221923	0.852228038452718
chr11	1017814	482	20	3.98	1.76908	2	503	1	3	1.00000001977812e-09	3.02968673692763e-06	0.999996972313263
chr11	1017826	521	21	3.87	1.76908	2	543	1	3	1.00000001039566e-09	2.24348656860337e-06	0.999997758513431
chr11	1017841	579	42	6.76	1.76908	2	621	1	3	1.00374402152003e-09	0.000793042289161977	0.999206959707094
chr11	1017869	617	59	8.73	1.76908	2	676	1	3	2.30303628317444e-09	0.0104120670718257	0.989587933625138
chr11	1017870	679	59	7.99	1.76908	2	738	1	3	1.17221972028502e-09	0.00432235315355636	0.995677648674224
chr11	2710173	19	5	20.83	1.96591	2	24	0	NA	NA	NA	NA
chr11	46724754	26	2	7.14	1.96591	2	28	0	NA	NA	NA	NA
chr11	47857265	32	8	20	1.96591	2	40	1	2	0.0114625216412099	0.93782598442589	0.0507114969329
chr11	61124853	25	11	30.56	1.96591	2	36	1	1	0.923722713365143	0.0760139622763854	0.000263327358471628
chr11	65303670	52	3	5.45	1.96591	2	55	1	3	1.00002680574206e-09	8.48854292085884e-05	0.999915116570765
chr11	74989669	23	3	11.54	1.96591	2	26	0	NA	NA	NA	NA
chr11	106697965	166	18	9.78	1.96591	2	184	1	3	1.82091289109548e-08	0.0311660069105319	0.968833977880339
chr12	7869817	100	7	6.54	1.96919	2	107	1	3	1.00175375576815e-09	0.000564458795192419	0.999435543203054
chr12	9580122	72	15	17.24	1.96919	2	87	1	2	0.00114779256650351	0.848200422232499	0.150651788200997
chr12	9848460	77	7	8.33	1.96919	2	84	1	3	1.44656448598208e-09	0.00655011573824564	0.99344988581519
chr12	11083515	41	7	14.58	1.96919	2	48	1	2	7.07972369766014e-05	0.571940521705541	0.427988684057482
chr12	11183052	152	27	15.08	1.96919	2	179	1	2	0.000127803084672574	0.642474035337379	0.357398164577948
chr12	14946898	34	3	8.11	1.96919	2	37	1	3	1.24219073889472e-09	0.00501723655602926	0.99498276520178
chr12	20707107	59	5	7.81	1.96919	2	64	1	3	1.10224885877824e-09	0.00343894340338014	0.996561058494371
chr12	50745821	99	6	5.71	1.96919	2	105	1	3	1.00007806205063e-09	0.00013819758671554	0.999861804413206
chr12	50745822	96	9	8.57	1.96919	2	105	1	3	1.85435318399838e-09	0.00867786618592862	0.991322134959718
chr12	52446301	18	3	14.29	1.96919	2	21	0	NA	NA	NA	NA
chr12	53040638	60	3	4.76	1.96919	2	63	1	3	1.00000120115654e-09	2.03895285682209e-05	0.999979612471431
chr12	104359763	32	8	20	1.96197	2	40	1	2	0.0114625216412099	0.93782598442589	0.0507114969329
chr12	123186365	61	11	15.28	1.96197	2	72	1	2	0.000160179112716651	0.668395521847736	0.331444302039548
chr13	19427371	94	24	20.34	2.06508	2	118	1	2	0.0148406836411263	0.9404636021668	0.044695717192074
chr13	19427382	100	21	17.36	2.06508	2	121	1	2	0.00128033737921259	0.855293690222045	0.143425975398742
chr13	19427388	101	24	19.2	2.06508	2	125	1	2	0.00612147586978177	0.925134807473696	0.0687437196565222
chr13	19427390	107	23	17.69	2.06508	2	130	1	2	0.00172024107705624	0.872932778234591	0.125346983688353
chr13	19442203	79	5	5.95	2.06508	2	84	1	3	1.00020068197412e-09	0.000212207413940978	0.999787794585858
chr13	19442219	82	5	5.75	2.06508	2	87	1	3	1.0000916159285e-09	0.000148638455969757	0.999851363543939
chr13	19442227	90	6	6.25	2.06508	2	96	1	3	1.00061996993933e-09	0.00035345036730748	0.999646551632072
chr13	19442240	96	6	5.88	2.06508	2	102	1	3	1.00015298318469e-09	0.000187627140668502	0.999812374859179
chr13	25672111	201	29	12.61	2.06508	2	230	1	3	4.39720753680563e-06	0.264546375382566	0.735449230409897
chr13	114602952	23	5	17.86	2.06508	2	28	0	NA	NA	NA	NA
chr14	19117072	105	10	8.7	1.91746	2	115	1	3	2.20462743068516e-09	0.0100656007444896	0.989934400050883
chr14	21679132	157	21	11.8	1.91746	2	178	1	3	1.0966316275654e-06	0.162450822668099	0.837548083700273
chr14	23416530	22	7	24.14	1.91746	2	29	0	NA	NA	NA	NA
chr14	35786684	23	3	11.54	1.91746	2	26	0	NA	NA	NA	NA
chr14	55819773	33	5	13.16	2.00347	2	38	1	3	1.03627668086437e-05	0.347323165007711	0.652666475225481
chr15	23892251	64	4	5.88	1.91879	2	68	1	3	1.00015298318469e-09	0.000187627140668502	0.999812374859179
chr15	34523566	13	8	38.1	1.91879	2	21	0	NA	NA	NA	NA
chr15	82808441	192	9	4.48	1.98233	2	201	1	3	1.00000029889464e-09	1.07147963675317e-05	0.999989287203632
chr15	82808513	125	16	11.35	1.98233	2	141	1	3	4.74497519168204e-07	0.118535416310342	0.881464112192139
chr15	102292767	20	3	13.04	1.98233	2	23	0	NA	NA	NA	NA
chr15	102305092	30	3	9.09	1.98233	2	33	1	3	4.2721953525032e-09	0.015454014218907	0.984545984508898
chr15	102516714	160	24	13.04	1.98233	2	184	1	3	8.64461207087135e-06	0.328609384460126	0.671381973927803
chr16	67058	134	17	11.26	1.8202	2	151	1	3	3.99033364341345e-07	0.110882119436929	0.889117484529707
chr16	28507424	16	8	33.33	1.85125	2	24	0	NA	NA	NA	NA
chr16	29393448	37	13	26	1.85125	2	50	1	2	0.431625981437303	0.563534917161994	0.00483910440070255
chr16	29496929	136	9	6.21	1.85125	2	145	1	3	1.00053510100543e-09	0.000330727407632468	0.999669274591832
chr16	29496932	132	15	10.2	1.85125	2	147	1	3	4.53855669037755e-08	0.0461527164602202	0.953847241154213
chr16	32095671	61	14	18.67	1.85125	2	75	1	2	0.00397513111898204	0.91145520608473	0.0845696657962884
chr16	32438046	21	9	30	1.85125	2	30	1	1	0.897239815509294	0.102370992660227	0.000389194830478668
chr16	33539587	126	19	13.1	1.85125	2	145	1	3	9.46852265667739e-06	0.337930183776427	0.662060350700917
chr16	33942063	380	24	5.94	1.85125	2	404	1	3	1.00019308829769e-09	0.000208528304129629	0.999791473695677
chr16	33961540	15	5	25	1.85125	2	20	0	NA	NA	NA	NA
chr16	33961627	33	5	13.16	1.85125	2	38	1	3	1.03627668086437e-05	0.347323165007711	0.652666475225481
chr16	90235223	75	12	13.79	1.85125	2	87	1	3	2.55226437287522e-05	0.448394791502104	0.551579688854167
chr16	90235636	40	9	18.37	1.85125	2	49	1	2	0.00309380442871727	0.901634357327502	0.0952718412437811
chr16	90236367	17	5	22.73	1.85125	2	22	0	NA	NA	NA	NA
chr16	90236415	31	4	11.43	1.85125	2	35	1	3	5.52605160675032e-07	0.125651084136081	0.874348366258758
chr17	417689	48	26	35.14	1.85716	2	74	1	1	0.993743706501785	0.00624433375653773	1.1962741677422e-05
chr17	16068262	58	11	15.94	1.85716	2	69	1	2	0.000325171135903583	0.74372224228103	0.255952589583066
chr17	18391155	51	5	8.93	1.85716	2	56	1	3	3.18382605167016e-09	0.01299911925976	0.987000880556414
chr17	34499725	79	7	8.14	1.87944	2	86	1	3	1.26352741144623e-09	0.0052056287445866	0.994794372991886
chr17	34499734	76	15	16.48	1.87944	2	91	1	2	0.000559516155489794	0.793741882565276	0.205698604279234
chr17	34499737	71	15	17.44	1.87944	2	86	1	2	0.00137631081351725	0.859815900291904	0.138807791894579
chr17	34499747	66	17	20.48	1.87944	2	83	1	2	0.0164830043669677	0.941065305526099	0.042451693106933
chr17	34499750	70	18	20.45	1.87944	2	88	1	2	0.0161175252473291	0.940960582197286	0.0429218955553851
chr17	34499758	77	21	21.43	1.87944	2	98	1	2	0.0328840748020638	0.937002637617706	0.0301132905802302
chr17	34499766	85	21	19.81	1.87944	2	106	1	2	0.00990091096254291	0.935638179575261	0.0544609124621959
chr17	34499770	90	22	19.64	1.87944	2	112	1	2	0.00867353755931951	0.933248391514336	0.0580780739263441
chr17	34499784	89	19	17.59	1.87944	2	108	1	2	0.00157419504402095	0.867865975486507	0.130559832469472
chr17	34499796	83	15	15.31	1.87944	2	98	1	2	0.000165617803124964	0.672162327474232	0.327672057722643
chr17	34499812	79	18	18.56	1.87944	2	97	1	2	0.00362806764980219	0.9080386616451	0.0883332737050974
chr17	34499824	78	17	17.89	1.87944	2	95	1	2	0.00205027959071452	0.882381370499495	0.115568352909791
chr17	34499825	76	17	18.28	1.87944	2	93	1	2	0.00286698774627752	0.898369657896507	0.098763357357215
chr17	34499865	72	17	19.1	1.87944	2	89	1	2	0.00564841358643456	0.922891520906976	0.0714600685065897
chr17	34499894	54	12	18.18	1.87944	2	66	1	2	0.00263302255647343	0.894561093602088	0.102805886841439
chr17	34499898	53	13	19.7	1.87944	2	66	1	2	0.00908960278187886	0.934138602705821	0.0567717975122998
chr17	37360912	24	5	17.24	1.87944	2	29	0	NA	NA	NA	NA
chr17	39150246	60	3	4.76	1.87944	2	63	1	3	1.00000120115654e-09	2.03895285682209e-05	0.999979612471431
chr17	39346622	103	5	4.63	1.87944	2	108	1	3	1.00000063633695e-09	1.52027708157269e-05	0.999984799229184
chr17	39406679	206	22	9.65	1.87944	2	228	1	3	1.37145184456738e-08	0.0274560047386621	0.97254398454682
chr17	42988733	27	2	6.9	1.9103	2	29	0	NA	NA	NA	NA
chr17	44144882	24	10	29.41	1.9103	2	34	1	1	0.860420999734794	0.138993103020841	0.000585900244364394
chr17	44490438	25	4	13.79	1.9103	2	29	0	NA	NA	NA	NA
chr17	45214468	120	11	8.4	1.9103	2	131	1	3	1.54065570128971e-09	0.00711736553746675	0.992882635921878
chr17	45214564	501	50	9.07	1.9103	2	551	1	3	4.11219712456272e-09	0.0151267271774539	0.984873271710349
chr17	45214606	308	38	10.98	1.9103	2	346	1	3	2.30041054901551e-07	0.0893923419214439	0.910607431037501
chr18	109099	37	7	15.91	1.97767	2	44	1	2	0.000315228988597346	0.740642254449922	0.259042519561481
chr18	109257	30	5	14.29	1.97767	2	35	1	2	4.93273533934768e-05	0.527864389868933	0.472086285777673
chr18	14192240	26	3	10.34	1.97767	2	29	0	NA	NA	NA	NA
chr18	14192290	24	3	11.11	1.97767	2	27	0	NA	NA	NA	NA
chr18	14210300	56	11	16.42	1.97767	2	67	1	2	0.000527530563775843	0.788677562703859	0.210794909732365
chr18	14211064	52	9	14.75	1.97767	2	61	1	2	8.69257827473067e-05	0.596776072303775	0.403137004913478
chr18	14211076	47	8	14.55	1.97767	2	55	1	2	6.82452551419857e-05	0.56747537298363	0.432456384761228
chr18	14211080	49	6	10.91	1.97767	2	55	1	3	1.99893322212478e-07	0.0845507042356403	0.915449098871038
chr18	14215573	21	5	19.23	1.97767	2	26	0	NA	NA	NA	NA
chr18	14221090	21	4	16	1.97767	2	25	0	NA	NA	NA	NA
chr18	15316743	138	11	7.38	1.97767	2	149	1	3	1.0279605992987e-09	0.00194111648111304	0.998058885490927
chr18	44549586	50	2	3.85	2.04698	2	52	1	3	1.00000000923021e-09	2.12217828816153e-06	0.999997879821712
chr19	199844	47	3	6	1.80563	2	50	1	3	1.00024313591198e-09	0.000231488567373649	0.999768513432383
chr19	199866	42	4	8.7	1.80563	2	46	1	3	2.20462743068516e-09	0.0100656007444896	0.989934400050883
chr19	4513105	100	7	6.54	1.80563	2	107	1	3	1.00175375576815e-09	0.000564458795192419	0.999435543203054
chr19	9012813	45	6	11.76	1.80563	2	51	1	3	1.01989105145616e-06	0.158162862866431	0.841836120242518
chr19	9012823	42	7	14.29	1.80563	2	49	1	2	4.93273533934768e-05	0.527864389868933	0.472086285777673
chr19	12503054	52	13	20	1.80563	2	65	1	2	0.0114625216412099	0.93782598442589	0.0507114969329
chr19	22171761	31	4	11.43	1.80563	2	35	1	3	5.52605160675032e-07	0.125651084136081	0.874348366258758
chr19	22171762	30	4	11.76	1.80563	2	34	1	3	1.01989105145616e-06	0.158162862866431	0.841836120242518
chr19	22270747	13	11	45.83	1.80563	2	24	0	NA	NA	NA	NA
chr19	22270750	13	10	43.48	1.80563	2	23	0	NA	NA	NA	NA
chr19	22270762	16	10	38.46	1.80563	2	26	0	NA	NA	NA	NA
chr19	22270767	17	11	39.29	1.80563	2	28	0	NA	NA	NA	NA
chr19	22270783	20	12	37.5	1.80563	2	32	1	1	0.998236950301394	0.00176028805979278	2.7646388135677e-06
chr19	40368330	24	4	14.29	1.80563	2	28	0	NA	NA	NA	NA
chr19	40399067	23	6	20.69	1.80563	2	29	0	NA	NA	NA	NA
chr19	40405953	57	3	5	1.80563	2	60	1	3	1.00000371281887e-09	3.42961502377584e-05	0.999965705849759
chr19	50957315	20	2	9.09	1.8168	2	22	0	NA	NA	NA	NA
chr19	54745488	16	4	20	1.8168	2	20	0	NA	NA	NA	NA
chr2	905525	273	20	6.83	2.05865	2	293	1	3	1.00474111626554e-09	0.000881369956126611	0.999118632039132
chr2	905665	99	5	4.81	2.05865	2	104	1	3	1.00000152656403e-09	2.27745489518836e-05	0.999977227451047
chr2	905805	140	15	9.68	2.05865	2	155	1	3	1.46399202718139e-08	0.0282771359357319	0.971722852424348
chr2	9546301	86	19	18.1	2.05865	2	105	1	2	0.0024586648630032	0.891373015217354	0.106168322919642
chr2	10141319	52	19	26.76	2.05865	2	71	1	1	0.551054459401388	0.445737491643365	0.00320805195524717
chr2	29296120	21	3	12.5	1.98991	2	24	0	NA	NA	NA	NA
chr2	29390320	37	8	17.78	1.98991	2	45	1	2	0.00186219803361	0.877295310134497	0.120842494831893
chr2	89102258	174	13	6.95	1.98991	2	187	1	3	1.00706693832812e-09	0.00105333455109033	0.998946667441843
chr2	89104928	64	12	15.79	1.98991	2	76	1	2	0.000278124715009164	0.727996372604075	0.271725505680916
chr2	89104958	68	7	9.33	1.98991	2	75	1	3	6.91791872318001e-09	0.0198847769612076	0.980115219120874
chr2	95488646	62	3	4.62	1.98991	2	65	1	3	1.00000060553989e-09	1.48579231558291e-05	0.999985144076843
chr2	95495232	89	18	16.82	1.98991	2	107	1	2	0.000776246699812546	0.820248320038434	0.178975436261754
chr2	95513495	47	4	7.84	1.98991	2	51	1	3	1.11162535008818e-09	0.00357403894197346	0.996425962946401
chr2	95515244	22	7	24.14	1.98991	2	29	0	NA	NA	NA	NA
chr2	95539334	27	8	22.86	1.98991	2	35	1	2	0.086089031224872	0.895827301553389	0.0180836702217388
chr2	95558293	43	11	20.37	3.36219	NA	54	1	NA	NA	NA	NA
chr2	95558295	41	10	19.61	3.36219	NA	51	1	NA	NA	NA	NA
chr2	96935076	30	3	9.09	1.91534	2	33	1	3	4.2721953525032e-09	0.015454014218907	0.984545984508898
chr2	97830036	171	15	8.06	1.91534	2	186	1	3	1.21024899873064e-09	0.00471657288128901	0.995283428908462
chr2	97909778	84	11	11.58	1.91534	2	95	1	3	7.32416627475053e-07	0.139795931443654	0.860203339139719
chr2	98171628	99	6	5.71	1.91534	2	105	1	3	1.00007806205063e-09	0.00013819758671554	0.999861804413206
chr2	98171786	44	5	10.2	1.91534	2	49	1	3	4.53855669037755e-08	0.0461527164602202	0.953847241154213
chr2	112620144	20	7	25.93	1.91534	2	27	0	NA	NA	NA	NA
chr2	120720255	33	5	13.16	2.04217	2	38	1	3	1.03627668086437e-05	0.347323165007711	0.652666475225481
chr2	128354030	24	3	11.11	2.04217	2	27	0	NA	NA	NA	NA
chr2	130832873	135	7	4.93	2.04217	2	142	1	3	1.00000268679167e-09	2.95528667355333e-05	0.999970449133262
chr2	131341052	82	4	4.65	2.04217	2	86	1	3	1.00000070248403e-09	1.59141406978711e-05	0.999984087859301
chr2	131414707	41	5	10.87	2.04217	2	46	1	3	1.84384409020772e-07	0.0818760608091766	0.918123757806415
chr2	132044787	195	22	10.14	2.04217	2	217	1	3	3.98753712134672e-08	0.0437037991439749	0.956296163980654
chr2	132240334	129	8	5.84	2.04217	2	137	1	3	1.00013081547090e-09	0.000174755403273578	0.999825246596596
chr2	132905814	102	10	8.93	2.04217	2	112	1	3	3.18382605167016e-09	0.01299911925976	0.987000880556414
chr2	132905819	95	8	7.77	2.04217	2	103	1	3	1.09091181271481e-09	0.0032658459903614	0.996734155918727
chr2	132912327	49	7	12.5	2.04217	2	56	1	3	3.6740906600622e-06	0.249104391782183	0.750891937127157
chr2	133015144	103	16	13.45	2.04217	2	119	1	3	1.58543845673873e-05	0.393498728056418	0.606485420559014
chr2	133015178	324	15	4.42	2.04217	2	339	1	3	1.00000021936071e-09	9.28288430670492e-06	0.999990719115693
chr2	150294229	31	3	8.82	2.04217	2	34	1	3	2.64640160698896e-09	0.0115146302258138	0.988485370127785
chr2	190788735	220	21	8.71	2.03383	2	241	1	3	2.23661445265001e-09	0.0101799545080041	0.989820046255381
chr2	190788746	229	21	8.4	2.03383	2	250	1	3	1.54065570128971e-09	0.00711736553746675	0.992882635921878
chr2	190788747	233	20	7.91	2.03383	2	253	1	3	1.13680394059537e-09	0.00390765634200148	0.996092345521195
chr2	190788754	227	21	8.47	2.03383	2	248	1	3	1.65349985280042e-09	0.00772726555893413	0.992272735787566
chr2	190788758	232	22	8.66	2.03383	2	254	1	3	2.0843996460151e-09	0.00961932029705152	0.990380680618549
chr2	190788764	227	25	9.92	2.03383	2	252	1	3	2.47215477457334e-08	0.0356252688450989	0.964374709433353
chr2	190788766	228	24	9.52	2.03383	2	252	1	3	1.03508985705541e-08	0.02412751417813	0.975872478470971
chr2	190788804	188	30	13.76	2.03383	2	218	1	3	2.44957379817557e-05	0.443551242235613	0.556424265026405
chr2	190788824	161	18	10.06	2.03383	2	179	1	3	3.35307036396001e-08	0.0406065072812127	0.959393462188084
chr2	190788825	157	19	10.8	2.03383	2	176	1	3	1.59946945776963e-07	0.0773534600270891	0.922646383025965
chr2	202319635	12	10	45.45	2.03383	2	22	0	NA	NA	NA	NA
chr2	202467889	26	10	27.78	2.03383	2	36	1	1	0.697740736717212	0.300523924049617	0.00173534223317094
chr2	240982200	64	8	11.11	2.03383	2	72	1	3	2.97736004895379e-07	0.0989402012449697	0.901059504019025
chr20	25752597	579	88	13.19	1.94127	2	667	1	3	1.08378835806046e-05	0.352044411532421	0.647944753583998
chr20	25753826	45	9	16.67	1.94127	2	54	1	2	0.000672693536259437	0.809004316392525	0.190322993071215
chr20	25754210	82	17	17.17	1.94127	2	99	1	2	0.00107638000239084	0.843885930807247	0.155037692190362
chr20	26064428	89	21	19.09	1.94127	2	110	1	2	0.00560302205779382	0.922658810607761	0.0717381703344453
chr20	26094407	21	4	16	1.94127	2	25	0	NA	NA	NA	NA
chr20	29625845	377	32	7.82	1.94127	2	409	1	3	1.10528741262636e-09	0.00348346489483694	0.996516536999876
chr20	29625946	335	35	9.46	1.94127	2	370	1	3	9.10182570641942e-09	0.0227112940149455	0.977288699883229
chr20	29625950	305	34	10.03	1.94127	2	339	1	3	3.14151863716129e-08	0.0394930159481598	0.960506955636654
chr20	29628167	121	9	6.92	1.94127	2	130	1	3	1.00639996696996e-09	0.00100775683254226	0.998992245161058
chr20	29631740	53	5	8.62	1.94127	2	58	1	3	1.97567539314825e-09	0.00919041926166235	0.990809581762662
chr20	29632673	533	67	11.17	1.94127	2	600	1	3	3.34943735353584e-07	0.103596315454492	0.896403352601773
chr20	29632831	136	17	11.11	1.94127	2	153	1	3	2.97736004895379e-07	0.0989402012449697	0.901059504019025
chr20	29637779	110	11	9.09	1.94127	2	121	1	3	4.2721953525032e-09	0.015454014218907	0.984545984508898
chr20	29638114	76	11	12.64	1.94127	2	87	1	3	4.61581216845212e-06	0.268832334611906	0.731163052575926
chr21	9907557	138	18	11.54	1.95179	2	156	1	3	6.79761311281954e-07	0.135921032349952	0.864078290888736
chr21	9907576	134	18	11.84	1.95179	2	152	1	3	1.17870447394153e-06	0.166813509220553	0.833185315074973
chr21	9907887	105	14	11.76	1.95179	2	119	1	3	1.01989105145616e-06	0.158162862866431	0.841836120242518
chr21	9912320	49	9	15.52	1.95179	2	58	1	2	0.000208524913597928	0.697622666889721	0.302168811196682
chr21	9927065	204	15	6.85	1.95179	2	219	1	3	1.00506972310014e-09	0.000908165589383152	0.999091836405547
chr21	11057775	258	19	6.86	1.95179	2	277	1	3	1.00524208436814e-09	0.00092183351271441	0.999078168482043
chr21	11057905	624	33	5.02	1.95179	2	657	1	3	1.00000406889308e-09	3.57714773727942e-05	0.999964230522623
chr21	14410489	40	8	16.67	1.95179	2	48	1	2	0.000672693536259437	0.809004316392525	0.190322993071215
chr21	15328742	14	14	50	1.95179	2	28	0	NA	NA	NA	NA
chr21	15441125	160	22	12.09	1.95179	2	182	1	3	1.83492883771479e-06	0.195750624964091	0.804247543107072
chr21	42064772	29	4	12.12	1.95179	2	33	1	3	1.93311783549666e-06	0.199412979585095	0.800585090297069
chr22	21045443	133	16	10.74	1.84408	2	149	1	3	1.41475098136238e-07	0.0736340395430633	0.926365821981838
chr22	21045452	146	14	8.75	1.84408	2	160	1	3	2.37285374891384e-09	0.010648782105026	0.98935121852212
chr22	21638479	99	18	15.38	1.84408	2	117	1	2	0.000178952490030234	0.68082621135584	0.318994839154129
chr22	21638650	127	19	13.01	1.84408	2	146	1	3	8.25748446893701e-06	0.323978331283928	0.676013414231603
chr22	21643557	42	8	16	1.84408	2	50	1	2	0.000345902468626575	0.749785051102065	0.249869049429308
chr22	21646825	22	5	18.52	1.84408	2	27	0	NA	NA	NA	NA
chr22	26306793	17	3	15	1.84408	2	20	0	NA	NA	NA	NA
chr3	42680861	53	11	17.19	2.02272	2	64	1	2	0.00109635863628823	0.845132170073351	0.15377147429036
chr3	49849318	52	3	5.45	2.02272	2	55	1	3	1.00002680574206e-09	8.48854292085884e-05	0.999915116570765
chr3	75786586	221	50	18.45	2.02272	2	271	1	2	0.00330921125983016	0.904410229996197	0.0922805617439725
chr3	97983523	134	10	6.94	2.02272	2	144	1	3	1.00683755666302e-09	0.00103794221402636	0.998962059779136
chr3	101134724	23	7	23.33	2.02272	2	30	1	2	0.115282944680804	0.869485706629167	0.0152313516900295
chr3	125643095	38	3	7.32	2.02272	2	41	1	3	1.0231921765262e-09	0.00178680169549041	0.998213200281317
chr3	185879396	40	6	13.04	2.02272	2	46	1	3	8.64461207087135e-06	0.328609384460126	0.671381973927803
chr3	195507189	321	23	6.69	2.02272	2	344	1	3	1.00294932408031e-09	0.000712689764035067	0.999287312233015
chr3	195507434	219	11	4.78	2.02272	2	230	1	3	1.00000132244198e-09	2.13151720302617e-05	0.999978686827968
chr3	195509287	245	19	7.2	2.02272	2	264	1	3	1.01588162150143e-09	0.00151045559815913	0.998489546385959
chr3	195509651	511	62	10.82	2.02272	2	573	1	3	1.66596505150589e-07	0.0786253087188387	0.921374527684656
chr3	195509676	517	63	10.86	2.02272	2	580	1	3	1.80688971226708e-07	0.0812177274613527	0.918782094849676
chr3	195511431	270	31	10.3	2.02272	2	301	1	3	5.62460027819827e-08	0.0504843613890789	0.949515585364918
chr3	195511446	220	25	10.2	2.02272	2	245	1	3	4.53855669037755e-08	0.0461527164602202	0.953847241154213
chr3	195511465	240	18	6.98	2.02272	2	258	1	3	1.00780006339633e-09	0.00110073785627594	0.998899264135924
chr3	195511925	389	15	3.71	2.02272	2	404	1	3	1.0000000039448e-09	1.42565083619755e-06	0.999998576349164
chr3	195513395	285	11	3.72	2.02272	2	296	1	3	1.00000000419618e-09	1.46750186609011e-06	0.999998534498134
chr3	195513662	373	28	6.98	2.02272	2	401	1	3	1.00780006339633e-09	0.00110073785627594	0.998899264135924
chr3	195513667	381	49	11.4	2.02272	2	430	1	3	5.22002791525563e-07	0.122948001396759	0.87705147960045
chr3	195515113	208	9	4.15	2.02272	2	217	1	3	1.00000005164512e-09	4.73953079137309e-06	0.999995262469209
chr3	195515244	280	12	4.11	2.02272	2	292	1	3	1.00000004135302e-09	4.27342569127645e-06	0.999995728574309
chr4	1388755	38	8	17.39	2.04146	2	46	1	2	0.00131558655304541	0.857008581037092	0.141675835409863
chr4	1388757	35	9	20.45	2.04146	2	44	1	2	0.0161175252473291	0.940960582197286	0.0429218955553851
chr4	2249712	29	3	9.38	2.04146	2	32	1	3	7.68158560502853e-09	0.0209339614585153	0.979066033859899
chr4	17913359	18	6	25	2.04146	2	24	0	NA	NA	NA	NA
chr4	40788273	218	9	3.96	2.04146	2	227	1	3	1.00000001761882e-09	2.8705159879482e-06	0.999997131484012
chr4	49241220	37	9	19.57	2.04146	2	46	1	2	0.00821050715585797	0.932145038262285	0.0596444575818576
chr4	49505066	304	15	4.7	2.04146	2	319	1	3	1.00000089785358e-09	1.7825318495187e-05	0.999982176681504
chr4	57223076	23	16	41.03	2.04146	2	39	1	1	0.999723359706051	0.00027627867683651	3.64617112284602e-07
chr4	66439402	195	18	8.45	2.04146	2	213	1	3	1.61915044683189e-09	0.00754850272660384	0.992451498654246
chr4	66439413	201	19	8.64	2.04146	2	220	1	3	2.02866756333808e-09	0.00940273329248469	0.990597267678848
chr4	66439446	218	22	9.17	2.04146	2	240	1	3	4.99409896951759e-09	0.0168251482025629	0.983174849803338
chr4	66439449	220	24	9.84	2.04146	2	244	1	3	2.07592581514493e-08	0.0330159206243777	0.966984061616364
chr4	100789471	33	3	8.33	2.08349	2	36	1	3	1.44656448598208e-09	0.00655011573824564	0.99344988581519
chr4	110670646	20	3	13.04	2.08349	2	23	0	NA	NA	NA	NA
chr4	120327803	76	3	3.8	2.08204	2	79	1	3	1.00000000683794e-09	1.84436390618347e-06	0.999998157636094
chr4	123276900	16	5	23.81	2.08204	2	21	0	NA	NA	NA	NA
chr4	186536186	46	14	23.33	2.08204	2	60	1	2	0.115282944680804	0.869485706629167	0.0152313516900295
chr4	190805495	335	36	9.7	2.08204	2	371	1	3	1.52920493707455e-08	0.0288360349231621	0.971163952784788
chr4	190805609	227	19	7.72	2.08204	2	246	1	3	1.07842339164671e-09	0.00306033758619332	0.996939664335383
chr4	190805622	72	13	15.29	2.08204	2	85	1	2	0.000161974076984346	0.669654688994772	0.330183339928244
chr5	23509915	17	6	26.09	2.05495	2	23	0	NA	NA	NA	NA
chr5	68662431	36	6	14.29	2.05495	2	42	1	2	4.93273533934768e-05	0.527864389868933	0.472086285777673
chr5	70074142	97	12	11.01	2.05495	2	109	1	3	2.44233376401024e-07	0.0915309278024488	0.908468830964175
chr5	75537109	70	16	18.6	2.05495	2	86	1	2	0.00375089144296998	0.909305209577917	0.0869439019791133
chr5	140554140	51	6	10.53	2.05495	2	57	1	3	9.15265568749773e-08	0.0617122471156991	0.938287664357744
chr5	156482504	26	4	13.33	2.00194	2	30	1	3	1.33254098715435e-05	0.374263250852278	0.62572342673785
chr6	7298922	26	3	10.34	2.00208	2	29	0	NA	NA	NA	NA
chr6	30954693	77	12	13.48	2.00208	2	89	1	3	1.65504762588444e-05	0.398327315662516	0.601656136861225
chr6	30954708	68	20	22.73	2.00208	2	88	1	2	0.0792226842996863	0.901826659367256	0.0189506593330577
chr6	30954888	93	17	15.45	2.00208	2	110	1	2	0.000193235113104645	0.689313388017007	0.310493379869889
chr6	30954890	90	20	18.18	2.00208	2	110	1	2	0.00263302255647343	0.894561093602088	0.102805886841439
chr6	30954934	91	22	19.47	2.00208	2	113	1	2	0.00758874465857171	0.930447050471824	0.0619642078696038
chr6	31084827	42	3	6.67	2.00208	2	45	1	3	1.00275370676699e-09	0.000691106535678093	0.999308895461568
chr6	32008634	18	3	14.29	2.00208	2	21	0	NA	NA	NA	NA
chr6	32546701	67	27	28.72	2.00208	2	94	1	1	0.803263496287572	0.19579861609137	0.000937890621057882
chr6	32548437	20	5	20	2.00208	2	25	0	NA	NA	NA	NA
chr6	32548554	39	5	11.36	2.00208	2	44	1	3	4.83661930691152e-07	0.119408704401035	0.880590814937035
chr6	44197181	25	13	34.21	2.00208	2	38	1	1	0.989625547017033	0.0103525943525385	2.18616304281412e-05
chr6	56918248	37	7	15.91	2.00208	2	44	1	2	0.000315228988597346	0.740642254449922	0.259042519561481
chr6	111179497	49	3	5.77	2.00208	2	52	1	3	1.00009920986907e-09	0.000154119160562296	0.999845882839338
chr6	168377009	48	10	17.24	2.05651	2	58	1	2	0.00114779256650351	0.848200422232499	0.150651788200997
chr7	56564532	53	6	10.17	1.98412	2	59	1	3	4.25439895338586e-08	0.0449145003143317	0.955085460141679
chr7	56564578	38	7	15.56	1.98412	2	45	1	2	0.000217738074515745	0.702290629966084	0.2974916349594
chr7	56564594	33	7	17.5	1.98412	2	40	1	2	0.00145255755450069	0.863102069372964	0.135445376072535
chr7	56564595	33	7	17.5	1.98412	2	40	1	2	0.00145255755450069	0.863102069372964	0.135445376072535
chr7	56564605	32	7	17.95	1.98412	2	39	1	2	0.00216007766032935	0.885044795434829	0.112795129904841
chr7	56893862	47	5	9.62	1.98412	2	52	1	3	1.28490126928137e-08	0.0266551853076215	0.973344804843366
chr7	56899048	32	7	17.95	1.98412	2	39	1	2	0.00216007766032935	0.885044795434829	0.112795129904841
chr7	56900517	103	14	11.97	1.98412	2	117	1	3	1.48644634187062e-06	0.181504532375964	0.818493984177694
chr7	56900525	104	15	12.61	1.98412	2	119	1	3	4.39720753680563e-06	0.264546375382566	0.735449230409897
chr7	56900528	108	17	13.6	1.98412	2	125	1	3	1.96173964608989e-05	0.417691398383368	0.582288987220172
chr7	56900543	122	25	17.01	2	2	147	1	2	0.000928092390164118	0.83351709974769	0.165554810862146
chr7	56900544	122	25	17.01	2	2	147	1	2	0.000928092390164118	0.83351709974769	0.165554810862146
chr7	56900549	121	25	17.12	2	2	146	1	2	0.00102787568564804	0.840722396020684	0.158249731293667
chr7	56900550	119	25	17.36	2	2	144	1	2	0.00128033737921259	0.855293690222045	0.143425975398742
chr7	57710155	125	9	6.72	1.93442	2	134	1	3	1.00326785029056e-09	0.000746191865119145	0.999253810131613
chr7	57710171	96	7	6.8	1.93442	2	103	1	3	1.00428611658549e-09	0.000842495996061777	0.999157505999652
chr7	63204608	79	8	9.2	1.93442	2	87	1	3	5.30207249093145e-09	0.0173657312582734	0.982634266439654
chr7	63204646	71	9	11.25	1.93442	2	80	1	3	3.91381830909242e-07	0.110054544045858	0.889945067572312
chr7	63204652	63	9	12.5	1.93442	2	72	1	3	3.6740906600622e-06	0.249104391782183	0.750891937127157
chr7	63204667	52	12	18.75	1.93442	2	64	1	2	0.00424656550104469	0.913810554750173	0.081942882748782
chr7	63204668	50	12	19.35	1.93442	2	62	1	2	0.00690040184835501	0.928218439924127	0.0648811612275179
chr7	63204681	42	12	22.22	1.93442	2	54	1	2	0.0566698389994454	0.92059360680022	0.0227365572003348
chr7	63215282	191	18	8.61	1.93442	2	209	1	3	1.95016641019688e-09	0.00908584246125185	0.990914158588582
chr7	63219039	60	3	4.76	1.93442	2	63	1	3	1.00000120115654e-09	2.03895285682209e-05	0.999979612471431
chr7	63219040	61	3	4.69	1.93442	2	64	1	3	1.00000085503291e-09	1.7427354476524e-05	0.999982574645523
chr7	66746294	43	4	8.51	1.93442	2	47	1	3	1.72773371485828e-09	0.0080959531447253	0.991904048127541
chr7	75132834	88	21	19.27	1.93442	2	109	1	2	0.00647421335311179	0.926615436237708	0.0669103534091801
chr7	102782144	123	19	13.38	1.93442	2	142	1	3	1.43313454811833e-05	0.382260598346294	0.617725073308225
chr7	102782145	124	19	13.29	1.93442	2	143	1	3	1.25669129942333e-05	0.367886749085886	0.63210068700112
chr7	102782159	120	18	13.04	1.93442	2	138	1	3	8.64461207087135e-06	0.328609384460126	0.671381973927803
chr7	102782162	116	18	13.43	1.93442	2	134	1	3	1.540504844003e-05	0.390283451755196	0.609701146196364
chr7	137406869	163	26	13.76	1.9737	2	189	1	3	2.44957379817557e-05	0.443551242235613	0.556424265026405
chr7	137406874	175	15	7.89	1.9737	2	190	1	3	1.12910449296971e-09	0.00380964080099203	0.996190361069903
chr7	137406875	169	21	11.05	1.9737	2	190	1	3	2.64444101090913e-07	0.0944425092080031	0.905557229347896
chr7	137406880	179	19	9.6	1.9737	2	198	1	3	1.2303458196863e-08	0.0261323976336825	0.973867593062859
chr7	141760294	30	9	23.08	1.9737	2	39	1	2	0.0988671528453115	0.884436610266844	0.0166962398878441
chr7	141760301	26	7	21.21	1.9737	2	33	1	2	0.0281186288622743	0.939301335267916	0.0325800388698096
chr7	151935906	31	6	16.22	1.9737	2	37	1	2	0.000432452435401736	0.770920556237416	0.228646994327182
chr7	151970714	212	23	9.79	1.9737	2	235	1	3	1.86112306320738e-08	0.0314681159137301	0.968531868475039
chr8	11189529	59	22	27.16	2.02048	2	81	1	1	0.61166297377379	0.385795830620679	0.00254119860553133
chr8	52731129	106	10	8.62	2.02048	2	116	1	3	1.97567539314825e-09	0.00919041926166235	0.990809581762662
chr8	98864581	60	9	13.04	2.01684	2	69	1	3	8.64461207087135e-06	0.328609384460126	0.671381973927803
chr8	113301744	32	10	23.81	2.01684	2	42	1	2	0.152997765753132	0.8342906777781	0.0127115594687681
chr8	133192463	29	9	23.68	2.01684	2	38	1	2	0.141939529057157	0.84470157531147	0.0133588986313731
chr8	144342352	157	17	9.77	2.01684	2	174	1	3	1.78157598465509e-08	0.0308663466844484	0.969133638499792
chr8	144342357	146	14	8.75	2.01684	2	160	1	3	2.37285374891384e-09	0.010648782105026	0.98935121852212
chr9	33795415	47	13	21.67	2.02694	2	60	1	2	0.0389144144328961	0.933441021368819	0.0276445671982845
chr9	33795437	54	22	28.95	2.02694	2	76	1	1	0.824152865009294	0.175044329424661	0.000802808566044745
chr9	33795439	55	20	26.67	2.02694	2	75	1	1	0.537060100461227	0.459564365325566	0.0033755372132068
chr9	45727981	222	9	3.9	1.97165	2	231	1	3	1.00000001241122e-09	2.43719864744258e-06	0.999997564801352
chr9	45728135	513	26	4.82	1.97165	2	539	1	3	1.00000160106138e-09	2.32805932271145e-05	0.999976721406771
chr9	45728291	417	16	3.7	1.97165	2	432	1	3	1.00000000370786e-09	1.3848801685899e-06	0.999998617119831
chr9	66553848	141	16	10.19	1.97165	2	157	1	3	4.44185202178769e-08	0.0457368939129694	0.95426306466851
chr9	67302840	376	52	12.15	1.97165	2	428	1	3	2.03613318775827e-06	0.203115053354046	0.796882913512766
chr9	67303044	136	9	6.21	1.97165	2	145	1	3	1.00053510100543e-09	0.000330727407632468	0.999669274591832
chr9	67303058	114	21	15.56	1.97165	2	135	1	2	0.000217738074515745	0.702290629966084	0.2974916349594
chr9	67303068	109	21	16.15	1.97165	2	130	1	2	0.000403012650813879	0.764380467021432	0.235216523327754
chr9	68433588	267	10	3.61	1.97165	2	277	1	3	1.00000000210707e-09	1.06261467595164e-06	0.999998939385324
chr9	68438665	162	23	12.43	1.97165	2	185	1	3	3.27240429181654e-06	0.239511651720918	0.76048507887479
chr9	68438673	151	27	15.17	1.97165	2	178	1	2	0.000141570836349853	0.654311266181244	0.345547165982406
chr9	69422874	101	6	5.61	1.97165	2	107	1	3	1.00005205392363e-09	0.000114909267147798	0.9998850927328
chr9	97082913	20	2	9.09	1.97165	2	22	0	NA	NA	NA	NA
chr9	100134008	29	4	12.12	1.97165	2	33	1	3	1.93311783549666e-06	0.199412979585095	0.800585090297069
chr9	101496269	47	7	12.96	1.97165	2	54	1	3	7.64702082870002e-06	0.316306476994431	0.68368587898474
chrX	1743389	18	4	18.18	1.96251	2	22	0	NA	NA	NA	NA
chrX	6451864	218	50	18.66	1.96251	2	268	1	2	0.00394235498635945	0.911153194776564	0.0849044532370764
chrX	6451869	233	16	6.43	1.96251	2	249	1	3	1.00118873556078e-09	0.000473929955593505	0.999526072043218
chrX	48126714	80	7	8.05	1.96442	2	87	1	3	1.20436307505853e-09	0.00465838362804628	0.995341618167591
chrX	48374351	23	2	8	1.96442	2	25	0	NA	NA	NA	NA
chrX	100242559	45	5	10	1.96442	2	50	1	3	2.94306052386761e-08	0.0384050380159637	0.961594935553431
chrX	100698844	96	4	4	1.96442	2	100	1	3	1.00000002218919e-09	3.19677136314042e-06	0.999996805228637
chrX	118604004	25	6	19.35	1.96442	2	31	1	2	0.00690040184835501	0.928218439924127	0.0648811612275179
chrX	118604030	17	6	26.09	1.96442	2	23	0	NA	NA	NA	NA
chrX	118604043	15	6	28.57	1.96442	2	21	0	NA	NA	NA	NA
chrX	128902532	48	4	7.69	1.96442	2	52	1	3	1.07173610161721e-09	0.00294260133342609	0.997057400594838
chrX	140993989	158	55	25.82	1.93308	2	213	1	2	0.403665537903047	0.591033905497916	0.00530055959903633
