chr	st	BC41T.ref	BC41T.var	BC41T.vaf	BC41T.cn	BC41T.cleancn	BC41T.depth	adequateDepth	cluster	cluster.prob.1	cluster.prob.2	cluster.prob.3	cluster.prob.4
chr1	136996	70	7	9.09	1.82046	2	77	1	4	1e-09	1.00000006563393e-09	1.2958120265082e-05	0.999987043879735
chr1	788844	33	12	26.67	1.82046	2	45	1	3	1.0000000000167e-09	0.00163468375249631	0.952123353708874	0.0462419655386297
chr1	1454232	30	16	34.78	1.82046	2	46	1	3	1.00599650877504e-09	0.448317659059811	0.549781621915656	0.0019007220185362
chr1	1639718	24	2	7.69	1.82046	2	26	0	NA	NA	NA	NA	NA
chr1	12851807	48	11	18.64	1.82046	2	59	1	4	1e-09	2.78494400327929e-07	0.216954089711714	0.783045634793886
chr1	12853939	47	4	7.84	1.82046	2	51	1	4	1e-09	1.00000000069119e-09	1.4656386597684e-06	0.99999853636134
chr1	12854356	119	24	16.78	1.82046	2	143	1	4	1e-09	1.29254687044284e-08	0.0656277856250768	0.934372204449454
chr1	12919482	125	27	17.76	1.82046	2	152	1	4	1e-09	6.77332864134227e-08	0.128987782678225	0.871012152588489
chr1	13001418	23	12	34.29	1.82046	2	35	1	3	1.00228850377656e-09	0.362996704830582	0.634518827184183	0.00248447098294712
chr1	13183615	63	5	7.35	1.82046	2	68	1	4	1e-09	1.00000000009524e-09	5.61777783308304e-07	0.999999440222217
chr1	16890331	435	43	9	1.82046	2	478	1	4	1e-09	1.0000000482956e-09	1.12018243803074e-05	0.99998880017562
chr1	16892065	290	20	6.45	1.82046	2	310	1	4	1e-09	1.00000000000174e-09	8.01777253983631e-08	0.999999921822274
chr1	16892310	42	5	10.64	1.82046	2	47	1	4	1e-09	1.00000850423689e-09	0.000127133538317535	0.999872868461674
chr1	16894087	28	4	12.5	1.82046	2	32	1	4	1e-09	1.00126197184881e-09	0.00125366630463856	0.998746335694099
chr1	16894580	225	16	6.64	1.82046	2	241	1	4	1e-09	1.00000000000423e-09	1.23533454072917e-07	0.999999878466546
chr1	16915542	43	5	10.42	1.82046	2	48	1	4	1e-09	1.00000445433433e-09	9.41269247625064e-05	0.999905875075233
chr1	16915708	55	5	8.33	1.82046	2	60	1	4	1e-09	1.00000000445872e-09	3.59272222597406e-06	0.999996409277774
chr1	16915725	48	5	9.43	1.82046	2	53	1	4	1e-09	1.00000020372992e-09	2.21519650565999e-05	0.999977850034943
chr1	17082475	102	18	15	1.82046	2	120	1	4	1e-09	1.36994703564187e-09	0.0153641150287335	0.984635886601319
chr1	17083776	77	8	9.41	1.82046	2	85	1	4	1e-09	1.00000019080967e-09	2.14769592586346e-05	0.999978525040741
chr1	17086278	60	4	6.25	1.82046	2	64	1	4	1e-09	1.00000000000066e-09	5.02514379331152e-08	0.999999951748562
chr1	17086803	30	2	6.25	1.82046	2	32	1	4	1e-09	1.00000000000066e-09	5.02514379331152e-08	0.999999951748562
chr1	17199274	14	7	33.33	1.82046	2	21	0	NA	NA	NA	NA	NA
chr1	17199283	16	4	20	1.82046	2	20	0	NA	NA	NA	NA	NA
chr1	24076398	25	15	37.5	1.82046	2	40	1	2	1.61477501113012e-09	0.849959039832373	0.149762760842927	0.000278201709924885
chr1	26658003	19	2	9.52	1.82046	2	21	0	NA	NA	NA	NA	NA
chr1	32682394	25	2	7.41	2.16115	2	27	0	NA	NA	NA	NA	NA
chr1	33475977	44	14	24.14	2.16115	2	58	1	3	1.00000000000001e-09	0.000181514024831507	0.86913700894625	0.130681480028918
chr1	33475979	45	14	23.73	2.16115	2	59	1	3	1e-09	0.000123937812776428	0.844708861542549	0.155167203644675
chr1	33475982	46	14	23.33	2.16115	2	60	1	3	1e-09	8.4609278461773e-05	0.816629668120162	0.183285725601376
chr1	38343886	30	8	21.05	2.16115	2	38	1	3	1e-09	7.44903362058882e-06	0.562196764308518	0.437795789657861
chr1	39981462	58	9	13.43	2.16115	2	67	1	4	1e-09	1.01178826299464e-09	0.00340686108382204	0.99659314090439
chr1	47400745	28	25	47.17	2.16115	2	53	1	2	0.000135410931269724	0.999647177388114	0.000217311883271967	1.03797343822233e-07
chr1	53726261	15	22	59.46	2.16115	2	37	1	1	0.964522235457664	0.0354777652745884	2.26719245300256e-09	1.00055505868243e-09
chr1	68627572	69	15	17.86	2.16115	2	84	1	4	1e-09	7.99295816862911e-08	0.137434365929833	0.862565557140586
chr1	68628282	35	8	18.6	2.16115	2	43	1	4	1e-09	2.61761601114974e-07	0.212295280411535	0.787704460826864
chr1	68628306	26	10	27.78	2.16115	2	36	1	3	1.00000000035929e-09	0.00403864608424447	0.965855634500594	0.0301057224151619
chr1	68628323	29	5	14.71	2.16115	2	34	1	4	1e-09	1.20135830506153e-09	0.0118213455539814	0.98817865624466
chr1	68628325	29	6	17.14	2.16115	2	35	1	4	1e-09	2.38117794462662e-08	0.0850511974520228	0.914948781736198
chr1	68628326	28	6	17.65	2.16115	2	34	1	4	1e-09	5.63874638903007e-08	0.120147009700124	0.879852936912412
chr1	68628333	30	6	16.67	2.16115	2	36	1	4	1e-09	1.07459380454712e-08	0.0604822396881655	0.939517752565896
chr1	68628336	29	6	17.14	2.16115	2	35	1	4	1e-09	2.38117794462662e-08	0.0850511974520228	0.914948781736198
chr1	82437674	22	3	12	2.16115	2	25	0	NA	NA	NA	NA	NA
chr1	87595577	14	6	30	2.16115	2	20	0	NA	NA	NA	NA	NA
chr1	108677632	177	47	20.98	3.64369	NA	224	1	NA	NA	NA	NA	NA
chr1	109808505	21	2	8.7	1.73231	NA	23	0	NA	NA	NA	NA	NA
chr1	117158972	38	5	11.63	1.73231	NA	43	1	NA	NA	NA	NA	NA
chr1	142670559	125	16	11.35	1.67307	NA	141	1	NA	NA	NA	NA	NA
chr1	142711581	35	17	32.69	0.902251	1	52	1	NA	NA	NA	NA	NA
chr1	142727234	36	6	14.29	1.69032	NA	42	1	NA	NA	NA	NA	NA
chr1	142803646	81	15	15.62	1.69032	NA	96	1	NA	NA	NA	NA	NA
chr1	142805368	355	34	8.74	1.69032	NA	389	1	NA	NA	NA	NA	NA
chr1	142806045	314	34	9.77	1.69032	NA	348	1	NA	NA	NA	NA	NA
chr1	142806053	334	36	9.73	1.69032	NA	370	1	NA	NA	NA	NA	NA
chr1	142806102	308	27	8.06	1.69032	NA	335	1	NA	NA	NA	NA	NA
chr1	142806187	361	34	8.61	1.69032	NA	395	1	NA	NA	NA	NA	NA
chr1	142806196	343	30	8.04	1.69032	NA	373	1	NA	NA	NA	NA	NA
chr1	142808491	75	11	12.79	1.69032	NA	86	1	NA	NA	NA	NA	NA
chr1	142810859	97	22	18.49	1.69032	NA	119	1	NA	NA	NA	NA	NA
chr1	142811702	290	52	15.2	1.69032	NA	342	1	NA	NA	NA	NA	NA
chr1	142813007	358	46	11.39	1.69032	NA	404	1	NA	NA	NA	NA	NA
chr1	142813106	361	72	16.63	1.69032	NA	433	1	NA	NA	NA	NA	NA
chr1	142815656	144	15	9.43	1.69032	NA	159	1	NA	NA	NA	NA	NA
chr1	142815769	329	37	10.11	1.69032	NA	366	1	NA	NA	NA	NA	NA
chr1	142822375	156	15	8.77	1.69032	NA	171	1	NA	NA	NA	NA	NA
chr1	142822389	136	22	13.92	1.69032	NA	158	1	NA	NA	NA	NA	NA
chr1	142823591	186	16	7.92	1.69032	NA	202	1	NA	NA	NA	NA	NA
chr1	142826750	286	30	9.49	1.69032	NA	316	1	NA	NA	NA	NA	NA
chr1	142827042	172	14	7.53	1.69032	NA	186	1	NA	NA	NA	NA	NA
chr1	142827795	191	27	12.39	1.69032	NA	218	1	NA	NA	NA	NA	NA
chr1	142828326	94	16	14.55	1.69032	NA	110	1	NA	NA	NA	NA	NA
chr1	142828757	286	37	11.46	1.69032	NA	323	1	NA	NA	NA	NA	NA
chr1	142828926	78	12	13.33	1.69032	NA	90	1	NA	NA	NA	NA	NA
chr1	143219938	134	11	7.59	1.69032	NA	145	1	NA	NA	NA	NA	NA
chr1	144617976	19	3	13.64	1.69032	NA	22	0	NA	NA	NA	NA	NA
chr1	144617979	20	3	13.04	1.69032	NA	23	0	NA	NA	NA	NA	NA
chr1	144617992	27	3	10	1.69032	NA	30	1	NA	NA	NA	NA	NA
chr1	144618000	31	4	11.43	1.69032	NA	35	1	NA	NA	NA	NA	NA
chr1	144621667	49	7	12.5	1.69032	NA	56	1	NA	NA	NA	NA	NA
chr1	144813815	21	7	25	1.69032	NA	28	0	NA	NA	NA	NA	NA
chr1	144816621	113	14	11.02	1.69032	NA	127	1	NA	NA	NA	NA	NA
chr1	144830260	97	35	26.52	1.69032	NA	132	1	NA	NA	NA	NA	NA
chr1	144830454	93	15	13.89	1.69032	NA	108	1	NA	NA	NA	NA	NA
chr1	145281633	34	9	20.93	1.69032	NA	43	1	NA	NA	NA	NA	NA
chr1	145285917	118	17	12.59	1.69032	NA	135	1	NA	NA	NA	NA	NA
chr1	145296626	65	7	9.72	1.69032	NA	72	1	NA	NA	NA	NA	NA
chr1	145304787	77	13	14.44	1.69032	NA	90	1	NA	NA	NA	NA	NA
chr1	145368518	191	28	12.79	1.69032	NA	219	1	NA	NA	NA	NA	NA
chr1	146399674	30	4	11.76	2.0793	2	34	1	4	1e-09	1.00018938261289e-09	0.000530315314971387	0.999469686684839
chr1	148017421	40	6	13.04	2.0793	2	46	1	4	1e-09	1.0047070354942e-09	0.00226364897714529	0.997736353018148
chr1	148017435	45	10	18.18	2.0793	2	55	1	4	1e-09	1.34699953079765e-07	0.167132179081674	0.832867689218373
chr1	148021837	17	9	34.62	2.0793	2	26	0	NA	NA	NA	NA	NA
chr1	148021838	16	9	36	2.0793	2	25	0	NA	NA	NA	NA	NA
chr1	148252111	61	22	26.51	2.0793	2	83	1	3	1.00000000001062e-09	0.00143130379813964	0.949297658206712	0.0492710409951482
chr1	148343865	28	8	22.22	2.0793	2	36	1	3	1e-09	2.75993800848427e-05	0.713199188245065	0.28677321537485
chr1	148344491	35	6	14.63	2.0793	2	41	1	4	1e-09	1.16988380469411e-09	0.0109829156662064	0.98901708616391
chr1	148756397	31	5	13.89	2.0793	2	36	1	4	1e-09	1.03367841519475e-09	0.00541765909965244	0.994582342866669
chr1	148882389	95	26	21.49	2.0793	2	121	1	3	1e-09	1.24162483004459e-05	0.623518823291821	0.376468763459879
chr1	148903617	29	13	30.95	2.0793	2	42	1	3	1.00000125945809e-09	0.0457941998026629	0.944542063616475	0.00966373958086043
chr1	148903639	24	8	25	2.0793	2	32	1	3	1.00000000000013e-09	0.000393435418124398	0.90840774274627	0.0911988248356058
chr1	149280277	58	15	20.55	2.0793	2	73	1	4	1e-09	4.04254503107274e-06	0.487984569545796	0.512011390909173
chr1	149286658	40	8	16.67	2.0793	2	48	1	4	1e-09	1.07459380454712e-08	0.0604822396881655	0.939517752565896
chr1	152284478	141	16	10.19	2.0793	2	157	1	4	1e-09	1.00000223323053e-09	6.82145486684608e-05	0.999931787451329
chr1	152284497	130	14	9.72	2.0793	2	144	1	4	1e-09	1.00000051899649e-09	3.44195741304011e-05	0.999965582425869
chr1	152284505	131	19	12.67	2.0793	2	150	1	4	1e-09	1.00192123330116e-09	0.00151484726734417	0.998485154730735
chr1	152749027	27	7	20.59	2.0793	2	34	1	4	1e-09	4.25051790917495e-06	0.494036324970188	0.505959427511902
chr1	152749039	25	6	19.35	2.0793	2	31	1	4	1e-09	8.03631440848096e-07	0.30886446645571	0.691134732912849
chr1	152749040	29	7	19.44	2.0793	2	36	1	4	1e-09	9.14101515976135e-07	0.321588661025456	0.678410427873029
chr1	152749045	29	7	19.44	2.0793	2	36	1	4	1e-09	9.14101515976135e-07	0.321588661025456	0.678410427873029
chr1	153004989	51	11	17.74	2.0793	2	62	1	4	1e-09	6.55186988646767e-08	0.127345467238602	0.872654470242699
chr1	153641014	26	21	44.68	2.0793	2	47	1	2	7.69517111842623e-06	0.998787403292447	0.00120418275186137	7.22784573309039e-07
chr1	154144625	27	11	28.95	2.0793	2	38	1	3	1.00000000808043e-09	0.010171132424906	0.970279071340277	0.0195497992348166
chr1	155319384	21	12	36.36	2.0793	2	33	1	2	1.10091802836222e-09	0.716219341790757	0.28310786928075	0.000672791827575157
chr1	156900403	15	9	37.5	2.0793	2	24	0	NA	NA	NA	NA	NA
chr1	156955956	16	13	44.83	2.0793	2	29	0	NA	NA	NA	NA	NA
chr1	159923150	45	9	16.67	2.0793	2	54	1	4	1e-09	1.07459380454712e-08	0.0604822396881655	0.939517752565896
chr1	160165735	22	8	26.67	2.0793	2	30	1	3	1.0000000000167e-09	0.00163468375249631	0.952123353708874	0.0462419655386297
chr1	160905744	26	27	50.94	2.0793	2	53	1	2	0.00779814208833076	0.992185965759322	1.58890961933293e-05	7.05615412992834e-09
chr1	162551103	47	5	9.62	2.0793	2	52	1	4	1e-09	1.00000037711699e-09	2.96164191006696e-05	0.999970385580899
chr1	173833538	98	34	25.76	2.0793	2	132	1	3	1.00000000000123e-09	0.000760533468255438	0.932575703460921	0.0666637660708239
chr1	180135667	20	9	31.03	2.0793	2	29	0	NA	NA	NA	NA	NA
chr1	186114900	35	11	23.91	2.0793	2	46	1	3	1e-09	0.000146705496161432	0.855945093343819	0.14390820416002
chr1	186276186	24	4	14.29	2.0793	2	28	0	NA	NA	NA	NA	NA
chr1	196434542	32	5	13.51	2.0793	2	37	1	4	1e-09	1.0141850607189e-09	0.00369826876081565	0.996301733224999
chr1	201178876	156	19	10.86	2.0793	2	175	1	4	1e-09	1.0000160288505e-09	0.000170527539561449	0.999829474460422
chr1	201180023	114	14	10.94	2.2058	2	128	1	4	1e-09	1.00002012142425e-09	0.000189429294014971	0.999810572705965
chr1	206592759	18	10	35.71	2.2058	2	28	0	NA	NA	NA	NA	NA
chr1	210334276	44	21	32.31	2.2058	2	65	1	3	1.00003162424497e-09	0.117497532342448	0.876583512647723	0.00591895800979704
chr1	210855722	18	4	18.18	2.2058	2	22	0	NA	NA	NA	NA	NA
chr1	214655758	85	9	9.57	2.2058	2	94	1	4	1e-09	1.00000032107349e-09	2.74544496340226e-05	0.999972547550366
chr1	228159142	78	31	28.44	2.2058	2	109	1	3	1.00000000211111e-09	0.00682469946619636	0.969635323185404	0.0235399803483994
chr1	236724448	13	16	55.17	2.2058	2	29	0	NA	NA	NA	NA	NA
chr1	237841221	34	5	12.82	2.2058	2	39	1	4	1e-09	1.00277120302102e-09	0.00178570718645035	0.998214294810778
chr1	243219965	141	18	11.32	2.2058	2	159	1	4	1e-09	1.00005799357704e-09	0.000308485304113172	0.999691516695829
chr1	245016762	43	33	43.42	2.2058	2	76	1	2	1.69272971721581e-06	0.997134777025718	0.00286154215734929	1.9920872156732e-06
chr10	5041651	48	15	23.81	4.1916	4	63	1	NA	NA	NA	NA	NA
chr10	5788304	58	6	9.38	4.1916	4	64	1	NA	NA	NA	NA	NA
chr10	25284710	23	16	41.03	2.23349	2	39	1	2	8.45477048924848e-08	0.985253246822853	0.0147322834061987	1.4389223243705e-05
chr10	38738469	83	6	6.74	2.23349	2	89	1	4	1e-09	1.00000000000668e-09	1.5437501924049e-07	0.999999847624981
chr10	38738480	81	7	7.95	2.23349	2	88	1	4	1e-09	1.00000000106066e-09	1.80172850274032e-06	0.999998200271497
chr10	38894480	18	7	28	2.23349	2	25	0	NA	NA	NA	NA	NA
chr10	38894488	18	8	30.77	2.23349	2	26	0	NA	NA	NA	NA	NA
chr10	38894494	15	8	34.78	2.23349	2	23	0	NA	NA	NA	NA	NA
chr10	42832122	98	9	8.41	2.23349	2	107	1	4	1e-09	1.00000000598341e-09	4.13650243533249e-06	0.999995865497565
chr10	42832186	120	11	8.4	2.23349	2	131	1	4	1e-09	1.00000000576829e-09	4.06459085340207e-06	0.999995937409147
chr10	47086837	53	4	7.02	2.23349	2	57	1	4	1e-09	1.00000000002327e-09	2.83305572214166e-07	0.999999718694428
chr10	49239391	56	13	18.84	2.23349	2	69	1	4	1e-09	3.78290539338204e-07	0.241136936914064	0.758862687795397
chr10	60937358	51	4	7.27	2.70157	NA	55	1	NA	NA	NA	NA	NA
chr10	61550741	32	19	37.25	2.70157	NA	51	1	NA	NA	NA	NA	NA
chr10	63168974	67	6	8.22	2.70157	NA	73	1	NA	NA	NA	NA	NA
chr10	71921576	71	33	31.73	2.70157	NA	104	1	NA	NA	NA	NA	NA
chr10	74645659	30	7	18.92	2.70157	NA	37	1	NA	NA	NA	NA	NA
chr10	74767617	77	28	26.67	2.70157	NA	105	1	NA	NA	NA	NA	NA
chr10	74767618	77	28	26.67	2.70157	NA	105	1	NA	NA	NA	NA	NA
chr10	74767652	76	33	30.28	2.70157	NA	109	1	NA	NA	NA	NA	NA
chr10	74767669	82	29	26.13	2.70157	NA	111	1	NA	NA	NA	NA	NA
chr10	74767672	94	18	16.07	2.70157	NA	112	1	NA	NA	NA	NA	NA
chr10	84744987	50	8	13.79	2.46536	NA	58	1	NA	NA	NA	NA	NA
chr10	89536133	55	5	8.33	2.46536	NA	60	1	NA	NA	NA	NA	NA
chr10	93259019	13	15	53.57	2.46536	NA	28	0	NA	NA	NA	NA	NA
chr10	99080447	29	6	17.14	2.46536	NA	35	1	NA	NA	NA	NA	NA
chr10	114192359	8	12	60	2.46536	NA	20	0	NA	NA	NA	NA	NA
chr10	116930859	69	38	35.51	2.46536	NA	107	1	NA	NA	NA	NA	NA
chr10	123845859	24	2	7.69	2.46536	NA	26	0	NA	NA	NA	NA	NA
chr10	126676954	186	25	11.85	2.46536	NA	211	1	NA	NA	NA	NA	NA
chr10	126677555	257	21	7.55	2.46536	NA	278	1	NA	NA	NA	NA	NA
chr10	126677641	249	25	9.12	2.46536	NA	274	1	NA	NA	NA	NA	NA
chr10	126678022	104	16	13.33	2.46536	NA	120	1	NA	NA	NA	NA	NA
chr10	126683062	45	10	18.18	2.46536	NA	55	1	NA	NA	NA	NA	NA
chr10	126683070	43	12	21.82	2.46536	NA	55	1	NA	NA	NA	NA	NA
chr10	126683074	48	12	20	2.46536	NA	60	1	NA	NA	NA	NA	NA
chr10	126683132	69	15	17.86	2.46536	NA	84	1	NA	NA	NA	NA	NA
chr10	126683146	53	7	11.67	2.46536	NA	60	1	NA	NA	NA	NA	NA
chr10	126727619	59	6	9.23	2.46536	NA	65	1	NA	NA	NA	NA	NA
chr10	126727630	36	25	40.98	2.46536	NA	61	1	NA	NA	NA	NA	NA
chr10	126727649	66	6	8.33	2.46536	NA	72	1	NA	NA	NA	NA	NA
chr10	126727659	54	16	22.86	2.46536	NA	70	1	NA	NA	NA	NA	NA
chr10	127525293	36	7	16.28	2.46536	NA	43	1	NA	NA	NA	NA	NA
chr10	127585210	58	8	12.12	2.46536	NA	66	1	NA	NA	NA	NA	NA
chr10	135077121	16	11	40.74	2.0668	2	27	0	NA	NA	NA	NA	NA
chr11	1016678	389	41	9.53	2.47632	NA	430	1	NA	NA	NA	NA	NA
chr11	1016707	375	38	9.2	2.47632	NA	413	1	NA	NA	NA	NA	NA
chr11	1016708	367	47	11.35	2.47632	NA	414	1	NA	NA	NA	NA	NA
chr11	1016800	582	63	9.77	2.47632	NA	645	1	NA	NA	NA	NA	NA
chr11	1016871	599	43	6.7	2.47632	NA	642	1	NA	NA	NA	NA	NA
chr11	1016908	499	33	6.2	2.47632	NA	532	1	NA	NA	NA	NA	NA
chr11	1016916	470	34	6.75	2.47632	NA	504	1	NA	NA	NA	NA	NA
chr11	1017111	288	27	8.57	2.47632	NA	315	1	NA	NA	NA	NA	NA
chr11	1017211	432	35	7.49	2.47632	NA	467	1	NA	NA	NA	NA	NA
chr11	1017417	217	20	8.44	2.47632	NA	237	1	NA	NA	NA	NA	NA
chr11	1017552	182	30	14.15	2.47632	NA	212	1	NA	NA	NA	NA	NA
chr11	1017596	140	32	18.6	2.47632	NA	172	1	NA	NA	NA	NA	NA
chr11	1017793	302	24	7.36	2.47632	NA	326	1	NA	NA	NA	NA	NA
chr11	1017797	285	25	8.06	2.47632	NA	310	1	NA	NA	NA	NA	NA
chr11	1018272	133	15	10.14	2.47632	NA	148	1	NA	NA	NA	NA	NA
chr11	1018275	130	15	10.34	2.47632	NA	145	1	NA	NA	NA	NA	NA
chr11	1018281	124	11	8.15	2.47632	NA	135	1	NA	NA	NA	NA	NA
chr11	1018286	123	12	8.89	2.47632	NA	135	1	NA	NA	NA	NA	NA
chr11	1018312	112	14	11.11	2.47632	NA	126	1	NA	NA	NA	NA	NA
chr11	1018321	112	14	11.11	2.47632	NA	126	1	NA	NA	NA	NA	NA
chr11	1018331	106	9	7.83	2.47632	NA	115	1	NA	NA	NA	NA	NA
chr11	1018333	105	7	6.25	2.47632	NA	112	1	NA	NA	NA	NA	NA
chr11	1018334	106	7	6.19	2.47632	NA	113	1	NA	NA	NA	NA	NA
chr11	3412201	76	14	15.56	2.47632	NA	90	1	NA	NA	NA	NA	NA
chr11	3412206	74	11	12.94	2.47632	NA	85	1	NA	NA	NA	NA	NA
chr11	3431576	77	9	10.47	2.47632	NA	86	1	NA	NA	NA	NA	NA
chr11	3431630	67	20	22.99	2.47632	NA	87	1	NA	NA	NA	NA	NA
chr11	6503035	20	2	9.09	2.47632	NA	22	0	NA	NA	NA	NA	NA
chr11	8947175	37	3	7.5	2.47632	NA	40	1	NA	NA	NA	NA	NA
chr11	25004741	33	11	25	2.47632	NA	44	1	NA	NA	NA	NA	NA
chr11	61036432	11	16	59.26	2.47632	NA	27	0	NA	NA	NA	NA	NA
chr11	62299740	107	45	29.61	2.47632	NA	152	1	NA	NA	NA	NA	NA
chr11	63236778	32	8	20	2.47632	NA	40	1	NA	NA	NA	NA	NA
chr11	63871582	14	8	36.36	2.47632	NA	22	0	NA	NA	NA	NA	NA
chr11	67256784	12	10	45.45	2.47632	NA	22	0	NA	NA	NA	NA	NA
chr11	69949264	36	19	34.55	2.47632	NA	55	1	NA	NA	NA	NA	NA
chr11	75439068	50	19	27.54	2.47632	NA	69	1	NA	NA	NA	NA	NA
chr11	78369821	39	12	23.53	2.47632	NA	51	1	NA	NA	NA	NA	NA
chr11	103086533	45	38	45.78	2.47632	NA	83	1	NA	NA	NA	NA	NA
chr11	112021028	19	9	32.14	2.47632	NA	28	0	NA	NA	NA	NA	NA
chr11	113853837	15	6	28.57	2.47632	NA	21	0	NA	NA	NA	NA	NA
chr11	116640937	43	26	37.68	2.47632	NA	69	1	NA	NA	NA	NA	NA
chr11	118186794	17	9	34.62	2.47632	NA	26	0	NA	NA	NA	NA	NA
chr11	122026429	23	21	47.73	2.47632	NA	44	1	NA	NA	NA	NA	NA
chr11	123886546	52	15	22.39	2.47632	NA	67	1	NA	NA	NA	NA	NA
chr11	123886550	51	12	19.05	2.47632	NA	63	1	NA	NA	NA	NA	NA
chr11	124564317	52	21	28.77	2.47632	NA	73	1	NA	NA	NA	NA	NA
chr11	128355979	103	12	10.43	2.47632	NA	115	1	NA	NA	NA	NA	NA
chr12	73728	88	11	11.11	2.18313	2	99	1	4	1e-09	1.00003244956069e-09	0.000236163638830802	0.999763838361137
chr12	73776	141	25	15.06	2.18313	2	166	1	4	1e-09	1.41892239766132e-09	0.0162059956874724	0.983794005893605
chr12	91083	62	7	10.14	2.18313	2	69	1	4	1e-09	1.00000191813262e-09	6.3534430038973e-05	0.999936467569959
chr12	91103	61	7	10.29	2.18313	2	68	1	4	1e-09	1.00000302066858e-09	7.85428368214455e-05	0.999921459163176
chr12	3920787	44	10	18.52	2.18313	2	54	1	4	1e-09	2.31089935238699e-07	0.203160558992726	0.796839212917338
chr12	7947477	27	2	6.9	2.05765	2	29	0	NA	NA	NA	NA	NA
chr12	8327883	39	10	20.41	2.05765	2	49	1	4	1e-09	3.38546820190306e-06	0.46671666385808	0.533279953673718
chr12	8511750	35	12	25.53	2.05765	2	47	1	3	1.00000000000063e-09	0.000624325023911962	0.92612775039914	0.0732479275769479
chr12	8511758	35	10	22.22	2.05765	2	45	1	3	1e-09	2.75993800848427e-05	0.713199188245065	0.28677321537485
chr12	9447432	30	12	28.57	2.05765	2	42	1	3	1.0000000029787e-09	0.00755934982093147	0.969996912696262	0.022443740482806
chr12	9573087	52	11	17.46	2.05765	2	63	1	4	1e-09	4.09762238358846e-08	0.105963936954319	0.894036025069458
chr12	11174416	39	13	25	2.05765	2	52	1	3	1.00000000000013e-09	0.000393435418124398	0.90840774274627	0.0911988248356058
chr12	11183114	114	19	14.29	2.05765	2	133	1	4	1e-09	1.0816177892078e-09	0.00798505602355866	0.992014945894824
chr12	11183115	115	19	14.18	2.05765	2	134	1	4	1e-09	1.06414271494025e-09	0.00718718905776237	0.992812812878095
chr12	11183121	119	20	14.39	2.05765	2	139	1	4	1e-09	1.10144021816481e-09	0.00877898485922777	0.991221017039332
chr12	11201889	23	5	17.86	2.05765	2	28	0	NA	NA	NA	NA	NA
chr12	11201928	25	7	21.88	2.05765	2	32	1	3	1e-09	1.91595222833643e-05	0.673495674685582	0.326485168792135
chr12	11201933	24	5	17.24	2.05765	2	29	0	NA	NA	NA	NA	NA
chr12	11201934	23	5	17.86	2.05765	2	28	0	NA	NA	NA	NA	NA
chr12	11214392	95	13	12.04	2.05765	2	108	1	4	1e-09	1.00039335010726e-09	0.000739690600559898	0.999260311399047
chr12	11214472	74	10	11.9	2.05765	2	84	1	4	1e-09	1.00027350520481e-09	0.000627023847058021	0.999372978152668
chr12	11244225	79	6	7.06	2.05765	2	85	1	4	1e-09	1.0000000000277e-09	3.08357243845472e-07	0.999999693642756
chr12	11286274	58	8	12.12	2.05765	2	66	1	4	1e-09	1.0004832377536e-09	0.000812130313779004	0.999187871685738
chr12	11286276	56	8	12.5	2.05765	2	64	1	4	1e-09	1.00126197184881e-09	0.00125366630463856	0.998746335694099
chr12	11286280	54	8	12.9	2.05765	2	62	1	4	1e-09	1.00336337846462e-09	0.00194763279658601	0.998052369200051
chr12	11286282	52	8	13.33	2.05765	2	60	1	4	1e-09	1.00933920151543e-09	0.00307207788485234	0.996927924105809
chr12	11286289	55	9	14.06	2.05765	2	64	1	4	1e-09	1.04921157613725e-09	0.00639969126576734	0.993600310685021
chr12	11286760	64	6	8.57	2.05765	2	70	1	4	1e-09	1.00000001068812e-09	5.45972076102664e-06	0.999994542279239
chr12	31945148	30	25	45.45	2.08175	2	55	1	2	1.90015773721142e-05	0.99927119350202	0.000709415922759782	3.92997848364325e-07
chr12	42480041	84	10	10.64	2.08175	2	94	1	4	1e-09	1.00000850423689e-09	0.000127133538317535	0.999872868461674
chr12	42480054	81	11	11.96	2.08175	2	92	1	4	1e-09	1.00031975655899e-09	0.00067322486762077	0.999326777132059
chr12	42480067	84	11	11.58	2.08175	2	95	1	4	1e-09	1.0001173211837e-09	0.00042610565563796	0.999573896344245
chr12	42480073	82	11	11.83	2.08175	2	93	1	4	1e-09	1.00022770991742e-09	0.000576810892537156	0.999423191107235
chr12	42480074	81	11	11.96	2.08175	2	92	1	4	1e-09	1.00031975655899e-09	0.00067322486762077	0.999326777132059
chr12	48890083	16	16	50	2.08175	2	32	1	2	0.00293166452918697	0.997037641889031	3.0684433204485e-05	1.31485772685687e-08
chr12	49523417	29	11	27.5	2.08175	2	40	1	3	1.0000000001675e-09	0.00322348110131649	0.963290304582612	0.033486217316072
chr12	50135296	22	2	8.33	2.08175	2	24	0	NA	NA	NA	NA	NA
chr12	51902437	16	13	44.83	2.08175	2	29	0	NA	NA	NA	NA	NA
chr12	52881643	25	2	7.41	2.08175	2	27	0	NA	NA	NA	NA	NA
chr12	53343098	19	6	24	2.08175	2	25	0	NA	NA	NA	NA	NA
chr12	53343099	17	6	26.09	2.08175	2	23	0	NA	NA	NA	NA	NA
chr12	53343105	19	6	24	2.08175	2	25	0	NA	NA	NA	NA	NA
chr12	53343120	23	7	23.33	2.08175	2	30	1	3	1e-09	8.4609278461773e-05	0.816629668120162	0.183285725601376
chr12	53343124	24	7	22.58	2.08175	2	31	1	3	1e-09	4.01337245238414e-05	0.751104395890765	0.248855473384711
chr12	53459302	22	2	8.33	2.08175	2	24	0	NA	NA	NA	NA	NA
chr12	53839947	37	12	24.49	2.08175	2	49	1	3	1.00000000000003e-09	0.000249682025027126	0.886903735179186	0.112846585795787
chr12	56355136	12	16	57.14	2.08175	2	28	0	NA	NA	NA	NA	NA
chr12	56511441	29	4	12.12	2.08175	2	33	1	4	1e-09	1.0004832377536e-09	0.000812130313779004	0.999187871685738
chr12	57485061	23	2	8	2.08175	2	25	0	NA	NA	NA	NA	NA
chr12	69080686	22	8	26.67	2.08175	2	30	1	3	1.0000000000167e-09	0.00163468375249631	0.952123353708874	0.0462419655386297
chr12	75905353	38	4	9.52	2.08175	2	42	1	4	1e-09	1.00000027313429e-09	2.54390831911762e-05	0.999974562916808
chr12	95519563	30	17	36.17	2.5403	NA	47	1	NA	NA	NA	NA	NA
chr12	98908717	64	6	8.57	2.5403	NA	70	1	NA	NA	NA	NA	NA
chr12	100994287	42	22	34.38	2.5403	NA	64	1	NA	NA	NA	NA	NA
chr12	101477384	17	5	22.73	2.5403	NA	22	0	NA	NA	NA	NA	NA
chr12	104042443	29	27	48.21	2.5403	NA	56	1	NA	NA	NA	NA	NA
chr12	113306290	30	5	14.29	2.5403	NA	35	1	NA	NA	NA	NA	NA
chr12	123246563	17	8	32	2.5403	NA	25	0	NA	NA	NA	NA	NA
chr13	19043074	75	6	7.41	1.71368	NA	81	1	NA	NA	NA	NA	NA
chr13	19393386	27	6	18.18	1.71368	NA	33	1	NA	NA	NA	NA	NA
chr13	19413057	72	12	14.29	1.71368	NA	84	1	NA	NA	NA	NA	NA
chr13	19427371	63	11	14.86	1.71368	NA	74	1	NA	NA	NA	NA	NA
chr13	19427382	66	9	12	1.71368	NA	75	1	NA	NA	NA	NA	NA
chr13	19427388	68	11	13.92	1.71368	NA	79	1	NA	NA	NA	NA	NA
chr13	19427390	68	12	15	1.71368	NA	80	1	NA	NA	NA	NA	NA
chr13	19428953	60	7	10.45	1.71368	NA	67	1	NA	NA	NA	NA	NA
chr13	19428966	61	11	15.28	1.71368	NA	72	1	NA	NA	NA	NA	NA
chr13	19433808	75	26	25.74	1.71368	NA	101	1	NA	NA	NA	NA	NA
chr13	19433809	78	25	24.27	1.71368	NA	103	1	NA	NA	NA	NA	NA
chr13	19433836	110	14	11.29	1.71368	NA	124	1	NA	NA	NA	NA	NA
chr13	19433845	111	18	13.95	1.71368	NA	129	1	NA	NA	NA	NA	NA
chr13	19436107	58	12	17.14	1.71368	NA	70	1	NA	NA	NA	NA	NA
chr13	19436119	58	14	19.44	1.71368	NA	72	1	NA	NA	NA	NA	NA
chr13	19436971	63	6	8.7	1.71368	NA	69	1	NA	NA	NA	NA	NA
chr13	19436982	55	6	9.84	1.71368	NA	61	1	NA	NA	NA	NA	NA
chr13	25527085	22	11	33.33	1.71368	NA	33	1	NA	NA	NA	NA	NA
chr13	25672168	89	10	10.1	1.71368	NA	99	1	NA	NA	NA	NA	NA
chr13	25672172	88	10	10.2	1.71368	NA	98	1	NA	NA	NA	NA	NA
chr13	25672177	86	10	10.42	1.71368	NA	96	1	NA	NA	NA	NA	NA
chr13	25672188	92	10	9.8	1.71368	NA	102	1	NA	NA	NA	NA	NA
chr13	45008585	32	8	20	1.79502	2	40	1	4	1e-09	1.98077809868718e-06	0.404287035067589	0.595710987154313
chr13	46627988	14	23	62.16	1.79502	2	37	1	1	0.996445968578551	0.00355403340499471	1.01644493641735e-09	1.00000910034994e-09
chr13	68476666	66	31	31.96	1.79502	2	97	1	3	1.0000140534701e-09	0.0930388905417175	0.90021894053266	0.00674217192560806
chr14	19378020	59	17	22.37	1.65164	NA	76	1	NA	NA	NA	NA	NA
chr14	19488974	43	9	17.31	1.65164	NA	52	1	NA	NA	NA	NA	NA
chr14	19806713	141	15	9.62	1.65164	NA	156	1	NA	NA	NA	NA	NA
chr14	19988468	87	18	17.14	1.65164	NA	105	1	NA	NA	NA	NA	NA
chr14	21679132	63	7	10	1.65164	NA	70	1	NA	NA	NA	NA	NA
chr14	21679141	61	9	12.86	1.65164	NA	70	1	NA	NA	NA	NA	NA
chr14	21679160	63	10	13.7	1.65164	NA	73	1	NA	NA	NA	NA	NA
chr14	21679176	66	9	12	1.65164	NA	75	1	NA	NA	NA	NA	NA
chr14	21679183	69	9	11.54	1.65164	NA	78	1	NA	NA	NA	NA	NA
chr14	21679192	67	9	11.84	1.65164	NA	76	1	NA	NA	NA	NA	NA
chr14	21679197	64	9	12.33	1.65164	NA	73	1	NA	NA	NA	NA	NA
chr14	21679212	59	8	11.94	1.65164	NA	67	1	NA	NA	NA	NA	NA
chr14	36982394	16	15	48.39	1.73051	NA	31	1	NA	NA	NA	NA	NA
chr14	61439135	48	13	21.31	1.73051	NA	61	1	NA	NA	NA	NA	NA
chr14	61439137	52	13	20	1.73051	NA	65	1	NA	NA	NA	NA	NA
chr14	61439149	50	9	15.25	1.73051	NA	59	1	NA	NA	NA	NA	NA
chr14	77255236	17	31	64.58	1.79776	2	48	1	1	0.99951932411188	0.000480677887785955	1.00033345337638e-09	1.00000024769952e-09
chr14	81251844	25	19	43.18	1.79776	2	44	1	2	1.262124328345e-06	0.996622007707768	0.00337431210842824	2.42205947550337e-06
chr14	89093189	4	19	82.61	1.79776	2	23	0	NA	NA	NA	NA	NA
chr14	90416564	26	3	10.34	1.79776	2	29	0	NA	NA	NA	NA	NA
chr14	94395861	23	3	11.54	1.79776	2	26	0	NA	NA	NA	NA	NA
chr14	104177440	24	6	20	1.79776	2	30	1	4	1e-09	1.98077809868718e-06	0.404287035067589	0.595710987154313
chr14	105410417	89	13	12.75	1.79776	2	102	1	4	1e-09	1.00233697428339e-09	0.00165422693426289	0.9983457750634
chr14	105410435	86	14	14	1.79776	2	100	1	4	1e-09	1.04306847591295e-09	0.00603603989478053	0.993963962062151
chr14	105410451	80	14	14.89	1.79776	2	94	1	4	1e-09	1.29414652550527e-09	0.013921632285473	0.98607836942038
chr14	105410460	73	12	14.12	1.79776	2	85	1	4	1e-09	1.05619909893795e-09	0.00678309339509987	0.993216908548701
chr14	105410461	72	13	15.29	1.79776	2	85	1	4	1e-09	1.6714842299228e-09	0.0198274849600092	0.980172516368507
chr14	105410463	68	14	17.07	1.79776	2	82	1	4	1e-09	2.11378029349399e-08	0.0809486137462061	0.919051368115991
chr14	105410481	62	11	15.07	1.79776	2	73	1	4	1e-09	1.42767189396652e-09	0.0163502453993393	0.983649756172989
chr14	105412066	47	13	21.67	1.79776	2	60	1	3	1e-09	1.52005260565755e-05	0.647146263777375	0.352838538696569
chr14	105415333	76	16	17.39	1.79776	2	92	1	4	1e-09	3.64040845345723e-08	0.101077192445944	0.898922774149971
chr14	105415410	66	13	16.46	1.79776	2	79	1	4	1e-09	7.59856217646694e-09	0.0515935558326914	0.948406439568746
chr14	105415411	68	13	16.05	1.79776	2	81	1	4	1e-09	4.02756059821394e-09	0.0374014898096539	0.962598509162785
chr14	105415413	67	14	17.28	1.79776	2	81	1	4	1e-09	3.02106217840837e-08	0.0937556509095478	0.90624432187983
chr14	105415551	65	5	7.14	1.79776	2	70	1	4	1e-09	1.00000000003913e-09	3.64765428055883e-07	0.999999637234572
chr14	105418166	80	15	15.79	1.79776	2	95	1	4	1e-09	2.8250583171135e-09	0.0302691756275102	0.969730824547432
chr14	105418170	81	17	17.35	1.79776	2	98	1	4	1e-09	3.40196873607926e-08	0.0983647238753444	0.901635245104968
chr14	105418234	92	16	14.81	1.79776	2	108	1	4	1e-09	1.24869390384821e-09	0.0129500491368089	0.987049952614497
chr14	105418235	90	16	15.09	1.79776	2	106	1	4	1e-09	1.44570371621573e-09	0.0166421877103214	0.983357813843975
chr14	105418260	95	8	7.77	1.79776	2	103	1	4	1e-09	1.0000000005247e-09	1.28310339284327e-06	0.999998718896607
chr15	20642511	66	14	17.5	1.75054	2	80	1	4	1e-09	4.3835595336096e-08	0.108837307361867	0.891162651802538
chr15	21934833	210	25	10.64	1.75054	2	235	1	4	1e-09	1.00000850423689e-09	0.000127133538317535	0.999872868461674
chr15	23501265	68	10	12.82	1.75054	2	78	1	4	1e-09	1.00277120302102e-09	0.00178570718645035	0.998214294810778
chr15	23501270	56	16	22.22	1.75054	2	72	1	3	1e-09	2.75993800848427e-05	0.713199188245065	0.28677321537485
chr15	23501277	58	17	22.67	1.75054	2	75	1	3	1e-09	4.39934071606306e-05	0.759913091599266	0.240042917993573
chr15	24413033	33	12	26.67	1.75054	2	45	1	3	1.0000000000167e-09	0.00163468375249631	0.952123353708874	0.0462419655386297
chr15	28419746	42	14	25	1.75054	2	56	1	3	1.00000000000013e-09	0.000393435418124398	0.90840774274627	0.0911988248356058
chr15	34671913	87	24	21.62	1.75054	2	111	1	3	1e-09	1.43751410592151e-05	0.640676660624784	0.359308967234157
chr15	43821598	30	3	9.09	1.75054	2	33	1	4	1e-09	1.00000006563393e-09	1.2958120265082e-05	0.999987043879735
chr15	45962202	10	18	64.29	1.74497	NA	28	0	NA	NA	NA	NA	NA
chr15	65347228	6	17	73.91	1.74969	NA	23	0	NA	NA	NA	NA	NA
chr15	69563231	46	14	23.33	1.74969	NA	60	1	NA	NA	NA	NA	NA
chr15	74627971	36	3	7.69	1.65749	NA	39	1	NA	NA	NA	NA	NA
chr15	78278017	18	2	10	1.65749	NA	20	0	NA	NA	NA	NA	NA
chr15	82808513	29	8	21.62	1.65749	NA	37	1	NA	NA	NA	NA	NA
chr15	82808997	38	10	20.83	1.65749	NA	48	1	NA	NA	NA	NA	NA
chr15	82809001	38	9	19.15	1.65749	NA	47	1	NA	NA	NA	NA	NA
chr15	84860735	30	2	6.25	0.938937	1	32	1	NA	NA	NA	NA	NA
chr15	85055769	70	25	26.32	0.953166	1	95	1	NA	NA	NA	NA	NA
chr15	91475175	22	13	37.14	2.0568	2	35	1	2	1.35340136109646e-09	0.814528473728494	0.185100659160357	0.000370869757747066
chr15	95024406	54	30	35.71	2.0568	2	84	1	2	1.03322605102455e-09	0.613371799437887	0.385564281205743	0.00106392232314446
chr15	102306617	21	4	16	2.0568	2	25	0	NA	NA	NA	NA	NA
chr15	102515257	48	6	11.11	2.0568	2	54	1	4	1e-09	1.00003244956069e-09	0.000236163638830802	0.999763838361137
chr16	1307060	21	3	12.5	1.64399	NA	24	0	NA	NA	NA	NA	NA
chr16	11009480	26	3	10.34	1.64399	NA	29	0	NA	NA	NA	NA	NA
chr16	15044313	25	2	7.41	1.64399	NA	27	0	NA	NA	NA	NA	NA
chr16	20818317	18	2	10	1.64399	NA	20	0	NA	NA	NA	NA	NA
chr16	20931348	21	3	12.5	1.64399	NA	24	0	NA	NA	NA	NA	NA
chr16	29394256	21	3	12.5	1.64399	NA	24	0	NA	NA	NA	NA	NA
chr16	30594280	27	2	6.9	1.64399	NA	29	0	NA	NA	NA	NA	NA
chr16	30786364	19	2	9.52	1.64399	NA	21	0	NA	NA	NA	NA	NA
chr16	32095773	16	7	30.43	1.64399	NA	23	0	NA	NA	NA	NA	NA
chr16	33544405	182	31	14.55	1.64399	NA	213	1	NA	NA	NA	NA	NA
chr16	33961690	15	6	28.57	1.64399	NA	21	0	NA	NA	NA	NA	NA
chr16	56924208	14	18	56.25	1.64399	NA	32	1	NA	NA	NA	NA	NA
chr16	57712132	18	2	10	1.64399	NA	20	0	NA	NA	NA	NA	NA
chr16	66516141	21	2	8.7	1.64399	NA	23	0	NA	NA	NA	NA	NA
chr16	71732448	26	9	25.71	1.64399	NA	35	1	NA	NA	NA	NA	NA
chr16	74446691	12	20	62.5	1.64399	NA	32	1	NA	NA	NA	NA	NA
chr16	75573241	32	3	8.57	1.64399	NA	35	1	NA	NA	NA	NA	NA
chr16	88804236	24	2	7.69	1.65405	NA	26	0	NA	NA	NA	NA	NA
chr17	417458	25	9	26.47	1.86568	2	34	1	3	1.00000000000948e-09	0.00138439602120197	0.948553779551427	0.0500618274273711
chr17	1418672	19	2	9.52	1.86568	2	21	0	NA	NA	NA	NA	NA
chr17	1648468	27	2	6.9	1.86568	2	29	0	NA	NA	NA	NA	NA
chr17	8219085	22	3	12	1.86568	2	25	0	NA	NA	NA	NA	NA
chr17	19459334	19	22	53.66	1.86568	2	41	1	2	0.108913292159616	0.891084590473527	2.11959933091916e-06	1.76752541918794e-09
chr17	20492893	47	7	12.96	1.86568	2	54	1	4	1e-09	1.00388618371859e-09	0.00207776796354778	0.997922234032566
chr17	29862570	20	2	9.09	1.86568	2	22	0	NA	NA	NA	NA	NA
chr17	30221985	50	21	29.58	1.86568	2	71	1	3	1.00000004113306e-09	0.0165196627704311	0.967868428514089	0.0156119117154793
chr17	35986035	48	7	12.73	1.86568	2	55	1	4	1e-09	1.00222553426158e-09	0.00161832312992555	0.998381678867849
chr17	38556609	25	23	47.92	1.86568	2	48	1	2	0.00031160874506057	0.999558739148685	0.000129597169739822	5.89365146269247e-08
chr17	38784896	15	39	72.22	1.86568	2	54	1	1	0.999998606908859	1.39509114054564e-06	1.00000000135361e-09	1.00000000000469e-09
chr17	41004247	18	2	10	1.86568	2	20	0	NA	NA	NA	NA	NA
chr17	41342799	18	7	28	1.86568	2	25	0	NA	NA	NA	NA	NA
chr17	42829314	43	12	21.82	2.2749	NA	55	1	NA	NA	NA	NA	NA
chr17	43596492	751	106	12.37	2.2749	NA	857	1	NA	NA	NA	NA	NA
chr17	43616370	25	14	35.9	2.2749	NA	39	1	NA	NA	NA	NA	NA
chr17	45096709	71	15	17.44	2.67345	NA	86	1	NA	NA	NA	NA	NA
chr17	45216162	55	20	26.67	2.67345	NA	75	1	NA	NA	NA	NA	NA
chr17	45216168	58	18	23.68	2.67345	NA	76	1	NA	NA	NA	NA	NA
chr17	45216169	60	18	23.08	2.67345	NA	78	1	NA	NA	NA	NA	NA
chr17	45216172	61	19	23.75	2.67345	NA	80	1	NA	NA	NA	NA	NA
chr17	45773107	10	10	50	2.67345	NA	20	0	NA	NA	NA	NA	NA
chr17	48601125	27	5	15.62	2.67345	NA	32	1	NA	NA	NA	NA	NA
chr17	56235428	29	13	30.95	2.67345	NA	42	1	NA	NA	NA	NA	NA
chr17	56553527	31	14	31.11	2.67345	NA	45	1	NA	NA	NA	NA	NA
chr17	60770589	17	4	19.05	2.67345	NA	21	0	NA	NA	NA	NA	NA
chr17	66526697	7	25	78.12	2.67345	NA	32	1	NA	NA	NA	NA	NA
chr17	67144446	26	15	36.59	2.67345	NA	41	1	NA	NA	NA	NA	NA
chr17	71745539	100	13	11.5	2.67345	NA	113	1	NA	NA	NA	NA	NA
chr17	71745550	112	20	15.15	2.67345	NA	132	1	NA	NA	NA	NA	NA
chr17	71745551	112	20	15.15	2.67345	NA	132	1	NA	NA	NA	NA	NA
chr17	71745649	130	12	8.45	2.67345	NA	142	1	NA	NA	NA	NA	NA
chr17	73839219	17	3	15	2.67345	NA	20	0	NA	NA	NA	NA	NA
chr17	77083608	20	2	9.09	2.67345	NA	22	0	NA	NA	NA	NA	NA
chr17	78078524	23	7	23.33	2.67345	NA	30	1	NA	NA	NA	NA	NA
chr17	78225052	21	9	30	2.67345	NA	30	1	NA	NA	NA	NA	NA
chr17	79526301	15	8	34.78	2.67345	NA	23	0	NA	NA	NA	NA	NA
chr17	80685112	50	5	9.09	2.67345	NA	55	1	NA	NA	NA	NA	NA
chr18	6913359	50	27	35.06	2.21945	2	77	1	3	1.01020211036137e-09	0.498639779695671	0.499748242074071	0.00161198122005604
chr18	7040158	33	4	10.81	2.21945	2	37	1	4	1e-09	1.00001389377742e-09	0.000159612788047978	0.999840389211938
chr18	10550554	33	35	51.47	2.21945	2	68	1	2	0.0133896357011646	0.98659944415292	1.09190535351818e-05	5.09237994774644e-09
chr18	14183747	109	11	9.17	2.21945	2	120	1	4	1e-09	1.00000008599455e-09	1.47295820410027e-05	0.999985272417959
chr18	14184212	33	8	19.51	2.21945	2	41	1	4	1e-09	1.00954169502307e-06	0.331617724193259	0.668381269265046
chr18	14197128	99	13	11.61	2.21945	2	112	1	4	1e-09	1.00012713170784e-09	0.000442049580844893	0.999557952419028
chr18	14221080	28	5	15.15	2.21945	2	33	1	4	1e-09	1.5043168354559e-09	0.0175461197481136	0.98245388174757
chr18	14222377	20	3	13.04	2.21945	2	23	0	NA	NA	NA	NA	NA
chr18	29058535	47	28	37.33	2.21945	2	75	1	2	1.47416926201497e-09	0.83398631779459	0.165694769140659	0.000318915590581306
chr18	29991981	51	33	39.29	2.21945	2	84	1	2	9.1410863891164e-09	0.952178529271458	0.0477588198770615	6.2645710393919e-05
chr19	110522	45	12	21.05	0.91764	1	57	1	NA	NA	NA	NA	NA
chr19	200163	67	5	6.94	0.91764	1	72	1	NA	NA	NA	NA	NA
chr19	2716761	26	2	7.14	1.6881	NA	28	0	NA	NA	NA	NA	NA
chr19	4511746	38	25	39.68	1.6881	NA	63	1	NA	NA	NA	NA	NA
chr19	4511749	39	25	39.06	1.6881	NA	64	1	NA	NA	NA	NA	NA
chr19	6681961	21	2	8.7	1.60937	NA	23	0	NA	NA	NA	NA	NA
chr19	8999346	24	4	14.29	1.60937	NA	28	0	NA	NA	NA	NA	NA
chr19	8999347	24	4	14.29	1.60937	NA	28	0	NA	NA	NA	NA	NA
chr19	8999357	31	4	11.43	1.60937	NA	35	1	NA	NA	NA	NA	NA
chr19	8999445	46	9	16.36	1.60937	NA	55	1	NA	NA	NA	NA	NA
chr19	8999462	62	6	8.82	1.60937	NA	68	1	NA	NA	NA	NA	NA
chr19	8999468	63	7	10	1.60937	NA	70	1	NA	NA	NA	NA	NA
chr19	8999492	52	6	10.34	1.60937	NA	58	1	NA	NA	NA	NA	NA
chr19	8999498	32	5	13.51	1.60937	NA	37	1	NA	NA	NA	NA	NA
chr19	8999509	28	4	12.5	1.60937	NA	32	1	NA	NA	NA	NA	NA
chr19	9002576	33	8	19.51	1.60937	NA	41	1	NA	NA	NA	NA	NA
chr19	9002587	28	8	22.22	1.60937	NA	36	1	NA	NA	NA	NA	NA
chr19	9002588	32	7	17.95	1.60937	NA	39	1	NA	NA	NA	NA	NA
chr19	9002597	31	9	22.5	1.60937	NA	40	1	NA	NA	NA	NA	NA
chr19	9012908	27	7	20.59	1.60937	NA	34	1	NA	NA	NA	NA	NA
chr19	9012909	26	7	21.21	1.60937	NA	33	1	NA	NA	NA	NA	NA
chr19	10577736	21	2	8.7	1.60937	NA	23	0	NA	NA	NA	NA	NA
chr19	14730314	22	9	29.03	1.60937	NA	31	1	NA	NA	NA	NA	NA
chr19	19335003	4	16	80	1.60937	NA	20	0	NA	NA	NA	NA	NA
chr19	22363448	107	20	15.75	1.60937	NA	127	1	NA	NA	NA	NA	NA
chr19	28399435	30	14	31.82	2.98597	3	44	1	NA	NA	NA	NA	NA
chr19	36269203	26	6	18.75	2.88806	3	32	1	NA	NA	NA	NA	NA
chr19	37758904	64	11	14.67	2.88806	3	75	1	NA	NA	NA	NA	NA
chr19	38895904	9	24	72.73	4.84972	NA	33	1	NA	NA	NA	NA	NA
chr19	40421291	19	4	17.39	2.94609	3	23	0	NA	NA	NA	NA	NA
chr19	45024685	18	13	41.94	1.59085	NA	31	1	NA	NA	NA	NA	NA
chr19	47505416	22	2	8.33	1.49994	NA	24	0	NA	NA	NA	NA	NA
chr19	51301409	22	3	12	1.49994	NA	25	0	NA	NA	NA	NA	NA
chr19	54058495	28	6	17.65	1.49994	NA	34	1	NA	NA	NA	NA	NA
chr19	54058533	20	6	23.08	1.49994	NA	26	0	NA	NA	NA	NA	NA
chr19	54722318	22	2	8.33	1.49994	NA	24	0	NA	NA	NA	NA	NA
chr19	58724665	28	2	6.67	1.49994	NA	30	1	NA	NA	NA	NA	NA
chr2	905763	562	44	7.26	2.73473	NA	606	1	NA	NA	NA	NA	NA
chr2	9546301	16	14	46.67	2.73473	NA	30	1	NA	NA	NA	NA	NA
chr2	10188695	19	42	68.85	2.73473	NA	61	1	NA	NA	NA	NA	NA
chr2	10729432	14	18	56.25	2.73473	NA	32	1	NA	NA	NA	NA	NA
chr2	11732184	36	50	58.14	2.73473	NA	86	1	NA	NA	NA	NA	NA
chr2	15564700	9	13	59.09	2.73473	NA	22	0	NA	NA	NA	NA	NA
chr2	27905047	30	8	21.05	2.73473	NA	38	1	NA	NA	NA	NA	NA
chr2	65250656	18	18	50	2.73473	NA	36	1	NA	NA	NA	NA	NA
chr2	71901434	9	13	59.09	2.73473	NA	22	0	NA	NA	NA	NA	NA
chr2	85857916	31	8	20.51	2.73473	NA	39	1	NA	NA	NA	NA	NA
chr2	89082471	41	8	16.33	1.57975	NA	49	1	NA	NA	NA	NA	NA
chr2	89100819	161	20	11.05	1.57975	NA	181	1	NA	NA	NA	NA	NA
chr2	95485206	15	10	40	1.57975	NA	25	0	NA	NA	NA	NA	NA
chr2	95495124	72	9	11.11	1.57975	NA	81	1	NA	NA	NA	NA	NA
chr2	95495142	67	9	11.84	1.57975	NA	76	1	NA	NA	NA	NA	NA
chr2	95513854	69	9	11.54	1.57975	NA	78	1	NA	NA	NA	NA	NA
chr2	95513889	66	12	15.38	1.57975	NA	78	1	NA	NA	NA	NA	NA
chr2	95552861	23	5	17.86	1.57975	NA	28	0	NA	NA	NA	NA	NA
chr2	95558293	38	8	17.39	1.57975	NA	46	1	NA	NA	NA	NA	NA
chr2	96593016	84	10	10.64	1.57975	NA	94	1	NA	NA	NA	NA	NA
chr2	96593025	87	10	10.31	1.57975	NA	97	1	NA	NA	NA	NA	NA
chr2	96610479	35	8	18.6	1.57975	NA	43	1	NA	NA	NA	NA	NA
chr2	96690295	21	2	8.7	1.57975	NA	23	0	NA	NA	NA	NA	NA
chr2	97830018	100	19	15.97	1.57975	NA	119	1	NA	NA	NA	NA	NA
chr2	97830036	92	19	17.12	1.57975	NA	111	1	NA	NA	NA	NA	NA
chr2	97851142	48	5	9.43	1.57975	NA	53	1	NA	NA	NA	NA	NA
chr2	97851144	53	5	8.62	1.57975	NA	58	1	NA	NA	NA	NA	NA
chr2	97851310	21	9	30	1.57975	NA	30	1	NA	NA	NA	NA	NA
chr2	97851335	13	12	48	1.57975	NA	25	0	NA	NA	NA	NA	NA
chr2	97851345	14	13	48.15	1.57975	NA	27	0	NA	NA	NA	NA	NA
chr2	97851360	11	10	47.62	1.57975	NA	21	0	NA	NA	NA	NA	NA
chr2	98128338	217	23	9.58	0.918276	1	240	1	NA	NA	NA	NA	NA
chr2	101999990	14	7	33.33	1.86995	2	21	0	NA	NA	NA	NA	NA
chr2	109278635	30	14	31.82	1.54832	NA	44	1	NA	NA	NA	NA	NA
chr2	114341380	108	23	17.56	1.54832	NA	131	1	NA	NA	NA	NA	NA
chr2	114352916	43	11	20.37	1.54832	NA	54	1	NA	NA	NA	NA	NA
chr2	114353103	59	6	9.23	1.54832	NA	65	1	NA	NA	NA	NA	NA
chr2	114353104	59	6	9.23	1.54832	NA	65	1	NA	NA	NA	NA	NA
chr2	114355998	124	11	8.15	1.54832	NA	135	1	NA	NA	NA	NA	NA
chr2	130697713	19	24	55.81	1.54832	NA	43	1	NA	NA	NA	NA	NA
chr2	130951638	68	7	9.33	1.54832	NA	75	1	NA	NA	NA	NA	NA
chr2	132044689	48	5	9.43	1.54832	NA	53	1	NA	NA	NA	NA	NA
chr2	132044701	56	6	9.68	1.54832	NA	62	1	NA	NA	NA	NA	NA
chr2	132044707	61	6	8.96	1.54832	NA	67	1	NA	NA	NA	NA	NA
chr2	132044708	60	6	9.09	1.54832	NA	66	1	NA	NA	NA	NA	NA
chr2	132044712	64	6	8.57	1.54832	NA	70	1	NA	NA	NA	NA	NA
chr2	132044730	64	16	20	1.54832	NA	80	1	NA	NA	NA	NA	NA
chr2	132044746	74	17	18.68	1.54832	NA	91	1	NA	NA	NA	NA	NA
chr2	132905602	36	9	20	1.54832	NA	45	1	NA	NA	NA	NA	NA
chr2	132905603	37	9	19.57	1.54832	NA	46	1	NA	NA	NA	NA	NA
chr2	132905664	60	7	10.45	1.54832	NA	67	1	NA	NA	NA	NA	NA
chr2	133015387	196	15	7.11	1.54832	NA	211	1	NA	NA	NA	NA	NA
chr2	133015440	106	31	22.63	1.54832	NA	137	1	NA	NA	NA	NA	NA
chr2	133015464	178	14	7.29	1.54832	NA	192	1	NA	NA	NA	NA	NA
chr2	133015485	170	18	9.57	1.54832	NA	188	1	NA	NA	NA	NA	NA
chr2	133015535	93	17	15.45	1.54832	NA	110	1	NA	NA	NA	NA	NA
chr2	153508898	29	3	9.38	1.54832	NA	32	1	NA	NA	NA	NA	NA
chr2	158593615	17	12	41.38	1.54832	NA	29	0	NA	NA	NA	NA	NA
chr2	163216771	19	3	13.64	1.54832	NA	22	0	NA	NA	NA	NA	NA
chr2	167330612	19	10	34.48	1.54832	NA	29	0	NA	NA	NA	NA	NA
chr2	174820364	19	31	62	1.82463	2	50	1	1	0.995933057779329	0.00406694419937617	1.02128373356145e-09	1.00001158446576e-09
chr2	179527851	39	8	17.02	1.82463	2	47	1	4	1e-09	1.94140888407694e-08	0.078117246214287	0.921882737371624
chr2	183053721	13	18	58.06	1.82463	2	31	1	1	0.885884644120433	0.114115346408257	1.2466691851193e-08	1.00461832422331e-09
chr2	190788918	91	6	6.19	1.82463	2	97	1	4	1e-09	1.00000000000049e-09	4.3578557268975e-08	0.999999958421443
chr2	197065328	20	33	62.26	1.82463	2	53	1	1	0.996732659548714	0.00326734243728179	1.01399674571569e-09	1.00000782760484e-09
chr2	204301756	26	13	33.33	1.82463	2	39	1	3	1.0003083830006e-09	0.220437993976542	0.77564032719868	0.0039216818244693
chr2	207177675	35	8	18.6	1.82463	2	43	1	4	1e-09	2.61761601114974e-07	0.212295280411535	0.787704460826864
chr2	228735305	20	2	9.09	1.75796	2	22	0	NA	NA	NA	NA	NA
chr2	231772671	19	2	9.52	1.75796	2	21	0	NA	NA	NA	NA	NA
chr2	243064404	18	9	33.33	1.75796	2	27	0	NA	NA	NA	NA	NA
chr20	1147000	45	8	15.09	2.16625	2	53	1	4	1e-09	1.44570371621573e-09	0.0166421877103214	0.983357813843975
chr20	2293614	54	17	23.94	2.16625	2	71	1	3	1e-09	0.000150860918905916	0.857738286280969	0.142110855800125
chr20	25752597	278	21	7.02	2.16625	2	299	1	4	1e-09	1.00000000002327e-09	2.83305572214166e-07	0.999999718694428
chr20	25752600	267	22	7.61	2.16625	2	289	1	4	1e-09	1.00000000027691e-09	9.4211828571141e-07	0.999999059881714
chr20	25752626	248	25	9.16	2.16625	2	273	1	4	1e-09	1.00000008314916e-09	1.44965185028126e-05	0.999985505481497
chr20	26064428	21	9	30	2.16625	2	30	1	3	1.00000011946451e-09	0.0227072658397362	0.963826121168154	0.0134666159921094
chr20	26067129	17	5	22.73	2.16625	2	22	0	NA	NA	NA	NA	NA
chr20	26094420	33	6	15.38	2.16625	2	39	1	4	1e-09	1.80598257513907e-09	0.0214297123949741	0.978570288799043
chr20	29625946	282	21	6.93	2.16625	2	303	1	4	1e-09	1.00000000001567e-09	2.33705963046083e-07	0.999999768294037
chr20	29625950	277	23	7.67	2.16625	2	300	1	4	1e-09	1.00000000035244e-09	1.05867940015952e-06	0.9999989433206
chr20	29625965	252	24	8.7	2.16625	2	276	1	4	1e-09	1.00000001699224e-09	6.81255808651122e-06	0.999993189441913
chr20	29628237	194	28	12.61	2.16625	2	222	1	4	1e-09	1.00165741413902e-09	0.00141746109855158	0.998582540899791
chr20	29628328	96	14	12.73	2.16625	2	110	1	4	1e-09	1.00222553426158e-09	0.00161832312992555	0.998381678867849
chr20	29632702	420	31	6.87	2.16625	2	451	1	4	1e-09	1.000000000012e-09	2.05274336031489e-07	0.999999796725664
chr20	29633945	179	24	11.82	2.16625	2	203	1	4	1e-09	1.00022180716635e-09	0.000569947114502672	0.999430054885275
chr20	29637851	213	26	10.88	2.16625	2	239	1	4	1e-09	1.00001696904953e-09	0.000175082741395434	0.999824919258588
chr20	29637976	339	25	6.87	2.16625	2	364	1	4	1e-09	1.000000000012e-09	2.05274336031489e-07	0.999999796725664
chr20	29638035	234	17	6.77	2.16625	2	251	1	4	1e-09	1.00000000000766e-09	1.64946779819038e-07	0.99999983705322
chr20	30753242	14	9	39.13	2.16625	2	23	0	NA	NA	NA	NA	NA
chr20	31814730	17	14	45.16	2.16625	2	31	1	2	1.35439170730895e-05	0.999120091676625	0.000865874494174019	4.93912127583861e-07
chr20	44314575	26	3	10.34	2.16625	2	29	0	NA	NA	NA	NA	NA
chr20	50007739	14	10	41.67	2.16625	2	24	0	NA	NA	NA	NA	NA
chr21	9907954	123	13	9.56	1.70941	NA	136	1	NA	NA	NA	NA	NA
chr21	9910676	33	3	8.33	1.70941	NA	36	1	NA	NA	NA	NA	NA
chr21	9912131	39	8	17.02	1.70941	NA	47	1	NA	NA	NA	NA	NA
chr21	9921548	50	13	20.63	1.70941	NA	63	1	NA	NA	NA	NA	NA
chr21	9926674	38	5	11.63	1.70941	NA	43	1	NA	NA	NA	NA	NA
chr21	9926769	61	9	12.86	1.70941	NA	70	1	NA	NA	NA	NA	NA
chr21	9967711	39	13	25	1.70941	NA	52	1	NA	NA	NA	NA	NA
chr21	9968445	33	8	19.51	1.70941	NA	41	1	NA	NA	NA	NA	NA
chr21	10214510	71	6	7.79	1.70941	NA	77	1	NA	NA	NA	NA	NA
chr21	10214511	72	6	7.69	1.70941	NA	78	1	NA	NA	NA	NA	NA
chr21	11021038	258	35	11.95	1.70941	NA	293	1	NA	NA	NA	NA	NA
chr21	11038998	210	23	9.87	1.70941	NA	233	1	NA	NA	NA	NA	NA
chr21	11039079	369	44	10.65	1.70941	NA	413	1	NA	NA	NA	NA	NA
chr21	11039212	302	39	11.44	1.70941	NA	341	1	NA	NA	NA	NA	NA
chr21	11039302	372	49	11.64	1.70941	NA	421	1	NA	NA	NA	NA	NA
chr21	11057988	263	22	7.72	1.70941	NA	285	1	NA	NA	NA	NA	NA
chr21	11058085	136	21	13.38	1.70941	NA	157	1	NA	NA	NA	NA	NA
chr21	15216396	69	10	12.66	1.70941	NA	79	1	NA	NA	NA	NA	NA
chr21	15216533	23	4	14.81	1.70941	NA	27	0	NA	NA	NA	NA	NA
chr21	15216538	21	5	19.23	1.70941	NA	26	0	NA	NA	NA	NA	NA
chr21	15216554	16	5	23.81	1.70941	NA	21	0	NA	NA	NA	NA	NA
chr21	15219367	47	21	30.88	1.70941	NA	68	1	NA	NA	NA	NA	NA
chr21	15339762	106	23	17.83	1.70941	NA	129	1	NA	NA	NA	NA	NA
chr21	15343525	105	9	7.89	1.70941	NA	114	1	NA	NA	NA	NA	NA
chr21	15343666	47	9	16.07	1.70941	NA	56	1	NA	NA	NA	NA	NA
chr21	15343667	48	9	15.79	1.70941	NA	57	1	NA	NA	NA	NA	NA
chr21	15343669	48	9	15.79	1.70941	NA	57	1	NA	NA	NA	NA	NA
chr21	15347455	57	12	17.39	1.70941	NA	69	1	NA	NA	NA	NA	NA
chr21	15441018	26	2	7.14	1.70941	NA	28	0	NA	NA	NA	NA	NA
chr21	45994042	51	10	16.39	1.70941	NA	61	1	NA	NA	NA	NA	NA
chr21	46011959	40	9	18.37	1.70941	NA	49	1	NA	NA	NA	NA	NA
chr22	16277775	79	23	22.55	1.65623	NA	102	1	NA	NA	NA	NA	NA
chr22	20098360	25	11	30.56	1.65623	NA	36	1	NA	NA	NA	NA	NA
chr22	21570281	18	5	21.74	1.65623	NA	23	0	NA	NA	NA	NA	NA
chr22	21570416	27	4	12.9	1.65623	NA	31	1	NA	NA	NA	NA	NA
chr22	21643726	41	4	8.89	1.65623	NA	45	1	NA	NA	NA	NA	NA
chr22	24122811	18	2	10	1.65623	NA	20	0	NA	NA	NA	NA	NA
chr22	24652659	28	4	12.5	1.65623	NA	32	1	NA	NA	NA	NA	NA
chr22	24654902	51	13	20.31	1.65623	NA	64	1	NA	NA	NA	NA	NA
chr22	24656881	73	15	17.05	1.65623	NA	88	1	NA	NA	NA	NA	NA
chr22	24656904	59	10	14.49	1.65623	NA	69	1	NA	NA	NA	NA	NA
chr22	27070601	16	10	38.46	1.65623	NA	26	0	NA	NA	NA	NA	NA
chr22	30091680	26	2	7.14	1.65623	NA	28	0	NA	NA	NA	NA	NA
chr22	37335276	13	23	63.89	1.65623	NA	36	1	NA	NA	NA	NA	NA
chr22	37576768	8	12	60	1.65623	NA	20	0	NA	NA	NA	NA	NA
chr22	38119289	20	2	9.09	1.65623	NA	22	0	NA	NA	NA	NA	NA
chr22	42046855	10	24	70.59	1.65623	NA	34	1	NA	NA	NA	NA	NA
chr3	32794352	18	3	14.29	2.18601	2	21	0	NA	NA	NA	NA	NA
chr3	33194965	41	3	6.82	2.18601	2	44	1	4	1e-09	1.00000000000959e-09	1.84082135537419e-07	0.999999817917865
chr3	33415268	9	21	70	2.18601	2	30	1	1	0.999992903108243	7.09889175739585e-06	1.00000005198438e-09	1.00000000010351e-09
chr3	48618119	19	8	29.63	2.18601	2	27	0	NA	NA	NA	NA	NA
chr3	49294521	15	12	44.44	2.18601	2	27	0	NA	NA	NA	NA	NA
chr3	49722594	28	2	6.67	2.18601	2	30	1	4	1e-09	1.00000000000485e-09	1.32119940422347e-07	0.99999986988006
chr3	52327720	21	2	8.7	2.18601	2	23	0	NA	NA	NA	NA	NA
chr3	75786921	111	15	11.9	2.18601	2	126	1	4	1e-09	1.00027350520481e-09	0.000627023847058021	0.999372978152668
chr3	75787174	145	17	10.49	2.18601	2	162	1	4	1e-09	1.00000547980392e-09	0.000103653861951783	0.999896348138043
chr3	75787476	55	21	27.63	2.18601	2	76	1	3	1.00000000023894e-09	0.00357995977266141	0.964553052266495	0.0318669909608437
chr3	100084299	43	29	40.28	2.18601	2	72	1	2	3.214751930104e-08	0.975426460479691	0.0245464257043723	2.70856684175942e-05
chr3	121774336	41	5	10.87	2.18601	2	46	1	4	1e-09	1.00001649246138e-09	0.000172791317440432	0.999827210682543
chr3	127704130	9	21	70	2.42671	NA	30	1	NA	NA	NA	NA	NA
chr3	130107617	25	41	62.12	2.42671	NA	66	1	NA	NA	NA	NA	NA
chr3	157082187	47	16	25.4	2.29421	NA	63	1	NA	NA	NA	NA	NA
chr3	178916705	82	6	6.82	5.0873	NA	88	1	NA	NA	NA	NA	NA
chr3	180671610	54	13	19.4	2.73113	NA	67	1	NA	NA	NA	NA	NA
chr3	185983008	34	9	20.93	2.73113	NA	43	1	NA	NA	NA	NA	NA
chr3	189613416	64	37	36.63	2.73113	NA	101	1	NA	NA	NA	NA	NA
chr3	195505944	56	6	9.68	0.851513	1	62	1	NA	NA	NA	NA	NA
chr3	195505955	57	8	12.31	0.851513	1	65	1	NA	NA	NA	NA	NA
chr3	195506982	34	5	12.82	0.851513	1	39	1	NA	NA	NA	NA	NA
chr3	195506983	36	5	12.2	0.851513	1	41	1	NA	NA	NA	NA	NA
chr3	195507399	69	19	21.59	0.851513	1	88	1	NA	NA	NA	NA	NA
chr3	195507592	103	13	11.21	0.851513	1	116	1	NA	NA	NA	NA	NA
chr3	195509363	76	12	13.64	0.851513	1	88	1	NA	NA	NA	NA	NA
chr3	195509365	71	12	14.46	0.851513	1	83	1	NA	NA	NA	NA	NA
chr3	195509366	69	12	14.81	0.851513	1	81	1	NA	NA	NA	NA	NA
chr3	195509689	185	15	7.5	0.851513	1	200	1	NA	NA	NA	NA	NA
chr3	195510133	48	6	11.11	0.851513	1	54	1	NA	NA	NA	NA	NA
chr3	195510653	28	4	12.5	0.851513	1	32	1	NA	NA	NA	NA	NA
chr3	195510662	30	4	11.76	0.851513	1	34	1	NA	NA	NA	NA	NA
chr3	195510670	33	4	10.81	0.851513	1	37	1	NA	NA	NA	NA	NA
chr4	53446	33	9	21.43	1.68191	NA	42	1	NA	NA	NA	NA	NA
chr4	502720	17	7	29.17	1.68191	NA	24	0	NA	NA	NA	NA	NA
chr4	2209979	16	18	52.94	1.68191	NA	34	1	NA	NA	NA	NA	NA
chr4	4322853	11	21	65.62	1.68191	NA	32	1	NA	NA	NA	NA	NA
chr4	4388120	19	2	9.52	1.68191	NA	21	0	NA	NA	NA	NA	NA
chr4	15980990	73	9	10.98	3.89062	4	82	1	NA	NA	NA	NA	NA
chr4	24538762	27	4	12.9	1.80463	2	31	1	4	1e-09	1.00336337846462e-09	0.00194763279658601	0.998052369200051
chr4	39452653	13	21	61.76	1.80463	2	34	1	1	0.995018956419536	0.00498104554910846	1.03133893194854e-09	1.00001664946269e-09
chr4	39974973	98	9	8.41	1.80463	2	107	1	4	1e-09	1.00000000598341e-09	4.13650243533249e-06	0.999995865497565
chr4	49034580	20	4	16.67	1.79403	2	24	0	NA	NA	NA	NA	NA
chr4	49163796	32	3	8.57	1.79403	2	35	1	4	1e-09	1.00000001068812e-09	5.45972076102664e-06	0.999994542279239
chr4	49215031	37	7	15.91	1.79403	2	44	1	4	1e-09	3.30800645376122e-09	0.0333982827502017	0.966601716941792
chr4	49244875	52	12	18.75	1.79403	2	64	1	4	1e-09	3.29831348205122e-07	0.230074113785988	0.769925559382664
chr4	49245067	17	3	15	1.79403	2	20	0	NA	NA	NA	NA	NA
chr4	54325935	17	26	60.47	1.79403	2	43	1	1	0.985052891582498	0.0149471101668119	1.25057137672072e-09	1.00011844247881e-09
chr4	66439446	113	12	9.6	1.96891	2	125	1	4	1e-09	1.00000035364701e-09	2.87334303342821e-05	0.999971268569665
chr4	66439449	112	12	9.68	1.96891	2	124	1	4	1e-09	1.00000045693729e-09	3.24180064690238e-05	0.99996758399353
chr4	66439456	108	13	10.74	1.96891	2	121	1	4	1e-09	1.00001136149257e-09	0.000145410723966119	0.999854591276022
chr4	66439467	108	12	10	1.96891	2	120	1	4	1e-09	1.00000124803061e-09	5.19594513426813e-05	0.999948042548656
chr4	75937809	17	16	48.48	1.96891	2	33	1	2	0.000575535045906177	0.999336387774785	8.8042279318944e-05	3.88999899787863e-08
chr4	86936953	28	25	47.17	1.96891	2	53	1	2	0.000135410931269724	0.999647177388114	0.000217311883271967	1.03797343822233e-07
chr4	88903912	45	3	6.25	1.96891	2	48	1	4	1e-09	1.00000000000066e-09	5.02514379331152e-08	0.999999951748562
chr4	103808572	51	9	15	1.96891	2	60	1	4	1e-09	1.36994703564187e-09	0.0153641150287335	0.984635886601319
chr4	103826631	21	12	36.36	1.96891	2	33	1	2	1.10091802836222e-09	0.716219341790757	0.28310786928075	0.000672791827575157
chr4	103826651	24	12	33.33	1.96891	2	36	1	3	1.0003083830006e-09	0.220437993976542	0.77564032719868	0.0039216818244693
chr4	120440235	11	27	71.05	1.96891	2	38	1	1	0.999996736193249	3.26580675083893e-06	1.00000000931882e-09	1.00000000002382e-09
chr4	145041720	15	6	28.57	1.96891	2	21	0	NA	NA	NA	NA	NA
chr4	153243788	41	10	19.61	1.96891	2	51	1	4	1e-09	1.16189330029279e-06	0.346127522347372	0.653871318759328
chr4	176721948	24	54	69.23	1.96891	2	78	1	1	0.999987356114988	1.26458850119924e-05	1.00000018224417e-09	1.00000000030608e-09
chr4	178911885	15	7	31.82	1.96891	2	22	0	NA	NA	NA	NA	NA
chr4	190878472	167	25	13.02	1.96891	2	192	1	4	1e-09	1.00448733237333e-09	0.00221580628583083	0.997784195709682
chr4	190882973	35	5	12.5	1.96891	2	40	1	4	1e-09	1.00126197184881e-09	0.00125366630463856	0.998746335694099
chr5	236649	28	4	12.5	2.22253	2	32	1	4	1e-09	1.00126197184881e-09	0.00125366630463856	0.998746335694099
chr5	236653	27	4	12.9	2.22253	2	31	1	4	1e-09	1.00336337846462e-09	0.00194763279658601	0.998052369200051
chr5	236678	28	5	15.15	2.22253	2	33	1	4	1e-09	1.5043168354559e-09	0.0175461197481136	0.98245388174757
chr5	710682	68	9	11.69	2.22253	2	77	1	4	1e-09	1.00015733839044e-09	0.000487285420842695	0.999512716579
chr5	710726	88	16	15.38	2.22253	2	104	1	4	1e-09	1.80598257513907e-09	0.0214297123949741	0.978570288799043
chr5	710747	95	10	9.52	2.22253	2	105	1	4	1e-09	1.00000027313429e-09	2.54390831911762e-05	0.999974562916808
chr5	21482030	36	10	21.74	2.22253	2	46	1	3	1e-09	1.64285696868948e-05	0.656078937385351	0.343904637044962
chr5	35763795	35	5	12.5	2.33674	NA	40	1	NA	NA	NA	NA	NA
chr5	35955903	32	12	27.27	2.33674	NA	44	1	NA	NA	NA	NA	NA
chr5	41309913	61	10	14.08	2.227	2	71	1	4	1e-09	1.05144168510776e-09	0.00652525164746461	0.993474750301094
chr5	43488053	31	3	8.82	2.227	2	34	1	4	1e-09	1.00000002591311e-09	8.33044879410222e-06	0.999991671551206
chr5	43509323	29	2	6.45	2.227	2	31	1	4	1e-09	1.00000000000174e-09	8.01777253983631e-08	0.999999921822274
chr5	69804478	17	3	15	0.76493	1	20	0	NA	NA	NA	NA	NA
chr5	70074142	63	16	20.25	0.76493	1	79	1	NA	NA	NA	NA	NA
chr5	75537109	44	15	25.42	1.78472	2	59	1	3	1.00000000000045e-09	0.000567739306788636	0.92279286117659	0.0766394025166218
chr5	99723989	75	9	10.71	1.88845	2	84	1	4	1e-09	1.00001041874114e-09	0.000139688353932583	0.999860313646057
chr5	131608629	45	5	10	1.88845	2	50	1	4	1e-09	1.00000124803061e-09	5.19594513426813e-05	0.999948042548656
chr5	137684940	24	3	11.11	1.88845	2	27	0	NA	NA	NA	NA	NA
chr5	139745748	24	2	7.69	1.88845	2	26	0	NA	NA	NA	NA	NA
chr5	150934064	24	2	7.69	1.88845	2	26	0	NA	NA	NA	NA	NA
chr5	175492764	31	14	31.11	1.61597	NA	45	1	NA	NA	NA	NA	NA
chr6	12125417	31	8	20.51	1.74219	NA	39	1	NA	NA	NA	NA	NA
chr6	17648248	27	3	10	1.74219	NA	30	1	NA	NA	NA	NA	NA
chr6	17805958	9	13	59.09	1.74219	NA	22	0	NA	NA	NA	NA	NA
chr6	18467160	6	19	76	1.74219	NA	25	0	NA	NA	NA	NA	NA
chr6	26043787	34	3	8.11	1.74219	NA	37	1	NA	NA	NA	NA	NA
chr6	28053425	40	14	25.93	1.74219	NA	54	1	NA	NA	NA	NA	NA
chr6	29910419	18	6	25	1.74219	NA	24	0	NA	NA	NA	NA	NA
chr6	32130933	7	26	78.79	1.74219	NA	33	1	NA	NA	NA	NA	NA
chr6	44245309	25	2	7.41	1.74219	NA	27	0	NA	NA	NA	NA	NA
chr6	46672456	27	13	32.5	1.74219	NA	40	1	NA	NA	NA	NA	NA
chr6	62688164	20	8	28.57	3.21518	3	28	0	NA	NA	NA	NA	NA
chr6	70917812	73	7	8.75	3.21518	3	80	1	NA	NA	NA	NA	NA
chr6	87993570	36	4	10	2.52328	NA	40	1	NA	NA	NA	NA	NA
chr6	111179507	36	4	10	2.52328	NA	40	1	NA	NA	NA	NA	NA
chr6	111179512	36	3	7.69	2.52328	NA	39	1	NA	NA	NA	NA	NA
chr6	111179532	39	5	11.36	2.52328	NA	44	1	NA	NA	NA	NA	NA
chr6	111179533	39	6	13.33	2.52328	NA	45	1	NA	NA	NA	NA	NA
chr6	111179536	38	6	13.64	2.52328	NA	44	1	NA	NA	NA	NA	NA
chr6	122772880	27	8	22.86	2.52328	NA	35	1	NA	NA	NA	NA	NA
chr6	123539387	39	16	29.09	2.52328	NA	55	1	NA	NA	NA	NA	NA
chr6	132938694	23	4	14.81	2.24856	2	27	0	NA	NA	NA	NA	NA
chr6	153043470	51	11	17.74	2.24856	2	62	1	4	1e-09	6.55186988646767e-08	0.127345467238602	0.872654470242699
chr7	2650503	9	14	60.87	1.72728	NA	23	0	NA	NA	NA	NA	NA
chr7	6502013	7	15	68.18	1.68156	NA	22	0	NA	NA	NA	NA	NA
chr7	12610364	7	19	73.08	1.68156	NA	26	0	NA	NA	NA	NA	NA
chr7	20175358	6	15	71.43	1.68156	NA	21	0	NA	NA	NA	NA	NA
chr7	35209035	18	13	41.94	1.68156	NA	31	1	NA	NA	NA	NA	NA
chr7	56900637	28	7	20	1.68156	NA	35	1	NA	NA	NA	NA	NA
chr7	56900638	27	7	20.59	1.68156	NA	34	1	NA	NA	NA	NA	NA
chr7	56900640	26	8	23.53	1.68156	NA	34	1	NA	NA	NA	NA	NA
chr7	57710123	61	6	8.96	1.68156	NA	67	1	NA	NA	NA	NA	NA
chr7	57710137	57	7	10.94	1.68156	NA	64	1	NA	NA	NA	NA	NA
chr7	57710272	14	8	36.36	1.68156	NA	22	0	NA	NA	NA	NA	NA
chr7	63213663	60	25	29.41	1.68156	NA	85	1	NA	NA	NA	NA	NA
chr7	63219070	65	7	9.72	1.68156	NA	72	1	NA	NA	NA	NA	NA
chr7	72335059	28	2	6.67	1.68156	NA	30	1	NA	NA	NA	NA	NA
chr7	75050852	23	2	8	1.68156	NA	25	0	NA	NA	NA	NA	NA
chr7	90026381	23	18	43.9	3.81928	4	41	1	NA	NA	NA	NA	NA
chr7	90839530	85	21	19.81	3.81928	4	106	1	NA	NA	NA	NA	NA
chr7	94147603	53	20	27.4	3.6984	NA	73	1	NA	NA	NA	NA	NA
chr7	98534730	22	8	26.67	3.6984	NA	30	1	NA	NA	NA	NA	NA
chr7	99687026	47	11	18.97	3.6984	NA	58	1	NA	NA	NA	NA	NA
chr7	100644059	95	18	15.93	3.6984	NA	113	1	NA	NA	NA	NA	NA
chr7	100675646	155	43	21.72	3.6984	NA	198	1	NA	NA	NA	NA	NA
chr7	100677902	473	38	7.44	3.6984	NA	511	1	NA	NA	NA	NA	NA
chr7	100679184	195	47	19.42	3.6984	NA	242	1	NA	NA	NA	NA	NA
chr7	100679192	198	44	18.18	3.6984	NA	242	1	NA	NA	NA	NA	NA
chr7	100679214	194	39	16.74	3.6984	NA	233	1	NA	NA	NA	NA	NA
chr7	100679235	220	23	9.47	3.6984	NA	243	1	NA	NA	NA	NA	NA
chr7	100679236	223	22	8.98	3.6984	NA	245	1	NA	NA	NA	NA	NA
chr7	100679237	223	23	9.35	3.6984	NA	246	1	NA	NA	NA	NA	NA
chr7	100679240	208	40	16.13	3.6984	NA	248	1	NA	NA	NA	NA	NA
chr7	100679254	193	58	23.11	3.6984	NA	251	1	NA	NA	NA	NA	NA
chr7	100680354	12	15	55.56	3.6984	NA	27	0	NA	NA	NA	NA	NA
chr7	100680370	11	11	50	3.6984	NA	22	0	NA	NA	NA	NA	NA
chr7	100680375	13	13	50	3.6984	NA	26	0	NA	NA	NA	NA	NA
chr7	100680382	17	13	43.33	3.6984	NA	30	1	NA	NA	NA	NA	NA
chr7	100680386	17	13	43.33	3.6984	NA	30	1	NA	NA	NA	NA	NA
chr7	100680401	14	12	46.15	3.6984	NA	26	0	NA	NA	NA	NA	NA
chr7	100680408	44	15	25.42	3.6984	NA	59	1	NA	NA	NA	NA	NA
chr7	100680416	48	17	26.15	3.6984	NA	65	1	NA	NA	NA	NA	NA
chr7	100680438	65	14	17.72	3.6984	NA	79	1	NA	NA	NA	NA	NA
chr7	102181958	22	2	8.33	3.6984	NA	24	0	NA	NA	NA	NA	NA
chr7	102417753	55	14	20.29	3.6984	NA	69	1	NA	NA	NA	NA	NA
chr7	103777252	75	10	11.76	3.6984	NA	85	1	NA	NA	NA	NA	NA
chr7	103844676	61	45	42.45	3.6984	NA	106	1	NA	NA	NA	NA	NA
chr7	107401138	92	31	25.2	3.6984	NA	123	1	NA	NA	NA	NA	NA
chr7	122303575	16	6	27.27	3.6984	NA	22	0	NA	NA	NA	NA	NA
chr7	127013970	25	93	78.81	3.6984	NA	118	1	NA	NA	NA	NA	NA
chr7	134820422	52	18	25.71	2.19238	2	70	1	3	1.00000000000106e-09	0.00072870182182204	0.931232142828401	0.0680391583497767
chr7	134820423	54	18	25	2.19238	2	72	1	3	1.00000000000013e-09	0.000393435418124398	0.90840774274627	0.0911988248356058
chr7	136700606	42	16	27.59	2.19238	2	58	1	3	1.00000000021424e-09	0.00346640574268869	0.964177828237185	0.0323557690201265
chr7	138985715	25	17	40.48	2.19238	2	42	1	2	4.16157314897057e-08	0.978547016740962	0.0214300727880018	2.28728553049239e-05
chr7	140155695	22	4	15.38	2.19238	2	26	0	NA	NA	NA	NA	NA
chr7	142460412	108	19	14.96	2.19238	2	127	1	4	1e-09	1.34042247306388e-09	0.0148248016576684	0.985175200001909
chr7	142478913	19	4	17.39	2.19238	2	23	0	NA	NA	NA	NA	NA
chr7	142478914	18	4	18.18	2.19238	2	22	0	NA	NA	NA	NA	NA
chr7	142478922	19	3	13.64	2.19238	2	22	0	NA	NA	NA	NA	NA
chr7	142478931	20	3	13.04	2.19238	2	23	0	NA	NA	NA	NA	NA
chr7	142478932	20	3	13.04	2.19238	2	23	0	NA	NA	NA	NA	NA
chr7	142478933	20	3	13.04	2.19238	2	23	0	NA	NA	NA	NA	NA
chr7	142478944	21	6	22.22	2.19238	2	27	0	NA	NA	NA	NA	NA
chr7	142640932	27	26	49.06	2.19238	2	53	1	2	0.00107812181228498	0.998862912861564	5.89438293715572e-05	2.54967797832741e-08
chr7	148951488	30	2	6.25	2.19238	2	32	1	4	1e-09	1.00000000000066e-09	5.02514379331152e-08	0.999999951748562
chr7	149512933	24	2	7.69	2.19238	2	26	0	NA	NA	NA	NA	NA
chr7	155572327	47	11	18.97	2.19238	2	58	1	4	1e-09	4.60130525583854e-07	0.257617547300003	0.742381995569471
chr8	255406	48	22	31.43	1.43256	NA	70	1	NA	NA	NA	NA	NA
chr8	7207003	18	11	37.93	1.24695	1	29	0	NA	NA	NA	NA	NA
chr8	11189529	36	13	26.53	1.27024	NA	49	1	NA	NA	NA	NA	NA
chr8	22995462	21	2	8.7	1.39736	NA	23	0	NA	NA	NA	NA	NA
chr8	27614199	24	3	11.11	1.39736	NA	27	0	NA	NA	NA	NA	NA
chr8	36662719	28	17	37.78	2.65443	NA	45	1	NA	NA	NA	NA	NA
chr8	52731093	77	6	7.23	2.38998	NA	83	1	NA	NA	NA	NA	NA
chr8	52731974	115	17	12.88	2.38998	NA	132	1	NA	NA	NA	NA	NA
chr8	52733030	96	10	9.43	2.38998	NA	106	1	NA	NA	NA	NA	NA
chr8	52733121	136	17	11.11	2.38998	NA	153	1	NA	NA	NA	NA	NA
chr8	58988136	42	10	19.23	2.49251	NA	52	1	NA	NA	NA	NA	NA
chr8	80523520	23	6	20.69	2.49251	NA	29	0	NA	NA	NA	NA	NA
chr8	86569925	20	4	16.67	2.49251	NA	24	0	NA	NA	NA	NA	NA
chr8	86569941	20	2	9.09	2.49251	NA	22	0	NA	NA	NA	NA	NA
chr8	86571991	224	24	9.68	2.49251	NA	248	1	NA	NA	NA	NA	NA
chr8	86572108	518	72	12.2	2.49251	NA	590	1	NA	NA	NA	NA	NA
chr8	86572554	37	8	17.78	2.49251	NA	45	1	NA	NA	NA	NA	NA
chr8	99963996	25	17	40.48	3.61877	NA	42	1	NA	NA	NA	NA	NA
chr8	101715395	136	20	12.82	3.61877	NA	156	1	NA	NA	NA	NA	NA
chr8	101715444	149	15	9.15	3.61877	NA	164	1	NA	NA	NA	NA	NA
chr8	113678628	26	22	45.83	3.61877	NA	48	1	NA	NA	NA	NA	NA
chr8	117658771	37	6	13.95	3.61877	NA	43	1	NA	NA	NA	NA	NA
chr8	128428472	86	26	23.21	3.61877	NA	112	1	NA	NA	NA	NA	NA
chr9	14095	69	8	10.39	1.39146	NA	77	1	NA	NA	NA	NA	NA
chr9	660335	65	19	22.62	3.58109	NA	84	1	NA	NA	NA	NA	NA
chr9	968745	46	58	55.77	3.58109	NA	104	1	NA	NA	NA	NA	NA
chr9	17796509	61	8	11.59	3.09899	3	69	1	NA	NA	NA	NA	NA
chr9	19520974	36	6	14.29	3.09899	3	42	1	NA	NA	NA	NA	NA
chr9	33797761	12	47	79.66	2.91117	3	59	1	NA	NA	NA	NA	NA
chr9	33798138	67	7	9.46	2.91117	3	74	1	NA	NA	NA	NA	NA
chr9	34556366	36	5	12.2	2.91117	3	41	1	NA	NA	NA	NA	NA
chr9	34830737	53	10	15.87	2.91117	3	63	1	NA	NA	NA	NA	NA
chr9	41954734	16	5	23.81	1.69302	NA	21	0	NA	NA	NA	NA	NA
chr9	44069655	31	6	16.22	1.734	NA	37	1	NA	NA	NA	NA	NA
chr9	44070004	53	5	8.62	1.734	NA	58	1	NA	NA	NA	NA	NA
chr9	44091536	76	7	8.43	1.734	NA	83	1	NA	NA	NA	NA	NA
chr9	44874105	42	5	10.64	1.734	NA	47	1	NA	NA	NA	NA	NA
chr9	66502341	123	23	15.75	1.734	NA	146	1	NA	NA	NA	NA	NA
chr9	66502363	135	10	6.9	1.734	NA	145	1	NA	NA	NA	NA	NA
chr9	66513027	186	21	10.14	1.734	NA	207	1	NA	NA	NA	NA	NA
chr9	66513029	188	21	10.05	1.734	NA	209	1	NA	NA	NA	NA	NA
chr9	66513772	122	9	6.87	1.734	NA	131	1	NA	NA	NA	NA	NA
chr9	67274229	17	6	26.09	1.734	NA	23	0	NA	NA	NA	NA	NA
chr9	67281780	90	17	15.89	1.734	NA	107	1	NA	NA	NA	NA	NA
chr9	67281959	25	7	21.88	1.734	NA	32	1	NA	NA	NA	NA	NA
chr9	67281972	32	7	17.95	1.734	NA	39	1	NA	NA	NA	NA	NA
chr9	67301298	24	4	14.29	1.734	NA	28	0	NA	NA	NA	NA	NA
chr9	68428051	49	9	15.52	1.734	NA	58	1	NA	NA	NA	NA	NA
chr9	68430178	534	36	6.32	1.734	NA	570	1	NA	NA	NA	NA	NA
chr9	68430277	650	46	6.61	1.734	NA	696	1	NA	NA	NA	NA	NA
chr9	68430480	27	5	15.62	1.734	NA	32	1	NA	NA	NA	NA	NA
chr9	68437629	32	9	21.95	1.734	NA	41	1	NA	NA	NA	NA	NA
chr9	75369688	25	6	19.35	1.734	NA	31	1	NA	NA	NA	NA	NA
chr9	90500457	26	8	23.53	1.734	NA	34	1	NA	NA	NA	NA	NA
chr9	90748658	29	2	6.45	1.734	NA	31	1	NA	NA	NA	NA	NA
chr9	97081068	23	2	8	0.964398	1	25	0	NA	NA	NA	NA	NA
chr9	101497762	20	5	20	1.7274	NA	25	0	NA	NA	NA	NA	NA
chr9	119163473	15	5	25	1.7274	NA	20	0	NA	NA	NA	NA	NA
chr9	120474749	13	21	61.76	1.7274	NA	34	1	NA	NA	NA	NA	NA
chr9	130868763	18	2	10	1.7274	NA	20	0	NA	NA	NA	NA	NA
chr9	138414128	16	6	27.27	1.7274	NA	22	0	NA	NA	NA	NA	NA
chr9	138457363	6	16	72.73	1.7274	NA	22	0	NA	NA	NA	NA	NA
chr9	139299069	17	17	50	1.7274	NA	34	1	NA	NA	NA	NA	NA
chrX	6451856	68	11	13.92	1.20882	1	79	1	NA	NA	NA	NA	NA
chrX	6451872	57	10	14.93	1.20882	1	67	1	NA	NA	NA	NA	NA
chrX	13681729	12	16	57.14	1.20882	1	28	0	NA	NA	NA	NA	NA
chrX	17118112	29	2	6.45	1.20882	1	31	1	NA	NA	NA	NA	NA
chrX	43640742	13	17	56.67	1.60748	NA	30	1	NA	NA	NA	NA	NA
chrX	55748700	16	8	33.33	1.60748	NA	24	0	NA	NA	NA	NA	NA
chrX	62857237	16	22	57.89	1.60748	NA	38	1	NA	NA	NA	NA	NA
chrX	69157842	13	20	60.61	1.60748	NA	33	1	NA	NA	NA	NA	NA
chrX	69773313	26	3	10.34	1.60748	NA	29	0	NA	NA	NA	NA	NA
chrX	70596856	36	3	7.69	1.60748	NA	39	1	NA	NA	NA	NA	NA
chrX	73803042	111	33	22.92	1.60748	NA	144	1	NA	NA	NA	NA	NA
chrX	73803044	111	33	22.92	1.60748	NA	144	1	NA	NA	NA	NA	NA
chrX	73803057	109	34	23.78	1.60748	NA	143	1	NA	NA	NA	NA	NA
chrX	107978654	20	17	45.95	1.60748	NA	37	1	NA	NA	NA	NA	NA
chrX	133547575	12	23	65.71	1.60748	NA	35	1	NA	NA	NA	NA	NA
chrX	140994200	123	9	6.82	1.60748	NA	132	1	NA	NA	NA	NA	NA
chrX	148796094	9	20	68.97	1.60748	NA	29	0	NA	NA	NA	NA	NA
chrX	153712588	11	20	64.52	1.60748	NA	31	1	NA	NA	NA	NA	NA
