chr	st	BC44T.ref	BC44T.var	BC44T.vaf	BC44T.cn	BC44T.cleancn	BC44T.depth	adequateDepth	cluster	cluster.prob.1	cluster.prob.2	cluster.prob.3	cluster.prob.4
chr1	14815	147	12	7.55	1.46368	NA	159	1	NA	NA	NA	NA	NA
chr1	1666175	22	9	29.03	1.46368	NA	31	1	NA	NA	NA	NA	NA
chr1	12837371	92	21	18.58	1.46368	NA	113	1	NA	NA	NA	NA	NA
chr1	12837372	92	21	18.58	1.46368	NA	113	1	NA	NA	NA	NA	NA
chr1	12837376	91	20	18.02	1.46368	NA	111	1	NA	NA	NA	NA	NA
chr1	12838001	111	14	11.2	1.46368	NA	125	1	NA	NA	NA	NA	NA
chr1	12838015	104	16	13.33	1.46368	NA	120	1	NA	NA	NA	NA	NA
chr1	12838033	82	16	16.33	1.46368	NA	98	1	NA	NA	NA	NA	NA
chr1	12854322	132	15	10.2	1.46368	NA	147	1	NA	NA	NA	NA	NA
chr1	12854323	130	14	9.72	1.46368	NA	144	1	NA	NA	NA	NA	NA
chr1	12854327	123	14	10.22	1.46368	NA	137	1	NA	NA	NA	NA	NA
chr1	12854328	120	14	10.45	1.46368	NA	134	1	NA	NA	NA	NA	NA
chr1	12854329	122	14	10.29	1.46368	NA	136	1	NA	NA	NA	NA	NA
chr1	12854334	126	14	10	1.46368	NA	140	1	NA	NA	NA	NA	NA
chr1	12854336	122	14	10.29	1.46368	NA	136	1	NA	NA	NA	NA	NA
chr1	12855990	188	38	16.81	1.46368	NA	226	1	NA	NA	NA	NA	NA
chr1	12855995	195	38	16.31	1.46368	NA	233	1	NA	NA	NA	NA	NA
chr1	12855996	204	37	15.35	1.46368	NA	241	1	NA	NA	NA	NA	NA
chr1	12856158	125	14	10.07	1.46368	NA	139	1	NA	NA	NA	NA	NA
chr1	12856162	121	11	8.33	1.46368	NA	132	1	NA	NA	NA	NA	NA
chr1	12856163	117	11	8.59	1.46368	NA	128	1	NA	NA	NA	NA	NA
chr1	12856164	113	11	8.87	1.46368	NA	124	1	NA	NA	NA	NA	NA
chr1	12856170	103	11	9.65	1.46368	NA	114	1	NA	NA	NA	NA	NA
chr1	12856172	102	11	9.73	1.46368	NA	113	1	NA	NA	NA	NA	NA
chr1	12856174	97	11	10.19	1.46368	NA	108	1	NA	NA	NA	NA	NA
chr1	12856176	93	11	10.58	1.46368	NA	104	1	NA	NA	NA	NA	NA
chr1	12856195	61	12	16.44	1.46368	NA	73	1	NA	NA	NA	NA	NA
chr1	12919511	34	101	74.81	1.46368	NA	135	1	NA	NA	NA	NA	NA
chr1	12919634	174	17	8.9	1.46368	NA	191	1	NA	NA	NA	NA	NA
chr1	12919681	168	27	13.85	1.46368	NA	195	1	NA	NA	NA	NA	NA
chr1	12919683	171	28	14.07	1.46368	NA	199	1	NA	NA	NA	NA	NA
chr1	12919701	164	25	13.23	1.46368	NA	189	1	NA	NA	NA	NA	NA
chr1	12919708	161	25	13.44	1.46368	NA	186	1	NA	NA	NA	NA	NA
chr1	12919717	151	23	13.22	1.46368	NA	174	1	NA	NA	NA	NA	NA
chr1	12919770	152	18	10.59	1.46368	NA	170	1	NA	NA	NA	NA	NA
chr1	12921365	76	14	15.56	1.46368	NA	90	1	NA	NA	NA	NA	NA
chr1	12921382	73	12	14.12	1.46368	NA	85	1	NA	NA	NA	NA	NA
chr1	12939188	276	38	12.1	1.46368	NA	314	1	NA	NA	NA	NA	NA
chr1	12939190	273	38	12.22	1.46368	NA	311	1	NA	NA	NA	NA	NA
chr1	12939208	239	34	12.45	1.46368	NA	273	1	NA	NA	NA	NA	NA
chr1	12939210	229	33	12.6	1.46368	NA	262	1	NA	NA	NA	NA	NA
chr1	12939217	227	32	12.36	1.46368	NA	259	1	NA	NA	NA	NA	NA
chr1	12942350	20	6	23.08	1.46368	NA	26	0	NA	NA	NA	NA	NA
chr1	12958026	29	8	21.62	1.46368	NA	37	1	NA	NA	NA	NA	NA
chr1	12979671	38	17	30.91	1.46368	NA	55	1	NA	NA	NA	NA	NA
chr1	12979685	38	15	28.3	1.46368	NA	53	1	NA	NA	NA	NA	NA
chr1	13183492	186	10	5.1	1.46368	NA	196	1	NA	NA	NA	NA	NA
chr1	13183578	81	17	17.35	1.46368	NA	98	1	NA	NA	NA	NA	NA
chr1	13183615	37	6	13.95	1.46368	NA	43	1	NA	NA	NA	NA	NA
chr1	13184246	90	15	14.29	1.46368	NA	105	1	NA	NA	NA	NA	NA
chr1	13413958	57	15	20.83	1.46368	NA	72	1	NA	NA	NA	NA	NA
chr1	13414073	198	21	9.59	1.46368	NA	219	1	NA	NA	NA	NA	NA
chr1	13736923	44	21	32.31	1.46368	NA	65	1	NA	NA	NA	NA	NA
chr1	16891340	240	32	11.76	1.46368	NA	272	1	NA	NA	NA	NA	NA
chr1	16891365	246	30	10.87	1.46368	NA	276	1	NA	NA	NA	NA	NA
chr1	16892010	269	31	10.33	1.46368	NA	300	1	NA	NA	NA	NA	NA
chr1	16893827	397	49	10.99	1.46368	NA	446	1	NA	NA	NA	NA	NA
chr1	16901554	38	9	19.15	1.46368	NA	47	1	NA	NA	NA	NA	NA
chr1	16902844	106	11	9.4	1.46368	NA	117	1	NA	NA	NA	NA	NA
chr1	16902943	73	10	12.05	1.46368	NA	83	1	NA	NA	NA	NA	NA
chr1	16903737	46	7	13.21	1.46368	NA	53	1	NA	NA	NA	NA	NA
chr1	16903747	48	8	14.29	1.46368	NA	56	1	NA	NA	NA	NA	NA
chr1	16903754	46	10	17.86	1.46368	NA	56	1	NA	NA	NA	NA	NA
chr1	16907164	254	37	12.71	1.46368	NA	291	1	NA	NA	NA	NA	NA
chr1	16914176	45	10	18.18	1.46368	NA	55	1	NA	NA	NA	NA	NA
chr1	17081886	150	28	15.73	1.46368	NA	178	1	NA	NA	NA	NA	NA
chr1	36557603	38	3	7.32	1.46368	NA	41	1	NA	NA	NA	NA	NA
chr1	39835722	28	31	52.54	1.46368	NA	59	1	NA	NA	NA	NA	NA
chr1	39835723	30	31	50.82	1.46368	NA	61	1	NA	NA	NA	NA	NA
chr1	47610293	26	5	16.13	1.60815	NA	31	1	NA	NA	NA	NA	NA
chr1	63789350	67	14	17.28	1.60815	NA	81	1	NA	NA	NA	NA	NA
chr1	68627160	229	22	8.76	1.60815	NA	251	1	NA	NA	NA	NA	NA
chr1	68627198	171	30	14.93	1.60815	NA	201	1	NA	NA	NA	NA	NA
chr1	68627199	168	30	15.15	1.60815	NA	198	1	NA	NA	NA	NA	NA
chr1	68627572	78	10	11.36	1.60815	NA	88	1	NA	NA	NA	NA	NA
chr1	68628799	282	35	11.04	1.60815	NA	317	1	NA	NA	NA	NA	NA
chr1	76253650	35	7	16.67	1.60815	NA	42	1	NA	NA	NA	NA	NA
chr1	108677460	24	2	7.69	1.60815	NA	26	0	NA	NA	NA	NA	NA
chr1	117303215	22	3	12	1.542	NA	25	0	NA	NA	NA	NA	NA
chr1	120612043	32	3	8.57	1.542	NA	35	1	NA	NA	NA	NA	NA
chr1	142670541	215	27	11.16	1.542	NA	242	1	NA	NA	NA	NA	NA
chr1	142670684	111	19	14.62	1.542	NA	130	1	NA	NA	NA	NA	NA
chr1	142670790	77	10	11.49	1.542	NA	87	1	NA	NA	NA	NA	NA
chr1	142670797	68	9	11.69	1.542	NA	77	1	NA	NA	NA	NA	NA
chr1	142722205	183	22	10.73	1.542	NA	205	1	NA	NA	NA	NA	NA
chr1	142722515	42	7	14.29	1.542	NA	49	1	NA	NA	NA	NA	NA
chr1	142722519	49	8	14.04	1.542	NA	57	1	NA	NA	NA	NA	NA
chr1	142726751	26	21	44.68	1.542	NA	47	1	NA	NA	NA	NA	NA
chr1	142806785	344	33	8.75	1.542	NA	377	1	NA	NA	NA	NA	NA
chr1	142807092	32	6	15.79	1.542	NA	38	1	NA	NA	NA	NA	NA
chr1	142810419	64	9	12.33	1.542	NA	73	1	NA	NA	NA	NA	NA
chr1	142811130	12	9	42.86	1.542	NA	21	0	NA	NA	NA	NA	NA
chr1	142812449	436	26	5.63	1.542	NA	462	1	NA	NA	NA	NA	NA
chr1	142815236	204	29	12.45	1.542	NA	233	1	NA	NA	NA	NA	NA
chr1	142815318	405	27	6.25	1.542	NA	432	1	NA	NA	NA	NA	NA
chr1	142815377	290	20	6.45	1.542	NA	310	1	NA	NA	NA	NA	NA
chr1	142815752	578	56	8.83	1.542	NA	634	1	NA	NA	NA	NA	NA
chr1	142815780	555	50	8.26	1.542	NA	605	1	NA	NA	NA	NA	NA
chr1	142816332	658	42	6	1.542	NA	700	1	NA	NA	NA	NA	NA
chr1	142816540	126	9	6.67	1.542	NA	135	1	NA	NA	NA	NA	NA
chr1	142816557	111	9	7.5	1.542	NA	120	1	NA	NA	NA	NA	NA
chr1	142820146	384	36	8.57	1.542	NA	420	1	NA	NA	NA	NA	NA
chr1	142823507	257	15	5.51	1.542	NA	272	1	NA	NA	NA	NA	NA
chr1	142823591	264	19	6.71	1.542	NA	283	1	NA	NA	NA	NA	NA
chr1	142823611	252	17	6.32	1.542	NA	269	1	NA	NA	NA	NA	NA
chr1	142825187	68	7	9.33	1.542	NA	75	1	NA	NA	NA	NA	NA
chr1	142827795	231	39	14.44	1.542	NA	270	1	NA	NA	NA	NA	NA
chr1	142827948	187	19	9.22	1.542	NA	206	1	NA	NA	NA	NA	NA
chr1	142827985	167	14	7.73	1.542	NA	181	1	NA	NA	NA	NA	NA
chr1	142827990	163	13	7.39	1.542	NA	176	1	NA	NA	NA	NA	NA
chr1	142827992	160	13	7.51	1.542	NA	173	1	NA	NA	NA	NA	NA
chr1	142828019	171	9	5	1.542	NA	180	1	NA	NA	NA	NA	NA
chr1	142890954	38	4	9.52	1.542	NA	42	1	NA	NA	NA	NA	NA
chr1	143217565	91	22	19.47	1.542	NA	113	1	NA	NA	NA	NA	NA
chr1	143217586	97	27	21.77	1.542	NA	124	1	NA	NA	NA	NA	NA
chr1	143217618	117	25	17.61	1.542	NA	142	1	NA	NA	NA	NA	NA
chr1	143225676	29	7	19.44	1.542	NA	36	1	NA	NA	NA	NA	NA
chr1	143225706	40	12	23.08	1.542	NA	52	1	NA	NA	NA	NA	NA
chr1	143225712	42	12	22.22	1.542	NA	54	1	NA	NA	NA	NA	NA
chr1	143225727	43	13	23.21	1.542	NA	56	1	NA	NA	NA	NA	NA
chr1	144520009	14	8	36.36	1.79291	2	22	0	NA	NA	NA	NA	NA
chr1	144617976	17	17	50	1.79291	2	34	1	1	0.999999672221005	3.29778969495031e-07	1.00002509271341e-09	1e-09
chr1	144617979	19	16	45.71	1.79291	2	35	1	1	0.999965920158215	3.40818184151586e-05	1.02336989410342e-09	1.00000000000052e-09
chr1	144617992	19	17	47.22	1.79291	2	36	1	1	0.999993063828814	6.93816899356064e-06	1.00219178915893e-09	1.00000000000002e-09
chr1	144823705	81	10	10.99	3.16192	3	91	1	NA	NA	NA	NA	NA
chr1	145285917	464	46	9.02	3.16192	3	510	1	NA	NA	NA	NA	NA
chr1	145299787	364	40	9.9	3.16192	3	404	1	NA	NA	NA	NA	NA
chr1	145323427	92	30	24.59	3.16192	3	122	1	NA	NA	NA	NA	NA
chr1	148004584	296	37	11.11	1.20089	1	333	1	NA	NA	NA	NA	NA
chr1	148005107	36	7	16.28	1.20089	1	43	1	NA	NA	NA	NA	NA
chr1	148005110	34	7	17.07	1.20089	1	41	1	NA	NA	NA	NA	NA
chr1	148025763	50	6	10.71	1.20089	1	56	1	NA	NA	NA	NA	NA
chr1	148342344	100	43	30.07	2.64378	NA	143	1	NA	NA	NA	NA	NA
chr1	148343792	87	7	7.45	2.64378	NA	94	1	NA	NA	NA	NA	NA
chr1	148344564	96	12	11.11	2.64378	NA	108	1	NA	NA	NA	NA	NA
chr1	148579607	17	5	22.73	2.64378	NA	22	0	NA	NA	NA	NA	NA
chr1	148579625	22	6	21.43	2.64378	NA	28	0	NA	NA	NA	NA	NA
chr1	148594679	57	19	25	2.64378	NA	76	1	NA	NA	NA	NA	NA
chr1	148756437	89	13	12.75	2.64378	NA	102	1	NA	NA	NA	NA	NA
chr1	148853853	263	16	5.73	2.64378	NA	279	1	NA	NA	NA	NA	NA
chr1	148853879	247	31	11.15	2.64378	NA	278	1	NA	NA	NA	NA	NA
chr1	148876274	57	11	16.18	2.64378	NA	68	1	NA	NA	NA	NA	NA
chr1	148903790	92	19	17.12	2.64378	NA	111	1	NA	NA	NA	NA	NA
chr1	149307384	38	12	24	2.64378	NA	50	1	NA	NA	NA	NA	NA
chr1	152749027	48	17	26.15	2.88126	3	65	1	NA	NA	NA	NA	NA
chr1	152749039	43	16	27.12	2.88126	3	59	1	NA	NA	NA	NA	NA
chr1	152749040	45	16	26.23	2.88126	3	61	1	NA	NA	NA	NA	NA
chr1	152749045	44	15	25.42	2.88126	3	59	1	NA	NA	NA	NA	NA
chr1	155300388	45	3	6.25	2.88126	3	48	1	NA	NA	NA	NA	NA
chr1	173949979	31	26	45.61	2.88126	3	57	1	NA	NA	NA	NA	NA
chr1	202560396	50	12	19.35	2.88126	3	62	1	NA	NA	NA	NA	NA
chr1	243217320	41	3	6.82	3.20895	3	44	1	NA	NA	NA	NA	NA
chr1	243217327	29	3	9.38	3.20895	3	32	1	NA	NA	NA	NA	NA
chr1	243217336	31	3	8.82	3.20895	3	34	1	NA	NA	NA	NA	NA
chr1	243329075	116	25	17.73	2.88866	3	141	1	NA	NA	NA	NA	NA
chr1	248525021	184	32	14.81	2.88866	3	216	1	NA	NA	NA	NA	NA
chr1	248722613	107	30	21.9	2.88866	3	137	1	NA	NA	NA	NA	NA
chr1	249144680	44	3	6.38	2.88866	3	47	1	NA	NA	NA	NA	NA
chr10	17187210	14	7	33.33	1.84472	2	21	0	NA	NA	NA	NA	NA
chr10	26935656	137	14	9.27	1.84472	2	151	1	4	1.00000049698806e-09	1.53128344456257e-07	0.0534055166746507	0.946594333197004
chr10	26935661	142	15	9.55	1.84472	2	157	1	4	1.00000127009953e-09	3.20429515098302e-07	0.0736537869498419	0.926345895620642
chr10	26935666	139	15	9.74	1.84472	2	154	1	4	1.00000236588973e-09	5.21810964914103e-07	0.0908517615730939	0.909147719615939
chr10	38711740	84	25	22.94	1.84472	2	109	1	2	4.28585194543671e-05	0.713059827786616	0.286872743684112	2.45740098166874e-05
chr10	38738542	78	6	7.14	1.84472	2	84	1	4	1.00000000016646e-09	1.22990653446296e-09	0.00306846170017966	0.996931540069914
chr10	49239391	48	7	12.73	1.84472	2	55	1	3	1.00717822299885e-09	0.000194717248341816	0.718101826149622	0.281703459594858
chr10	49383976	89	29	24.58	1.84472	2	118	1	2	0.000186438578504548	0.887614154630408	0.112196420443086	2.9903480013752e-06
chr10	51532215	152	8	5	1.84472	2	160	1	4	1.00000000000001e-09	1.00004284943101e-09	7.31855696400089e-05	0.999926816430317
chr10	81374261	15	5	25	1.84472	2	20	0	NA	NA	NA	NA	NA
chr10	92675498	32	3	8.57	1.84472	2	35	1	4	1.00000004261037e-09	2.23403839512115e-08	0.0225765184288301	0.977423462230786
chr10	104161309	15	7	31.82	1.84472	2	22	0	NA	NA	NA	NA	NA
chr10	126677006	470	32	6.37	1.84472	2	502	1	4	1.0000000000059e-09	1.0141704787611e-09	0.000905638030635472	0.999094363955194
chr10	126677440	272	35	11.4	1.84472	2	307	1	4	1.00031133779957e-09	2.14434560576453e-05	0.39377501959344	0.606203539950191
chr10	126678128	184	29	13.62	1.84472	2	213	1	3	1.04335779171181e-09	0.000629277532184215	0.857443542028927	0.141927183395531
chr10	127585145	121	16	11.68	1.84472	2	137	1	4	1.00063705066291e-09	3.60675445984064e-05	0.466293078042825	0.533670857411939
chr10	127585162	135	14	9.4	1.84472	2	149	1	4	1.00000077075067e-09	2.1635272704172e-07	0.062110063530576	0.937889723116696
chr10	135439287	27	6	18.18	1.84472	2	33	1	3	9.9869512167908e-08	0.0555790473175681	0.941443556874001	0.00297729993891822
chr11	1016641	360	27	6.98	1.87983	2	387	1	4	1.00000000008511e-09	1.13180677743573e-09	0.00240353575737455	0.997596466110819
chr11	1016646	383	28	6.81	1.87983	2	411	1	4	1.00000000004119e-09	1.07207677532456e-09	0.00184463683485973	0.998155365093063
chr11	1016678	491	60	10.89	1.87983	2	551	1	4	1.00007785588008e-09	7.66255952876964e-06	0.271964862634005	0.728027477806388
chr11	1016707	519	55	9.58	1.87983	2	574	1	4	1.00000140229316e-09	3.4633391864748e-07	0.076170213283332	0.923829443382748
chr11	1016944	498	35	6.57	1.87983	2	533	1	4	1.00000000001444e-09	1.0300382374833e-09	0.00125752710533673	0.998742474864625
chr11	1016945	518	34	6.16	1.87983	2	552	1	4	1.00000000000225e-09	1.00629262521603e-09	0.000635620313181736	0.999364381680526
chr11	1017007	466	63	11.91	1.87983	2	529	1	3	1.00112055976917e-09	5.40053353169058e-05	0.526184750542546	0.473761247121017
chr11	1017806	448	27	5.68	1.87983	2	475	1	4	1.00000000000022e-09	1.00089307065747e-09	0.00027200453659762	0.999727997462509
chr11	1017932	449	79	14.96	1.87983	2	528	1	3	1.50268816438457e-09	0.00283256322350133	0.95134759238988	0.0458198468839308
chr11	1017933	440	83	15.87	1.87983	2	523	1	3	3.39397956966636e-09	0.00706760244412008	0.971913761966678	0.0210186361952225
chr11	1017939	426	68	13.77	1.87983	2	494	1	3	1.05775961186396e-09	0.000754277683961777	0.873745674191612	0.125500051066667
chr11	1017956	382	20	4.98	1.87983	2	402	1	4	1.00000000000001e-09	1.00003897113573e-09	7.02546718552532e-05	0.999929747328106
chr11	1018272	236	32	11.94	1.87983	2	268	1	3	1.0012043929001e-09	5.68388506967071e-05	0.533919653290136	0.466023510857963
chr11	1018316	227	28	10.98	1.87983	2	255	1	4	1.00010019404201e-09	9.25904138085144e-06	0.291986877831896	0.708003866126623
chr11	1272219	41	4	8.89	1.87983	2	45	1	4	1.00000013358102e-09	5.44048303241231e-08	0.0337913886714724	0.966208559923697
chr11	1464584	24	2	7.69	1.87983	2	26	0	NA	NA	NA	NA	NA
chr11	43923275	31	8	20.51	1.87983	2	39	1	3	2.78938354984621e-06	0.285247981792227	0.714381167675277	0.000368065148946158
chr11	49104250	98	46	31.94	1.87983	2	144	1	2	0.072174230959394	0.92671662289517	0.00110914894153204	1.20390393305062e-09
chr11	67570401	80	18	18.37	1.87983	2	98	1	3	1.3326888404378e-07	0.0647896749259269	0.932676895981505	0.00253329982368376
chr11	71615142	82	22	21.15	1.87983	2	104	1	3	6.2209680504646e-06	0.396008989201626	0.603792504971183	0.000192288859140634
chr11	119176853	17	6	26.09	1.87983	2	23	0	NA	NA	NA	NA	NA
chr11	123810523	70	12	14.63	1.87983	2	82	1	3	1.28049400722496e-09	0.00199640568671302	0.937223300169505	0.0607802968632878
chr12	73728	165	16	8.84	2.19558	2	181	1	4	1.00000011198556e-09	4.73739927079763e-08	0.0317610991103996	0.968238856515608
chr12	8378526	167	30	15.23	2.19558	2	197	1	3	1.80419522708243e-09	0.0037420155491771	0.959908540318232	0.0363494463283957
chr12	11174476	115	9	7.26	2.19558	2	124	1	4	1.00000000027331e-09	1.34644778490425e-09	0.00367433436379395	0.996325667289758
chr12	11286249	108	41	27.52	2.19558	2	149	1	2	0.00205474324810714	0.980356138181371	0.0175890599634197	6.26071025935422e-08
chr12	11506884	54	3	5.26	2.19558	2	57	1	4	1.00000000000003e-09	1.00014268238999e-09	0.000122971399077465	0.99987703060078
chr12	12264382	74	25	25.25	2.19558	2	99	1	2	0.000326232931081758	0.925650046010917	0.074022490106705	1.23495129583133e-06
chr12	12271897	25	10	28.57	2.19558	2	35	1	2	0.00479169901739561	0.986110037114675	0.00909825118718437	1.66807447913127e-08
chr12	42477527	57	15	20.83	2.19558	2	72	1	3	4.19680225751182e-06	0.338736603100317	0.660991678414776	0.000267525682649977
chr12	50152938	32	19	37.25	2.19558	2	51	1	1	0.889162075939449	0.110831337230456	6.58983005672987e-06	1.00003789381878e-09
chr12	57594829	24	3	11.11	2.19558	2	27	0	NA	NA	NA	NA	NA
chr12	58345711	51	12	19.05	2.19558	2	63	1	3	3.67293534805346e-07	0.109419668841628	0.889169793295993	0.00141017456884366
chr12	95474749	62	27	30.34	2.16355	2	89	1	2	0.0200806915386134	0.976885287420874	0.00303402243626629	2.60424673878048e-09
chr12	110231708	16	4	20	2.16355	2	20	0	NA	NA	NA	NA	NA
chr12	119419569	24	3	11.11	2.16355	2	27	0	NA	NA	NA	NA	NA
chr12	121687701	48	4	7.69	2.16355	2	52	1	4	1.00000000153827e-09	2.43565059762271e-09	0.00686961838453586	0.993130382179814
chr12	123956245	49	12	19.67	2.16355	2	61	1	3	8.94639309770898e-07	0.169638338052509	0.829548573306821	0.000812198001359972
chr13	19427382	95	34	26.36	1.89605	2	129	1	2	0.000806459974201232	0.962511735536887	0.0366815237929482	2.84695963273485e-07
chr13	19427388	104	32	23.53	1.89605	2	136	1	2	7.44192776933661e-05	0.791340416128274	0.208573471304344	1.16972896881475e-05
chr13	19427390	101	34	25.19	1.89605	2	135	1	2	0.000310459964402524	0.922828380661032	0.0768598264051223	1.33696944344293e-06
chr13	25671699	131	16	10.88	1.89605	2	147	1	4	1.00007568891219e-09	7.50161316857107e-06	0.269787038361027	0.730205463025729
chr13	25671700	128	15	10.49	1.89605	2	143	1	4	1.00002441399515e-09	3.1795203299092e-06	0.192870742571692	0.807126080907954
chr13	25672098	198	40	16.81	1.89605	2	238	1	3	1.23125411369083e-08	0.0170620031127794	0.973476213109345	0.0094617754653345
chr13	25672104	197	40	16.88	1.89605	2	237	1	3	1.36724095557656e-08	0.0181774615882795	0.972904012137542	0.00891851660176911
chr13	25672126	201	46	18.62	1.89605	2	247	1	3	1.94193251323804e-07	0.0789251813598717	0.919028760277788	0.00204586816908834
chr13	25672135	201	41	16.94	1.89605	2	242	1	3	1.4964198892273e-08	0.0191866585232721	0.972335351541665	0.0084779789708636
chr13	25672139	201	39	16.25	1.89605	2	240	1	3	5.51458069527506e-09	0.0101642387003447	0.974628828244722	0.0152069315403523
chr13	25672158	196	42	17.65	1.89605	2	238	1	3	4.43341045077993e-08	0.0357289092654366	0.959611368052467	0.00465968234799151
chr13	25672168	202	43	17.55	1.89605	2	245	1	3	3.80134778874395e-08	0.0327988828379709	0.962131607074245	0.00506947607430582
chr13	25672172	199	46	18.78	1.89605	2	245	1	3	2.46566698769449e-07	0.0893019457748332	0.908915104305413	0.00178270735305545
chr13	25672177	189	48	20.25	1.89605	2	237	1	3	1.98066402653891e-06	0.245348274500139	0.754176390052701	0.000473358783133874
chr14	19114740	141	8	5.37	1.60815	NA	149	1	NA	NA	NA	NA	NA
chr14	21679141	116	20	14.71	1.62698	NA	136	1	NA	NA	NA	NA	NA
chr14	21679160	123	22	15.17	1.62698	NA	145	1	NA	NA	NA	NA	NA
chr14	21679176	117	21	15.22	1.62698	NA	138	1	NA	NA	NA	NA	NA
chr14	21679183	121	21	14.79	1.62698	NA	142	1	NA	NA	NA	NA	NA
chr14	21679192	118	20	14.49	1.62698	NA	138	1	NA	NA	NA	NA	NA
chr14	21679197	123	19	13.38	1.62698	NA	142	1	NA	NA	NA	NA	NA
chr14	21679198	131	10	7.09	1.62698	NA	141	1	NA	NA	NA	NA	NA
chr14	21679212	112	16	12.5	1.62698	NA	128	1	NA	NA	NA	NA	NA
chr14	21679219	111	14	11.2	1.62698	NA	125	1	NA	NA	NA	NA	NA
chr14	21679222	110	13	10.57	1.62698	NA	123	1	NA	NA	NA	NA	NA
chr14	24793281	26	3	10.34	1.62698	NA	29	0	NA	NA	NA	NA	NA
chr14	45665504	33	3	8.33	1.62698	NA	36	1	NA	NA	NA	NA	NA
chr14	50121862	23	7	23.33	1.62698	NA	30	1	NA	NA	NA	NA	NA
chr14	89093177	17	3	15	1.8975	2	20	0	NA	NA	NA	NA	NA
chr14	95909604	23	3	11.54	1.8975	2	26	0	NA	NA	NA	NA	NA
chr14	105418166	77	12	13.48	1.8975	2	89	1	3	1.0330535553416e-09	0.000529392661884295	0.840510917080207	0.158959693224855
chr14	105418170	78	14	15.22	1.8975	2	92	1	3	1.79040834311981e-09	0.00370405161144868	0.959633459567642	0.0366624910305015
chr14	105418234	109	16	12.8	1.8975	2	125	1	3	1.00832788450181e-09	0.0002150745974118	0.731886129679476	0.267898798714784
chr14	105418235	110	15	12	1.8975	2	125	1	3	1.00138991784162e-09	6.28949445223909e-05	0.549297435445735	0.450639672608353
chr14	105418260	126	10	7.35	1.8975	2	136	1	4	1.00000000039482e-09	1.46935374784102e-09	0.00419917175899603	0.99580082977165
chr15	23434919	83	26	23.85	1.86853	2	109	1	2	9.91669526156204e-05	0.826226819647301	0.173666263640582	7.75375950102943e-06
chr15	24820119	39	10	20.41	1.86853	2	49	1	3	2.4478611100228e-06	0.26949422985245	0.730097550382988	0.00040577590345165
chr15	28600324	34	2	5.56	1.86853	2	36	1	4	1.00000000000012e-09	1.00053564645382e-09	0.000217940245408724	0.999782061754056
chr15	31086918	29	2	6.45	1.86853	2	31	1	4	1.00000000000846e-09	1.01918566546401e-09	0.00103376083919016	0.998966241141624
chr15	35081760	15	15	50	1.86853	2	30	1	1	0.999999672221005	3.29778969495031e-07	1.00002509271341e-09	1e-09
chr15	38751094	34	11	24.44	1.86853	2	45	1	2	0.000165525106295349	0.877630161954062	0.1222007228332	3.59410644311119e-06
chr15	74364710	44	20	31.25	1.86853	2	64	1	2	0.0417979174631007	0.956480680569259	0.0017214044691119	1.49852799029166e-09
chr15	84841380	24	2	7.69	1.86853	2	26	0	NA	NA	NA	NA	NA
chr16	4847709	23	3	11.54	1.91229	2	26	0	NA	NA	NA	NA	NA
chr16	22545906	57	8	12.31	1.91229	2	65	1	3	1.00285312738457e-09	0.000103900939458767	0.625873854970988	0.3740222470867
chr16	23770196	64	18	21.95	1.91229	2	82	1	2	1.55678674455878e-05	0.545645295027909	0.454259141660688	7.99994439573836e-05
chr16	32095672	107	10	8.55	1.91229	2	117	1	4	1.00000003962939e-09	2.11292082720067e-08	0.0220030358267057	0.977996946044086
chr16	32095819	16	4	20	1.91229	2	20	0	NA	NA	NA	NA	NA
chr16	32888871	92	5	5.15	1.91229	2	97	1	4	1.00000000000001e-09	1.00008635150117e-09	9.90017241846382e-05	0.999901000275729
chr16	33530539	46	7	13.21	1.91229	2	53	1	3	1.01936911600013e-09	0.000375074059176564	0.802801038114595	0.196823890806859
chr16	33537219	219	15	6.41	1.91229	2	234	1	4	1.00000000000706e-09	1.01649540624091e-09	0.000967747168669354	0.999032254814835
chr16	33544213	63	7	10	1.91229	2	70	1	4	1.00000543422547e-09	9.98032042239351e-07	0.119654552795725	0.880344452172228
chr16	33544405	302	55	15.41	1.91229	2	357	1	3	2.09634212317905e-09	0.00448945929216997	0.964358613079487	0.031151929532001
chr16	33961467	15	7	31.82	1.91229	2	22	0	NA	NA	NA	NA	NA
chr16	33961469	19	4	17.39	1.91229	2	23	0	NA	NA	NA	NA	NA
chr16	33961471	14	7	33.33	1.91229	2	21	0	NA	NA	NA	NA	NA
chr16	33961506	23	7	23.33	1.91229	2	30	1	2	6.19433392385513e-05	0.766845748209263	0.233077229655763	1.50827957359211e-05
chr16	33961580	38	11	22.45	1.91229	2	49	1	2	2.63659024392183e-05	0.634888673679925	0.365040363969235	4.46004484009372e-05
chr16	53683010	55	3	5.17	1.91229	2	58	1	4	1.00000000000002e-09	1.00009467529175e-09	0.000103012537990937	0.999896989461914
chr16	58018364	21	8	27.59	1.91229	2	29	0	NA	NA	NA	NA	NA
chr16	71679154	42	3	6.67	1.91229	2	45	1	4	1.00000000002243e-09	1.04340389564986e-09	0.00147724092826185	0.998522761028334
chr16	88502447	24	2	7.69	1.91229	2	26	0	NA	NA	NA	NA	NA
chr16	90235160	88	8	8.33	1.91229	2	96	1	4	1.0000000176895e-09	1.14937208000506e-08	0.016512816260008	0.983487175246271
chr16	90235190	36	5	12.2	1.91229	2	41	1	3	1.00221924258409e-09	8.72934087426436e-05	0.599360280674761	0.400552428914277
chr17	417688	146	25	14.62	1.44133	NA	171	1	NA	NA	NA	NA	NA
chr17	417689	144	23	13.77	1.44133	NA	167	1	NA	NA	NA	NA	NA
chr17	4648074	25	3	10.71	1.44133	NA	28	0	NA	NA	NA	NA	NA
chr17	7414661	20	3	13.04	1.44133	NA	23	0	NA	NA	NA	NA	NA
chr17	18058666	21	2	8.7	1.44133	NA	23	0	NA	NA	NA	NA	NA
chr17	18547803	20	7	25.93	1.44133	NA	27	0	NA	NA	NA	NA	NA
chr17	20407154	31	9	22.5	1.44133	NA	40	1	NA	NA	NA	NA	NA
chr17	21320009	18	2	10	1.44133	NA	20	0	NA	NA	NA	NA	NA
chr17	21320151	23	2	8	1.44133	NA	25	0	NA	NA	NA	NA	NA
chr17	36353585	26	2	7.14	1.44133	NA	28	0	NA	NA	NA	NA	NA
chr17	37360910	19	7	26.92	1.44133	NA	26	0	NA	NA	NA	NA	NA
chr17	39382884	121	30	19.87	1.44133	NA	151	1	NA	NA	NA	NA	NA
chr17	41108427	22	3	12	1.44133	NA	25	0	NA	NA	NA	NA	NA
chr17	45214558	547	52	8.68	1.44133	NA	599	1	NA	NA	NA	NA	NA
chr17	45214564	599	37	5.82	1.44133	NA	636	1	NA	NA	NA	NA	NA
chr17	45214606	387	21	5.15	1.44133	NA	408	1	NA	NA	NA	NA	NA
chr17	45221273	50	10	16.67	1.44133	NA	60	1	NA	NA	NA	NA	NA
chr17	48187842	13	15	53.57	1.44133	NA	28	0	NA	NA	NA	NA	NA
chr17	48213500	27	3	10	1.44133	NA	30	1	NA	NA	NA	NA	NA
chr17	60347169	46	10	17.86	1.44133	NA	56	1	NA	NA	NA	NA	NA
chr17	61909514	35	3	7.89	1.44133	NA	38	1	NA	NA	NA	NA	NA
chr17	62924799	23	3	11.54	1.44133	NA	26	0	NA	NA	NA	NA	NA
chr17	65336790	50	10	16.67	1.44133	NA	60	1	NA	NA	NA	NA	NA
chr17	66126037	46	3	6.12	1.44133	NA	49	1	NA	NA	NA	NA	NA
chr17	71204195	47	3	6	1.44133	NA	50	1	NA	NA	NA	NA	NA
chr17	73314958	44	3	6.38	1.44133	NA	47	1	NA	NA	NA	NA	NA
chr17	73611438	26	3	10.34	1.44133	NA	29	0	NA	NA	NA	NA	NA
chr17	75212073	146	28	16.09	1.44133	NA	174	1	NA	NA	NA	NA	NA
chr17	75212270	68	25	26.88	1.44133	NA	93	1	NA	NA	NA	NA	NA
chr17	75212437	89	9	9.18	1.44133	NA	98	1	NA	NA	NA	NA	NA
chr17	79479015	35	2	5.41	1.44133	NA	37	1	NA	NA	NA	NA	NA
chr18	219104	7	27	79.41	3.26957	NA	34	1	NA	NA	NA	NA	NA
chr18	14198031	59	6	9.23	1.73195	NA	65	1	NA	NA	NA	NA	NA
chr18	14534886	72	17	19.1	1.73195	NA	89	1	NA	NA	NA	NA	NA
chr18	19781398	26	3	10.34	1.73195	NA	29	0	NA	NA	NA	NA	NA
chr18	32192335	27	3	10	1.73195	NA	30	1	NA	NA	NA	NA	NA
chr18	47363917	36	4	10	1.75637	2	40	1	4	1.00000543422547e-09	9.98032042239351e-07	0.119654552795725	0.880344452172228
chr18	47364009	86	5	5.49	1.75637	2	91	1	4	1.00000000000009e-09	1.00039570740978e-09	0.0001911541797497	0.999808847819855
chr19	199899	20	4	16.67	1.7509	2	24	0	NA	NA	NA	NA	NA
chr19	199995	35	5	12.5	1.7509	2	40	1	3	1.00436111175415e-09	0.000139010847331183	0.669514411189383	0.330346580958925
chr19	501738	18	4	18.18	1.7509	2	22	0	NA	NA	NA	NA	NA
chr19	2042590	27	2	6.9	1.7509	2	29	0	NA	NA	NA	NA	NA
chr19	5843502	19	2	9.52	1.7509	2	21	0	NA	NA	NA	NA	NA
chr19	8999414	71	7	8.97	1.7509	2	78	1	4	1.00000017682687e-09	6.7826739848992e-08	0.0372824586452009	0.962717476528059
chr19	8999429	69	15	17.86	1.7509	2	84	1	3	6.12181972235645e-08	0.0426668535747472	0.953429960287909	0.00390312891914637
chr19	9012825	37	7	15.91	1.7509	2	44	1	3	3.56042314520786e-09	0.00734662839231274	0.972340076460922	0.0203132955863424
chr19	9012826	40	6	13.04	1.7509	2	46	1	3	1.0137196205907e-09	0.000299377421355682	0.775438637853499	0.224261987711425
chr19	9012832	38	6	13.64	1.7509	2	44	1	3	1.04505820889843e-09	0.000644814674607567	0.859724424210763	0.139630764069571
chr19	9012848	38	7	15.56	1.7509	2	45	1	3	2.41668238921892e-09	0.00521468979660536	0.967389056579208	0.0273962552075037
chr19	9012911	27	9	25	1.7509	2	36	1	2	0.000265202371727013	0.913186163710428	0.0865469191649443	1.7187529003844e-06
chr19	9012918	29	9	23.68	1.7509	2	38	1	2	8.52188155597003e-05	0.808343386417889	0.191561746008601	9.65275795004175e-06
chr19	9088801	33	5	13.16	1.7509	2	38	1	3	1.01751330380317e-09	0.000351264551631889	0.79505050655942	0.204598231871435
chr19	10572224	21	2	8.7	1.7509	2	23	0	NA	NA	NA	NA	NA
chr19	11492522	18	2	10	1.7509	2	20	0	NA	NA	NA	NA	NA
chr19	15838925	62	6	8.82	1.7509	2	68	1	4	1.00000010433514e-09	4.48182449909748e-08	0.0309801461942769	0.969019811987478
chr19	19030557	19	2	9.52	1.7509	2	21	0	NA	NA	NA	NA	NA
chr19	30191140	22	16	42.11	1.7509	2	38	1	1	0.998716204691729	0.00128379161408144	6.69418921673122e-09	1.00000000137103e-09
chr19	45259559	23	9	28.12	1.7509	2	32	1	2	0.00333236199717246	0.984609746417837	0.0120578664461329	2.91388580859858e-08
chr19	49550972	18	3	14.29	1.7509	2	21	0	NA	NA	NA	NA	NA
chr19	50000842	49	23	31.94	1.7509	2	72	1	2	0.072174230959394	0.92671662289517	0.00110914894153204	1.20390393305062e-09
chr19	54225501	50	11	18.03	1.7509	2	61	1	3	7.94327667333133e-08	0.0491466150611528	0.947472578833428	0.00338073067265239
chr19	55175063	62	12	16.22	1.7509	2	74	1	3	5.29548826175929e-09	0.00988034712462724	0.974519939666096	0.0155997119137885
chr2	5841065	49	15	23.44	1.85987	2	64	1	2	6.85496233645224e-05	0.780577484065376	0.219340851621553	1.31186897068458e-05
chr2	9546415	70	9	11.39	1.85987	2	79	1	4	1.00030329923107e-09	2.10365203987077e-05	0.391228512674178	0.60875045380512
chr2	32713579	17	16	48.48	1.85987	2	33	1	1	0.999998224582154	1.777417551274e-06	1.00029462374934e-09	1e-09
chr2	70524351	40	11	21.57	1.85987	2	51	1	3	1.01891911678181e-05	0.474438091501562	0.525429263527837	0.000122459779433019
chr2	70524359	36	11	23.4	1.85987	2	47	1	2	6.60774785327423e-05	0.775657722385396	0.22426240154622	1.38025898517305e-05
chr2	74641593	21	3	12.5	1.85987	2	24	0	NA	NA	NA	NA	NA
chr2	89082422	93	15	13.89	1.85987	2	108	1	3	1.07245861964462e-09	0.000869523659417641	0.885505679711804	0.113624799556319
chr2	89082471	45	13	22.41	1.85987	2	58	1	2	2.53084858925863e-05	0.628048720298559	0.371879196439789	4.67787757601959e-05
chr2	89082495	24	13	35.14	1.85987	2	37	1	1	0.549504334376309	0.450409629421304	8.60392004347588e-05	1.00195231934931e-09
chr2	89082503	19	13	40.62	1.85987	2	32	1	1	0.994604756051924	0.00539519351117856	5.34368976935209e-08	1.00000003354211e-09
chr2	89082520	18	9	33.33	1.85987	2	27	0	NA	NA	NA	NA	NA
chr2	89082536	15	5	25	1.85987	2	20	0	NA	NA	NA	NA	NA
chr2	89102230	244	49	16.72	1.85987	2	293	1	3	1.07721869551551e-08	0.0157205979090981	0.974069710368643	0.0102096849500719
chr2	89104959	74	15	16.85	1.85987	2	89	1	3	1.30710863384908e-08	0.0176914231634765	0.973161191164917	0.00914737660051959
chr2	90414108	22	7	24.14	1.85987	2	29	0	NA	NA	NA	NA	NA
chr2	90414189	54	3	5.26	1.85987	2	57	1	4	1.00000000000003e-09	1.00014268238999e-09	0.000122971399077465	0.99987703060078
chr2	90414196	56	3	5.08	1.85987	2	59	1	4	1.00000000000001e-09	1.00006241199153e-09	8.60640620469807e-05	0.999913937937891
chr2	91766609	398	59	12.91	1.85987	2	457	1	3	1.0104887871188e-09	0.000250753520074177	0.752564832726196	0.247184416743241
chr2	91933179	78	21	21.21	1.85987	2	99	1	3	6.68609441121909e-06	0.407054760954386	0.592758046403157	0.000180510548046426
chr2	92118519	27	12	30.77	1.85987	2	39	1	2	0.0284227859483684	0.969253666460091	0.00232354966750492	1.92403548410486e-09
chr2	92129892	77	15	16.3	1.85987	2	92	1	3	5.90424077396462e-09	0.0106542135487868	0.974771349062062	0.0145744354849101
chr2	92130217	72	6	7.69	1.85987	2	78	1	4	1.00000000153827e-09	2.43565059762271e-09	0.00686961838453586	0.993130382179814
chr2	95491693	91	27	22.88	1.85987	2	118	1	2	4.04424243620581e-05	0.704093431987671	0.295839665639732	2.64639482339877e-05
chr2	95495232	82	19	18.81	1.85987	2	101	1	3	2.57803211832266e-07	0.0913712753979723	0.906891360741146	0.0017371100576704
chr2	95495296	71	5	6.58	1.85987	2	76	1	4	1.0000000000151e-09	1.03117141650952e-09	0.00127805742323654	0.998721944545592
chr2	95495830	48	10	17.24	1.85987	2	58	1	3	2.36162470307567e-08	0.0250512562443433	0.968365917830461	0.00658280630894823
chr2	95495867	60	9	13.04	1.85987	2	69	1	3	1.0137196205907e-09	0.000299377421355682	0.775438637853499	0.224261987711425
chr2	95513854	129	30	18.87	1.85987	2	159	1	3	2.81777844260928e-07	0.095631410286733	0.902719086558066	0.00164922537735626
chr2	95514995	127	24	15.89	1.85987	2	151	1	3	3.47583602919592e-09	0.00720586747459458	0.972131214288641	0.0206629187609284
chr2	95542415	17	5	22.73	1.85987	2	22	0	NA	NA	NA	NA	NA
chr2	95542416	17	4	19.05	1.85987	2	21	0	NA	NA	NA	NA	NA
chr2	95542419	16	5	23.81	1.85987	2	21	0	NA	NA	NA	NA	NA
chr2	95558293	48	14	22.58	1.85987	2	62	1	2	3.00757951055061e-05	0.656675470153507	0.343256301229858	3.81568215297206e-05
chr2	95558295	51	14	21.54	1.85987	2	65	1	3	9.84495790842725e-06	0.468784056591166	0.531079545705802	0.000126556745123938
chr2	95691573	27	2	6.9	1.85987	2	29	0	NA	NA	NA	NA	NA
chr2	96515802	597	52	8.01	1.85987	2	649	1	4	1.00000000531313e-09	4.95201993859463e-09	0.0107349244660797	0.9892650735819
chr2	96515803	602	53	8.09	1.85987	2	655	1	4	1.00000000720114e-09	6.06151865246955e-09	0.0119726342051763	0.988027362733305
chr2	96517883	268	25	8.53	1.85987	2	293	1	4	1.00000003685207e-09	1.99842960559262e-08	0.0214428124642877	0.978557170551416
chr2	97827757	80	37	31.62	1.85987	2	117	1	2	0.0561124634061563	0.942525344779513	0.0013621945052131	1.30911790327076e-09
chr2	97830047	145	15	9.38	1.85987	2	160	1	4	1.00000072069313e-09	2.05212369584917e-07	0.0606956252354513	0.939304172552178
chr2	97851127	77	24	23.76	1.85987	2	101	1	2	9.1542887566019e-05	0.816940221314318	0.182959531115809	8.70868230695805e-06
chr2	97851128	75	24	24.24	1.85987	2	99	1	2	0.000139432541441165	0.861961961910517	0.137893939433895	4.67011414667547e-06
chr2	97851144	91	16	14.95	1.85987	2	107	1	3	1.49395487362043e-09	0.00280314108793896	0.95098250853621	0.0462143528818958
chr2	98128623	341	28	7.59	1.85987	2	369	1	4	1.00000000103604e-09	2.03814039700526e-09	0.00595538382903092	0.994044617132828
chr2	98128656	110	12	9.84	1.85987	2	122	1	4	1.00000326647181e-09	6.71393283158987e-07	0.101171083049332	0.898828248557381
chr2	114353282	161	13	7.47	1.89094	2	174	1	4	1.00000000064142e-09	1.70001595966645e-09	0.00500672173123929	0.994993279568745
chr2	114353290	163	11	6.32	1.89094	2	174	1	4	1.0000000000047e-09	1.01170554764141e-09	0.000833169162157193	0.999166832826137
chr2	116601638	76	5	6.17	1.89094	2	81	1	4	1.00000000000235e-09	1.00654426611695e-09	0.000646573442752894	0.999353428550703
chr2	128892392	28	7	20	1.89094	2	35	1	3	1.41321191351914e-06	0.210389227975899	0.789009972828476	0.000599389983712059
chr2	130832873	121	17	12.32	1.89094	2	138	1	3	1.00291843877219e-09	0.000105537060896162	0.628241807806015	0.37165265813017
chr2	130914940	30	2	6.25	1.89094	2	32	1	4	1.00000000000341e-09	1.00893748925263e-09	0.000740662256643792	0.999259339734419
chr2	132044787	176	27	13.3	1.89094	2	203	1	3	1.02318611824555e-09	0.000421465545232447	0.816138019181707	0.183440518249874
chr2	132044797	177	25	12.38	1.89094	2	202	1	3	1.00334054810435e-09	0.000115826305194408	0.642290151039108	0.357594025652357
chr2	132908776	19	6	24	1.89094	2	25	0	NA	NA	NA	NA	NA
chr2	133015138	181	18	9.05	1.89094	2	199	1	4	1.00000023359134e-09	8.44517486093533e-08	0.041091932919091	0.95890798562916
chr2	133015155	284	23	7.49	1.89094	2	307	1	4	1.00000000069506e-09	1.74782775480309e-09	0.00515446981871208	0.99484553143346
chr2	133015467	150	22	12.79	1.89094	2	172	1	3	1.00815370052456e-09	0.000212059160038101	0.729946499557947	0.269841444273861
chr2	139329852	32	6	15.79	1.89094	2	38	1	3	3.09217401918634e-09	0.00653869095919952	0.970956699591405	0.0225046103572212
chr2	173332195	51	3	5.56	1.89094	2	54	1	4	1.00000000000012e-09	1.00053564645382e-09	0.000217940245408724	0.999782061754056
chr2	190788825	145	13	8.23	1.89094	2	158	1	4	1.00000001219372e-09	8.76294105746511e-09	0.0144578278964416	0.985542166340617
chr2	198368069	51	6	10.53	1.89094	2	57	1	4	1.0000274922713e-09	3.48148028875382e-06	0.200007816391538	0.799988705128146
chr2	202025612	12	18	60	1.89094	2	30	1	1	1.00000000099881	1.00118914418814e-09	1.00000000000051e-09	1e-09
chr2	210714297	63	6	8.7	1.89094	2	69	1	4	1.00000006805467e-09	3.21006311766892e-08	0.0266466047544455	0.973353366144923
chr2	227953366	18	2	10	1.89094	2	20	0	NA	NA	NA	NA	NA
chr2	228769655	44	9	16.98	1.89094	2	53	1	3	1.58959968602744e-08	0.0198878567456926	0.971915588165291	0.00819654319301956
chr20	1423963	30	20	40	1.79291	2	50	1	1	0.990318105411205	0.00968176582469783	1.31764096997232e-07	1.00000012543046e-09
chr20	3684550	20	4	16.67	1.9726	2	24	0	NA	NA	NA	NA	NA
chr20	23728200	33	3	8.33	1.9726	2	36	1	4	1.0000000176895e-09	1.14937208000506e-08	0.016512816260008	0.983487175246271
chr20	25752632	501	54	9.73	1.9726	2	555	1	4	1.0000022903703e-09	5.08732881768668e-07	0.0898696070407294	0.910129887226386
chr20	25752894	61	5	7.58	1.9726	2	66	1	4	1.00000000099568e-09	2.00481482386085e-09	0.0058704176806415	0.994129583314544
chr20	25753810	49	6	10.91	1.9726	2	55	1	4	1.00008236784903e-09	7.99393011302885e-06	0.276349124386786	0.723642884683019
chr20	25753925	31	6	16.22	1.9726	2	37	1	3	5.29548826175929e-09	0.00988034712462724	0.974519939666096	0.0155997119137885
chr20	25753932	32	6	15.79	1.9726	2	38	1	3	3.09217401918634e-09	0.00653869095919952	0.970956699591405	0.0225046103572212
chr20	25753951	34	7	17.07	1.9726	2	41	1	3	1.82203019381212e-08	0.0215526201156444	0.9708501253375	0.00759724032655384
chr20	25754210	67	16	19.28	1.9726	2	83	1	3	5.13249384012699e-07	0.129367318498422	0.869480155053315	0.00115201719887837
chr20	26061818	38	9	19.15	1.9726	2	47	1	3	4.25057550475212e-07	0.117761349426887	0.880946328683051	0.00129190083251084
chr20	29623321	98	9	8.41	1.9726	2	107	1	4	1.00000002376372e-09	1.43230877073427e-08	0.0183451681166681	0.981654820560244
chr20	29623322	92	9	8.91	1.9726	2	101	1	4	1.00000014331104e-09	5.74944757472595e-08	0.0346355565473448	0.965364388958179
chr20	29625750	147	8	5.16	1.9726	2	155	1	4	1.00000000000002e-09	1.00009042131877e-09	0.000100988884290191	0.999899013115619
chr20	29625946	267	26	8.87	1.9726	2	293	1	4	1.00000012449553e-09	5.14777166203397e-08	0.0329657069369441	0.967034244585339
chr20	29625950	251	24	8.73	1.9726	2	275	1	4	1.00000007576033e-09	3.4898374086834e-08	0.0276753634762018	0.972324604625424
chr20	29626110	30	7	18.92	1.9726	2	37	1	3	3.03386106974992e-07	0.0993076550203109	0.89911281355256	0.00157923204102233
chr20	29628229	202	15	6.91	1.9726	2	217	1	4	1.00000000006323e-09	1.10296466951532e-09	0.00215678734040418	0.997843214556631
chr20	29628338	103	9	8.04	1.9726	2	112	1	4	1.00000000595642e-09	5.33741608869397e-09	0.0111845986227697	0.988815399039814
chr20	29633804	39	7	15.22	1.9726	2	46	1	3	1.79040834311981e-09	0.00370405161144868	0.959633459567642	0.0366624910305015
chr20	29633816	56	9	13.85	1.9726	2	65	1	3	1.06720162126609e-09	0.000829491198352491	0.881707206493483	0.117463305240963
chr20	29637822	166	10	5.68	1.9726	2	176	1	4	1.00000000000022e-09	1.00089307065747e-09	0.00027200453659762	0.999727997462509
chr20	29637850	260	16	5.8	1.9726	2	276	1	4	1.0000000000004e-09	1.00147475298406e-09	0.000338154024261157	0.999661847974264
chr20	34091174	18	2	10	1.9726	2	20	0	NA	NA	NA	NA	NA
chr20	62586910	23	2	8	1.9726	2	25	0	NA	NA	NA	NA	NA
chr21	9926769	75	12	13.79	2.18662	2	87	1	3	1.05999371787887e-09	0.000772493480259019	0.875782461742919	0.123445047716828
chr21	10164355	96	7	6.8	2.18662	2	103	1	4	1.00000000003946e-09	1.06953373803861e-09	0.00181583246327134	0.998184169467195
chr21	10164411	124	12	8.82	2.18662	2	136	1	4	1.00000010433514e-09	4.48182449909748e-08	0.0309801461942769	0.969019811987478
chr21	11039079	534	78	12.75	2.18662	2	612	1	3	1.00749052821922e-09	0.000200357323760066	0.722089308081786	0.277710337586964
chr21	11039302	384	64	14.29	2.18662	2	448	1	3	1.15191615941174e-09	0.00137488297104533	0.917438374948635	0.0811867449284035
chr21	11039406	323	59	15.45	2.18662	2	382	1	3	2.1740993679195e-09	0.00467317806298992	0.965224418724752	0.0301024050381586
chr21	15216527	45	9	16.67	2.18662	2	54	1	3	1.00071281738573e-08	0.0150181257732049	0.974331134904178	0.0106507333154893
chr21	15343480	213	20	8.58	2.18662	2	233	1	4	1.00000004418173e-09	2.29719591597719e-08	0.0228683170600879	0.977131662967953
chr21	28293670	37	15	28.85	2.18662	2	52	1	2	0.0060085206799036	0.986350729190934	0.00764074221726533	1.1911897024479e-08
chr21	45970417	47	12	20.34	2.18662	2	59	1	3	2.23218397444735e-06	0.258765978825471	0.740797596225093	0.000434196765461523
chr21	46714476	27	3	10	2.18662	2	30	1	4	1.00000543422547e-09	9.98032042239351e-07	0.119654552795725	0.880344452172228
chr22	16449784	37	9	19.57	1.3685	NA	46	1	NA	NA	NA	NA	NA
chr22	16988986	25	6	19.35	1.3685	NA	31	1	NA	NA	NA	NA	NA
chr22	16988998	30	7	18.92	1.3685	NA	37	1	NA	NA	NA	NA	NA
chr22	16989087	63	8	11.27	1.3685	NA	71	1	NA	NA	NA	NA	NA
chr22	19246268	41	3	6.82	1.3685	NA	44	1	NA	NA	NA	NA	NA
chr22	21643557	53	6	10.17	1.3685	NA	59	1	NA	NA	NA	NA	NA
chr22	21643726	88	14	13.73	1.3685	NA	102	1	NA	NA	NA	NA	NA
chr22	21643796	52	8	13.33	1.3685	NA	60	1	NA	NA	NA	NA	NA
chr22	22985653	147	16	9.82	1.3685	NA	163	1	NA	NA	NA	NA	NA
chr22	24981946	23	2	8	1.3685	NA	25	0	NA	NA	NA	NA	NA
chr22	25042887	83	10	10.75	1.3685	NA	93	1	NA	NA	NA	NA	NA
chr22	25048077	41	11	21.15	1.3685	NA	52	1	NA	NA	NA	NA	NA
chr22	39474917	26	4	13.33	1.48031	NA	30	1	NA	NA	NA	NA	NA
chr3	49699512	39	17	30.36	2.2573	NA	56	1	NA	NA	NA	NA	NA
chr3	75786430	335	53	13.66	2.2573	NA	388	1	NA	NA	NA	NA	NA
chr3	75787174	389	54	12.19	2.2573	NA	443	1	NA	NA	NA	NA	NA
chr3	75787244	260	44	14.47	2.2573	NA	304	1	NA	NA	NA	NA	NA
chr3	75787269	233	57	19.66	2.2573	NA	290	1	NA	NA	NA	NA	NA
chr3	124053229	21	3	12.5	2.2573	NA	24	0	NA	NA	NA	NA	NA
chr3	177015974	32	17	34.69	2.2958	NA	49	1	NA	NA	NA	NA	NA
chr3	178952085	58	30	34.09	2.2958	NA	88	1	NA	NA	NA	NA	NA
chr3	195510175	88	10	10.2	2.2958	NA	98	1	NA	NA	NA	NA	NA
chr3	195690122	137	8	5.52	2.2958	NA	145	1	NA	NA	NA	NA	NA
chr3	195924382	40	4	9.09	2.2958	NA	44	1	NA	NA	NA	NA	NA
chr4	53446	42	10	19.23	1.70882	NA	52	1	NA	NA	NA	NA	NA
chr4	59475	171	22	11.4	1.70882	NA	193	1	NA	NA	NA	NA	NA
chr4	4190576	55	21	27.63	1.70882	NA	76	1	NA	NA	NA	NA	NA
chr4	4190577	55	21	27.63	1.70882	NA	76	1	NA	NA	NA	NA	NA
chr4	31145099	37	5	11.9	1.70882	NA	42	1	NA	NA	NA	NA	NA
chr4	49163945	114	17	12.98	1.75406	2	131	1	3	1.01212698406141e-09	0.00027601296055801	0.76509255065163	0.234631439375685
chr4	49163953	114	17	12.98	1.75406	2	131	1	3	1.01212698406141e-09	0.00027601296055801	0.76509255065163	0.234631439375685
chr4	49505152	203	32	13.62	1.75406	2	235	1	3	1.04335779171181e-09	0.000629277532184215	0.857443542028927	0.141927183395531
chr4	103527707	18	3	14.29	1.75406	2	21	0	NA	NA	NA	NA	NA
chr4	106600748	71	23	24.47	1.75406	2	94	1	2	0.000169811779516596	0.879835768353197	0.119990968516846	3.45535043993372e-06
chr4	110640117	31	3	8.82	1.75406	2	34	1	4	1.00000010433514e-09	4.48182449909748e-08	0.0309801461942769	0.969019811987478
chr4	190876268	132	11	7.69	1.75857	2	143	1	4	1.00000000153827e-09	2.43565059762271e-09	0.00686961838453586	0.993130382179814
chr4	190876272	131	11	7.75	1.75857	2	142	1	4	1.00000000194638e-09	2.74077100247244e-09	0.00747848252171865	0.99252151773751
chr4	190876378	22	10	31.25	1.75857	2	32	1	2	0.0417979174631007	0.956480680569259	0.0017214044691119	1.49852799029166e-09
chr4	190878625	246	22	8.21	1.75857	2	268	1	4	1.00000001131465e-09	8.30582891770869e-09	0.014076036600578	0.985923958093593
chr4	190878658	156	14	8.24	1.75857	2	170	1	4	1.00000001265789e-09	9.00170562387218e-09	0.0146522559147945	0.9853477380835
chr4	190878662	147	22	13.02	1.75857	2	169	1	3	1.0131680881432e-09	0.000291407003206994	0.772030108142525	0.2276784878411
chr5	31323709	52	17	24.64	1.91946	2	69	1	2	0.0001961422898707	0.891657863319109	0.108143235027664	2.76336335626541e-06
chr5	34191695	565	63	10.03	1.91946	2	628	1	4	1.00000597253477e-09	1.07401260625902e-06	0.123402904835761	0.876596024151627
chr5	34192694	664	79	10.63	1.91946	2	743	1	4	1.00003689624635e-09	4.3563062546112e-06	0.218618790360559	0.781376856333149
chr5	41160312	21	3	12.5	1.91946	2	24	0	NA	NA	NA	NA	NA
chr5	70074142	88	11	11.11	1.91946	2	99	1	4	1.00014340995499e-09	1.21000935717309e-05	0.322159457210996	0.677828445695289
chr5	71502628	58	19	24.68	1.91946	2	77	1	2	0.000202874311253996	0.894277886667485	0.105516621423746	2.62159751514097e-06
chr5	128864131	16	5	23.81	1.91946	2	21	0	NA	NA	NA	NA	NA
chr5	134784852	20	14	41.18	1.91946	2	34	1	1	0.996839644332722	0.00316033481728638	2.38499916271844e-08	1.00000001013029e-09
chr5	140732024	41	3	6.82	1.91946	2	44	1	4	1.00000000004301e-09	1.0747093335971e-09	0.00187386218848451	0.998126139736806
chr5	149247628	26	3	10.34	1.91946	2	29	0	NA	NA	NA	NA	NA
chr5	175110959	52	14	21.21	1.91946	2	66	1	3	6.68609441121909e-06	0.407054760954386	0.592758046403157	0.000180510548046426
chr6	10726262	26	5	16.13	1.767	2	31	1	3	4.6987188670054e-09	0.00907207597505592	0.974087055608538	0.0168408677176875
chr6	25779948	47	26	35.62	1.767	2	73	1	1	0.650701062950986	0.349247918673363	5.10213748035883e-05	1.00084706020099e-09
chr6	26217258	52	11	17.46	1.767	2	63	1	3	3.31002527213774e-08	0.0303504932846923	0.964180574715836	0.00546890289921855
chr6	27799140	22	2	8.33	1.767	2	24	0	NA	NA	NA	NA	NA
chr6	29858090	56	6	9.68	1.767	2	62	1	4	1.00000194645349e-09	4.47884018047412e-07	0.0850905455108586	0.914909009605121
chr6	31239593	27	8	22.86	1.767	2	35	1	2	3.96642971296637e-05	0.701064996211089	0.298868219548047	2.71239437344802e-05
chr6	32485337	80	7	8.05	1.767	2	87	1	4	1.00000000618728e-09	5.47374595120682e-09	0.0113382898928231	0.988661707633431
chr6	32485343	89	6	6.32	1.767	2	95	1	4	1.0000000000047e-09	1.01170554764141e-09	0.000833169162157193	0.999166832826137
chr6	32485345	79	6	7.06	1.767	2	85	1	4	1.0000000001192e-09	1.17432109207129e-09	0.00271729039394563	0.997282711431733
chr6	32485349	82	9	9.89	1.767	2	91	1	4	1.00000383326967e-09	7.6063639907139e-07	0.10667995773545	0.893319284628147
chr6	32485353	87	5	5.43	1.767	2	92	1	4	1.00000000000006e-09	1.00030440228318e-09	0.000170637411541063	0.999829364588154
chr6	32485363	96	7	6.8	1.767	2	103	1	4	1.00000000003946e-09	1.06953373803861e-09	0.00181583246327134	0.998184169467195
chr6	32485373	100	6	5.66	1.767	2	106	1	4	1.0000000000002e-09	1.00082069011538e-09	0.000262214300626635	0.999737787698553
chr6	32557572	25	7	21.88	1.767	2	32	1	2	1.44211979428461e-05	0.532649421768363	0.467249528280715	8.66327529789029e-05
chr6	33766886	24	8	25	1.767	2	32	1	2	0.000265202371727013	0.913186163710428	0.0865469191649443	1.7187529003844e-06
chr6	35088148	11	13	54.17	1.767	2	24	0	NA	NA	NA	NA	NA
chr6	35473882	20	3	13.04	1.767	2	23	0	NA	NA	NA	NA	NA
chr6	81055666	37	2	5.13	1.767	2	39	1	4	1.00000000000001e-09	1.00007873395449e-09	9.51344899662407e-05	0.999904867509955
chr6	136582203	28	6	17.65	1.67458	NA	34	1	NA	NA	NA	NA	NA
chr6	138644940	36	3	7.69	1.67458	NA	39	1	NA	NA	NA	NA	NA
chr6	146216159	26	20	43.48	1.60325	NA	46	1	NA	NA	NA	NA	NA
chr6	160931871	30	3	9.09	1.60325	NA	33	1	NA	NA	NA	NA	NA
chr7	5886832	23	6	20.69	2.21929	2	29	0	NA	NA	NA	NA	NA
chr7	6862125	52	8	13.33	2.21929	2	60	1	3	1.02460914507393e-09	0.000437996653755051	0.82041067869926	0.179151327622376
chr7	37946010	37	15	28.85	2.22083	2	52	1	2	0.0060085206799036	0.986350729190934	0.00764074221726533	1.1911897024479e-08
chr7	56871957	74	15	16.85	2.22083	2	89	1	3	1.30710863384908e-08	0.0176914231634765	0.973161191164917	0.00914737660051959
chr7	57710252	49	6	10.91	2.17633	2	55	1	4	1.00008236784903e-09	7.99393011302885e-06	0.276349124386786	0.723642884683019
chr7	63204646	72	8	10	2.17633	2	80	1	4	1.00000543422547e-09	9.98032042239351e-07	0.119654552795725	0.880344452172228
chr7	63219756	53	7	11.67	2.17633	2	60	1	4	1.00062130520648e-09	3.54232185148941e-05	0.463680389290332	0.536284190490532
chr7	63222459	33	4	10.81	2.17633	2	37	1	4	1.00006204897573e-09	6.45859058109992e-06	0.254815455624586	0.745178088784771
chr7	66760511	26	6	18.75	2.17633	2	32	1	3	2.35804130673686e-07	0.0872724248034971	0.910897898389274	0.00182944500309861
chr7	100643367	1413	166	10.51	2.17633	2	1579	1	4	1.00002590941504e-09	3.32732665875751e-06	0.196417210937475	0.803579464735841
chr7	102294312	111	14	11.2	2.17633	2	125	1	4	1.00018308483393e-09	1.45046200404496e-05	0.343820636426621	0.656164861953156
chr7	102584731	34	24	41.38	2.17633	2	58	1	1	0.997392868512863	0.00260711652195168	1.79651850830681e-08	1.00000000659717e-09
chr7	128128223	50	21	29.58	2.17633	2	71	1	2	0.0108495322514054	0.984294148135945	0.00485631835594614	5.25670381654831e-09
chr7	140301430	27	5	15.62	2.17633	2	32	1	3	2.5689221385727e-09	0.00553386897424877	0.968441115423801	0.0260250170330284
chr7	151935853	75	9	10.71	2.17633	2	84	1	4	1.00004655806323e-09	5.19760119984707e-06	0.234286248614489	0.765708556784265
chr8	6875540	9	7	43.75	1.96156	2	16	0	NA	NA	NA	NA	NA
chr8	7176291	72	17	19.1	1.96156	2	89	1	3	3.95164609948768e-07	0.113528012517723	0.885121775946655	0.00134982037101218
chr8	7842712	41	4	8.89	1.96156	2	45	1	4	1.00000013358102e-09	5.44048303241231e-08	0.0337913886714724	0.966208559923697
chr8	11970749	21	8	27.59	1.96156	2	29	0	NA	NA	NA	NA	NA
chr8	11970945	36	14	28	1.96156	2	50	1	2	0.0030250240062436	0.983973704252345	0.013001241840237	3.39011740104283e-08
chr8	12033198	81	15	15.62	1.96156	2	96	1	3	2.5689221385727e-09	0.00553386897424877	0.968441115423801	0.0260250170330284
chr8	12033200	81	15	15.62	1.96156	2	96	1	3	2.5689221385727e-09	0.00553386897424877	0.968441115423801	0.0260250170330284
chr8	12033343	148	20	11.9	1.96156	2	168	1	3	1.00109384907373e-09	5.30885002128995e-05	0.523600503143894	0.476346411354799
chr8	28925971	41	3	6.82	1.96156	2	44	1	4	1.00000000004301e-09	1.0747093335971e-09	0.00187386218848451	0.998126139736806
chr8	52731129	111	17	13.28	1.96156	2	128	1	3	1.02228104271306e-09	0.000410748023587818	0.813241822616577	0.186347432337554
chr8	52731494	88	21	19.27	1.96156	2	109	1	3	5.05887705603882e-07	0.128443301635995	0.870393943244629	0.00116225323166978
chr8	52733148	61	8	11.59	1.96156	2	69	1	4	1.00050784060313e-09	3.06219303483926e-05	0.442807228890756	0.557162152178388
chr8	54986219	105	24	18.6	1.96156	2	129	1	3	1.88459123084721e-07	0.0777037672859919	0.920214777963153	0.00208127029173225
chr8	121262837	24	6	20	1.96156	2	30	1	3	1.41321191351914e-06	0.210389227975899	0.789009972828476	0.000599389983712059
chr9	7477195	62	4	6.06	1.83223	2	66	1	4	1.00000000000141e-09	1.00423810606072e-09	0.000535103986129908	0.999464898009632
chr9	27280521	31	11	26.19	1.83223	2	42	1	2	0.000702799846503813	0.958434833885645	0.040862014033954	3.56233897423582e-07
chr9	33402549	57	16	21.92	1.83223	2	73	1	2	1.50669664233768e-05	0.540085891575256	0.459816262206997	8.27832513229157e-05
chr9	33402560	76	8	9.52	1.83223	2	84	1	4	1.00000115002785e-09	2.96381622238734e-07	0.0712085077296438	0.928791198888733
chr9	33402591	89	7	7.29	1.83223	2	96	1	4	1.00000000030907e-09	1.38348824915569e-09	0.00384214506268645	0.996157856553825
chr9	33795415	69	14	16.87	1.83223	2	83	1	3	1.34687850050074e-08	0.0180140978865068	0.972991738771426	0.0089941538732826
chr9	33795437	83	17	17	1.83223	2	100	1	3	1.63844168882483e-08	0.0202472320704378	0.971693379807621	0.00805937573752421
chr9	33795439	80	16	16.67	1.83223	2	96	1	3	1.00071281738573e-08	0.0150181257732049	0.974331134904178	0.0106507333154893
chr9	33795441	78	16	17.02	1.83223	2	94	1	3	1.68884781175765e-08	0.020612574482682	0.971462891833112	0.0079245207957282
chr9	33798135	46	10	17.86	1.83223	2	56	1	3	6.12181972235645e-08	0.0426668535747472	0.953429960287909	0.00390312891914637
chr9	38543665	62	12	16.22	1.83223	2	74	1	3	5.29548826175929e-09	0.00988034712462724	0.974519939666096	0.0155997119137885
chr9	38543671	62	12	16.22	1.83223	2	74	1	3	5.29548826175929e-09	0.00988034712462724	0.974519939666096	0.0155997119137885
chr9	38543676	63	12	16	1.83223	2	75	1	3	3.97731216817989e-09	0.00801206879458556	0.973175296539769	0.0188126346883331
chr9	38543685	60	12	16.67	1.83223	2	72	1	3	1.00071281738573e-08	0.0150181257732049	0.974331134904178	0.0106507333154893
chr9	43151983	96	16	14.29	1.83223	2	112	1	3	1.15191615941174e-09	0.00137488297104533	0.917438374948635	0.0811867449284035
chr9	44090529	43	4	8.51	1.83223	2	47	1	4	1.00000003426485e-09	1.89021639534665e-08	0.0208955797016971	0.979104404396139
chr9	45727981	143	11	7.14	1.83223	2	154	1	4	1.00000000016646e-09	1.22990653446296e-09	0.00306846170017966	0.996931540069914
chr9	45728002	170	16	8.6	1.83223	2	186	1	4	1.00000004749574e-09	2.42894659715263e-08	0.0234622015538854	0.976537777156648
chr9	45728020	168	18	9.68	1.83223	2	186	1	4	1.00000194645349e-09	4.47884018047412e-07	0.0850905455108586	0.914909009605121
chr9	45728108	407	22	5.13	1.83223	2	429	1	4	1.00000000000001e-09	1.00007873395449e-09	9.51344899662407e-05	0.999904867509955
chr9	66502241	299	39	11.54	1.83223	2	338	1	4	1.00044711954494e-09	2.79208799622269e-05	0.429808729153443	0.570163352966148
chr9	66502341	176	33	15.79	1.83223	2	209	1	3	3.09217401918634e-09	0.00653869095919952	0.970956699591405	0.0225046103572212
chr9	66512958	190	28	12.84	1.83223	2	218	1	3	1.009060112714e-09	0.000227507473602799	0.739545404324428	0.26022709119291
chr9	68430314	472	59	11.11	1.83223	2	531	1	4	1.00014340995499e-09	1.21000935717309e-05	0.322159457210996	0.677828445695289
chr9	69083015	199	16	7.44	1.83223	2	215	1	4	1.00000000056846e-09	1.63378113343448e-09	0.00479240799911959	0.995207593367099
chr9	69083148	153	22	12.57	1.83223	2	175	1	3	1.00508403039568e-09	0.000154290973140257	0.684820490121992	0.315025221899784
chr9	69651429	19	6	24	1.83223	2	25	0	NA	NA	NA	NA	NA
chr9	69652863	35	13	27.08	1.83223	2	48	1	2	0.0014416093597662	0.975327322310601	0.0232309615695623	1.10760070214939e-07
chr9	86617709	52	38	42.22	1.83223	2	90	1	1	0.998847117512414	0.00115287966023461	5.82735143466342e-09	1.00000000108119e-09
chr9	93513546	53	9	14.52	1.83223	2	62	1	3	1.23035003896529e-09	0.00177210337370667	0.931463315070439	0.0667645843255037
chr9	93513571	59	10	14.49	1.83223	2	69	1	3	1.21825282304611e-09	0.0017150186471319	0.929790844409936	0.0684941397246789
chr9	93513587	77	10	11.49	1.83223	2	87	1	4	1.00039326084679e-09	2.54323080535607e-05	0.41686782904296	0.583106741648593
chr9	94898816	21	2	8.7	1.83223	2	23	0	NA	NA	NA	NA	NA
chr9	95482976	21	18	46.15	1.83223	2	39	1	1	0.999978473347395	2.15286408313963e-05	1.01177400247635e-09	1.00000000000019e-09
chr9	96327992	40	3	6.98	1.83223	2	43	1	4	1.00000000008511e-09	1.13180677743573e-09	0.00240353575737455	0.997596466110819
chr9	98211533	15	5	25	1.83223	2	20	0	NA	NA	NA	NA	NA
chr9	136084455	30	2	6.25	1.83223	2	32	1	4	1.00000000000341e-09	1.00893748925263e-09	0.000740662256643792	0.999259339734419
chrX	1743426	42	3	6.67	1.58315	NA	45	1	NA	NA	NA	NA	NA
chrX	6451869	89	19	17.59	1.58315	NA	108	1	NA	NA	NA	NA	NA
chrX	10202351	112	20	15.15	1.58315	NA	132	1	NA	NA	NA	NA	NA
chrX	44035646	54	17	23.94	1.58315	NA	71	1	NA	NA	NA	NA	NA
chrX	55172586	95	16	14.41	1.58315	NA	111	1	NA	NA	NA	NA	NA
chrX	69646611	33	2	5.71	1.58315	NA	35	1	NA	NA	NA	NA	NA
chrX	140994011	122	8	6.15	1.58315	NA	130	1	NA	NA	NA	NA	NA
chrX	151086726	19	2	9.52	1.58315	NA	21	0	NA	NA	NA	NA	NA
chrX	153461685	20	2	9.09	1.58315	NA	22	0	NA	NA	NA	NA	NA
