chr	st	BC48T.ref	BC48T.var	BC48T.vaf	BC48T.cn	BC48T.cleancn	BC48T.depth	adequateDepth	cluster	cluster.prob.1	cluster.prob.2	cluster.prob.3	cluster.prob.4
chr1	6212526	23	5	17.86	2.08349	2	28	0	NA	NA	NA	NA	NA
chr1	12855774	131	23	14.94	2.08349	2	154	1	3	1.06020126928294e-09	7.11607525860538e-05	0.912951974619165	0.086976867568048
chr1	12907313	271	33	10.86	2.08349	2	304	1	4	1.00004738428589e-09	2.01087866104371e-08	0.16914213677792	0.830857846113246
chr1	12907446	232	30	11.45	2.08349	2	262	1	4	1.00017143120336e-09	9.26221218487456e-08	0.279413783486195	0.720586126891512
chr1	12907498	227	20	8.1	2.08349	2	247	1	4	1.00000004310456e-09	1.00204937545742e-09	0.00600370084256749	0.993996301155383
chr1	13353814	45	14	23.73	2.08349	2	59	1	2	5.08485604364723e-06	0.668165261128966	0.331756565275236	7.30927397544919e-05
chr1	16901549	93	17	15.45	2.08349	2	110	1	3	1.12392811385607e-09	0.000148582245076102	0.941180565372472	0.0586708552585238
chr1	16901554	86	18	17.31	2.08349	2	104	1	3	2.65019821010202e-09	0.00174851668483071	0.983898665674969	0.014352818990002
chr1	16948260	23	5	17.86	2.08349	2	28	0	NA	NA	NA	NA	NA
chr1	16948361	66	15	18.52	2.08349	2	81	1	3	9.84427690873924e-09	0.00757892702478393	0.986429732575159	0.00599133455577993
chr1	16976681	55	10	15.38	2.08349	2	65	1	3	1.11230099383065e-09	0.000134555811723649	0.937936362308526	0.0619290847674497
chr1	17081886	148	17	10.3	2.08349	2	165	1	4	1.00001289722002e-09	4.78870236327213e-09	0.0968012159517654	0.903198782259519
chr1	52911513	109	10	8.4	2.08349	2	119	1	4	1.00000009864443e-09	1.00640702060074e-09	0.00921713546674876	0.990782866526844
chr1	52911528	119	13	9.85	2.08349	2	132	1	4	1.00000431597996e-09	1.9459030466673e-09	0.0588424772604386	0.941157523793654
chr1	52911569	126	16	11.27	2.08349	2	142	1	4	1.00011696915456e-09	5.86767563403139e-08	0.242188547475207	0.757811396847919
chr1	52911698	64	11	14.67	2.08349	2	75	1	3	1.04086893668786e-09	4.75098056260145e-05	0.892925919157876	0.107026573995629
chr1	68627113	198	36	15.38	2.08349	2	234	1	3	1.11230099383065e-09	0.000134555811723649	0.937936362308526	0.0619290847674497
chr1	68627678	127	12	8.63	2.08349	2	139	1	4	1.00000018406845e-09	1.01495576144799e-09	0.0126685583141343	0.98733144367091
chr1	92187605	59	14	19.18	2.08349	2	73	1	3	2.3092347705457e-08	0.0162116369251022	0.980024256901972	0.00376408708057837
chr1	110565727	46	11	19.3	2.08349	2	57	1	3	2.70855265089344e-08	0.0185570297919042	0.977982237909975	0.00346070921259395
chr1	113121039	46	7	13.21	2.08349	2	53	1	3	1.00444773210597e-09	4.19084426832535e-06	0.692583349839802	0.307412462311482
chr1	142619570	116	18	13.43	2.08349	2	134	1	3	1.00633422665954e-09	6.24548416721192e-06	0.734454098299274	0.265539659210225
chr1	142620790	57	10	14.93	2.08349	2	67	1	3	1.05934820473906e-09	7.01171487352067e-05	0.91228033577854	0.0876495500133771
chr1	142620814	70	10	12.5	2.08349	2	80	1	3	1.00132260040783e-09	1.0382437010387e-06	0.532216693240348	0.467782271514628
chr1	142620833	98	9	8.41	2.08349	2	107	1	4	1.00000010137612e-09	1.00665064994043e-09	0.00934725030314738	0.990652751690202
chr1	142723596	286	25	8.04	2.08349	2	311	1	4	1.00000003645424e-09	1.00162375668442e-09	0.00549981549539078	0.994500186502986
chr1	142723662	243	35	12.59	2.08349	2	278	1	3	1.00155299631268e-09	1.25157037352031e-06	0.554166182427289	0.445832569000784
chr1	142803646	123	18	12.77	2.08349	2	141	1	3	1.00212773213616e-09	1.80230242836692e-06	0.596955354951838	0.403042845743605
chr1	142805110	31	6	16.22	2.08349	2	37	1	3	1.36350830016724e-09	0.000427537818973755	0.967085873783459	0.032486591034059
chr1	142806102	498	33	6.21	2.08349	2	531	1	4	1.00000000015078e-09	1.00000053140489e-09	0.000265143699365322	0.999734858300634
chr1	142806117	470	46	8.91	2.08349	2	516	1	4	1.00000038848213e-09	1.04076416932318e-09	0.0184335799338496	0.981566422025386
chr1	142806419	386	23	5.62	2.08349	2	409	1	4	1.0000000000211e-09	1.00000002466699e-09	8.29165191242702e-05	0.999917085480876
chr1	142806946	90	22	19.64	2.08349	2	112	1	3	4.27250090445055e-08	0.0270598785240829	0.970212189806187	0.00272789294472155
chr1	142809584	89	12	11.88	2.08349	2	101	1	4	1.00041143763134e-09	2.62771091038733e-07	0.378409480980569	0.621590259247928
chr1	142811916	391	72	15.55	2.08349	2	463	1	3	1.14262058420599e-09	0.000171029181918754	0.945515057692864	0.054313915982597
chr1	142812302	84	5	5.62	2.08349	2	89	1	4	1.0000000000211e-09	1.00000002466699e-09	8.29165191242702e-05	0.999917085480876
chr1	142812317	151	13	7.93	2.08349	2	164	1	4	1.00000002676439e-09	1.00105510857864e-09	0.00467531570715886	0.995324686291786
chr1	142812344	273	39	12.5	2.08349	2	312	1	3	1.00132260040783e-09	1.0382437010387e-06	0.532216693240348	0.467782271514628
chr1	142812349	305	29	8.68	2.08349	2	334	1	4	1.00000021054208e-09	1.01792998747020e-09	0.0135592695628782	0.986440732419191
chr1	142812428	435	38	8.03	2.08349	2	473	1	4	1.00000003544788e-09	1.00156171311908e-09	0.00541970188714475	0.994580300111294
chr1	142812454	478	44	8.43	2.08349	2	522	1	4	1.00000010706281e-09	1.00716513641088e-09	0.0096125170841902	0.990387484908644
chr1	142813007	556	62	10.03	2.08349	2	618	1	4	1.00000671971154e-09	2.6629513612298e-09	0.0721570153276351	0.927842985009407
chr1	142815964	646	56	7.98	2.08349	2	702	1	4	1.00000003080899e-09	1.00128440485366e-09	0.00503492350473959	0.994965078493976
chr1	142816197	234	17	6.77	2.08349	2	251	1	4	1.00000000088193e-09	1.00000766610378e-09	0.000727887667840092	0.999272114332152
chr1	142819159	97	20	17.09	2.08349	2	117	1	3	2.21630545068432e-09	0.00132533990246061	0.981787846782675	0.0168868150985586
chr1	142819370	78	10	11.36	2.08349	2	88	1	4	1.00014176704926e-09	7.38189854637579e-08	0.260436644316381	0.739563284864492
chr1	142819416	100	6	5.66	2.08349	2	106	1	4	1.0000000000242e-09	1.00000003066249e-09	9.0038714137774e-05	0.999909963285862
chr1	142820146	387	57	12.84	2.08349	2	444	1	3	1.00239965407521e-09	2.07033324761029e-06	0.613101469327423	0.386896463336929
chr1	142820332	135	16	10.6	2.08349	2	151	1	4	1.00002613190346e-09	1.01540737099179e-08	0.131728463519042	0.868271529326858
chr1	142820342	141	16	10.19	2.08349	2	157	1	4	1.00000990661906e-09	3.71797539784444e-09	0.0860366358960608	0.913963363385954
chr1	142820347	141	16	10.19	2.08349	2	157	1	4	1.00000990661906e-09	3.71797539784444e-09	0.0860366358960608	0.913963363385954
chr1	142826178	71	11	13.41	2.08349	2	82	1	3	1.00613612862812e-09	6.02652593280404e-06	0.730825650989114	0.269168325478817
chr1	142826701	266	29	9.83	2.08349	2	295	1	4	1.00000410723302e-09	1.88776009956323e-09	0.0575017514520448	0.942498249660191
chr1	142828757	322	53	14.13	2.08349	2	375	1	3	1.01853606370806e-09	2.04280872692274e-05	0.839011156038862	0.160968418855333
chr1	143209784	580	49	7.79	2.08349	2	629	1	4	1.00000001800114e-09	1.00060454152888e-09	0.00378988113424715	0.996210120865148
chr1	143209814	640	59	8.44	2.08349	2	699	1	4	1.00000011002175e-09	1.00743664303517e-09	0.00974770752030434	0.990252294472259
chr1	143227070	12	12	50	2.08349	2	24	0	NA	NA	NA	NA	NA
chr1	143227074	14	12	46.15	2.08349	2	26	0	NA	NA	NA	NA	NA
chr1	143227209	102	14	12.07	2.08349	2	116	1	4	1.00059540715618e-09	4.06972878924736e-07	0.425158095069793	0.574841500956732
chr1	143227212	102	13	11.3	2.08349	2	115	1	4	1.00012474265026e-09	6.33610733650868e-08	0.248187656090846	0.751812283547956
chr1	143228703	156	16	9.3	2.08349	2	172	1	4	1.00000107503647e-09	1.15649801751926e-09	0.0303999525131494	0.969600049330351
chr1	143228750	92	8	8	2.08349	2	100	1	4	1.00000003258873e-09	1.00138906321845e-09	0.00518572784618307	0.994814274152428
chr1	144583616	140	33	19.08	2.08349	2	173	1	3	2.02338452310153e-08	0.014474263045439	0.981488307595627	0.0040374131250887
chr1	144617992	34	11	24.44	2.08349	2	45	1	2	8.72219013901812e-06	0.800089241153909	0.199872732342921	2.93083130303008e-05
chr1	144617994	33	11	25	2.08349	2	44	1	2	1.28222722277976e-05	0.872008913072895	0.127964574629038	1.36940258392843e-05
chr1	144619505	69	14	16.87	2.08349	2	83	1	3	1.89646225750483e-09	0.00100110469052461	0.979106952788879	0.0198919446241341
chr1	144621555	136	8	5.56	2.08349	2	144	1	4	1.00000000001715e-09	1.00000001774907e-09	7.31981578740221e-05	0.999926803842126
chr1	145370377	184	25	11.96	2.08349	2	209	1	4	1.0004813345575e-09	3.16478884216915e-07	0.397952996329329	0.602046690191305
chr1	145370402	125	28	18.3	2.08349	2	153	1	3	7.5168814516919e-09	0.00584562918947795	0.987148342676233	0.00700602461740723
chr1	146467791	42	8	16	2.08349	2	50	1	3	1.26758486848254e-09	0.000317973548749242	0.961252185448224	0.038429843735442
chr1	148004386	291	32	9.91	2.08349	2	323	1	4	1.00000500577762e-09	2.14316755187137e-09	0.0630263796792889	0.936973621177539
chr1	148004584	309	25	7.49	2.08349	2	334	1	4	1.00000000759304e-09	1.00017742589812e-09	0.00238625946551884	0.997613742534303
chr1	148004625	258	35	11.95	2.08349	2	293	1	4	1.00047203454513e-09	3.09250340217983e-07	0.39549720854378	0.604502485205407
chr1	148023340	51	6	10.53	2.08349	2	57	1	4	1.0000222022492e-09	8.47441241253686e-09	0.12281447854953	0.877185515976035
chr1	148343792	60	11	15.49	2.08349	2	71	1	3	1.13109610625525e-09	0.000157204997325832	0.942955605384233	0.056887192487345
chr1	148853853	206	14	6.36	2.08349	2	220	1	4	1.00000000024414e-09	1.00000110988617e-09	0.000350377988596484	0.999649624011402
chr1	148903118	121	21	14.79	2.08349	2	142	1	3	1.04857200984021e-09	5.69304603489846e-05	0.902325996978969	0.0976170755121102
chr1	148903133	121	16	11.68	2.08349	2	137	1	4	1.00027566037733e-09	1.6322891741696e-07	0.330870350790247	0.66912948898056
chr1	149285864	175	21	10.71	2.08349	2	196	1	4	1.00003368094692e-09	1.35390741332566e-08	0.146718873127613	0.85328111633328
chr1	152280559	291	17	5.52	2.08349	2	308	1	4	1.00000000001493e-09	1.00000001422545e-09	6.73124445206289e-05	0.999932689555479
chr1	161518159	21	10	32.26	2.08349	2	31	1	2	0.00222369320471907	0.997503491527249	0.000272817545675131	1.72235659653222e-09
chr1	201178758	521	61	10.48	2.08349	2	582	1	4	1.0000197490824e-09	7.45928042413208e-09	0.116738509283179	0.883261486257521
chr1	212277589	87	38	30.4	2.08349	2	125	1	2	0.000507677322024536	0.998244566717866	0.0012477509123122	9.04779678391934e-09
chr1	220928350	32	8	20	2.08349	2	40	1	3	6.94324673316932e-08	0.0399478215057492	0.957933503470809	0.002118609590975
chr1	235331094	84	28	25	2.08349	2	112	1	2	1.28222722277976e-05	0.872008913072895	0.127964574629038	1.36940258392843e-05
chr1	243217524	242	22	8.33	2.08349	2	264	1	4	1.00000008143536e-09	1.00492808887472e-09	0.00835159528555187	0.99164840670952
chr1	248617086	133	13	8.9	2.08349	2	146	1	4	1.00000037834397e-09	1.03935142846594e-09	0.0181924662263114	0.981807535734337
chr10	26936415	166	15	8.29	1.68564	NA	181	1	NA	NA	NA	NA	NA
chr10	38711740	77	12	13.48	1.68564	NA	89	1	NA	NA	NA	NA	NA
chr10	74767672	91	19	17.27	1.68564	NA	110	1	NA	NA	NA	NA	NA
chr10	126677356	370	43	10.41	1.68564	NA	413	1	NA	NA	NA	NA	NA
chr10	126677510	184	78	29.77	1.68564	NA	262	1	NA	NA	NA	NA	NA
chr10	126677948	65	12	15.58	1.68564	NA	77	1	NA	NA	NA	NA	NA
chr10	126678024	178	34	16.04	1.68564	NA	212	1	NA	NA	NA	NA	NA
chr10	126678045	163	39	19.31	1.68564	NA	202	1	NA	NA	NA	NA	NA
chr10	126678049	198	39	16.46	1.68564	NA	237	1	NA	NA	NA	NA	NA
chr10	126678050	202	38	15.83	1.68564	NA	240	1	NA	NA	NA	NA	NA
chr10	126678171	89	22	19.82	1.68564	NA	111	1	NA	NA	NA	NA	NA
chr10	126678177	103	25	19.53	1.68564	NA	128	1	NA	NA	NA	NA	NA
chr10	126678189	88	19	17.76	1.68564	NA	107	1	NA	NA	NA	NA	NA
chr10	126799569	42	20	32.26	1.68564	NA	62	1	NA	NA	NA	NA	NA
chr10	126799573	46	22	32.35	1.68564	NA	68	1	NA	NA	NA	NA	NA
chr10	126799601	74	15	16.85	1.68564	NA	89	1	NA	NA	NA	NA	NA
chr10	126799611	83	15	15.31	1.68564	NA	98	1	NA	NA	NA	NA	NA
chr10	126799624	90	14	13.46	1.68564	NA	104	1	NA	NA	NA	NA	NA
chr10	126799626	74	29	28.16	1.68564	NA	103	1	NA	NA	NA	NA	NA
chr10	126799631	86	16	15.69	1.68564	NA	102	1	NA	NA	NA	NA	NA
chr10	126799651	84	6	6.67	1.68564	NA	90	1	NA	NA	NA	NA	NA
chr11	128506	41	5	10.87	1.77141	2	46	1	4	1.00004846539606e-09	2.06467695475401e-08	0.170719338350803	0.829280644002379
chr11	134704	66	12	15.38	1.77141	2	78	1	3	1.11230099383065e-09	0.000134555811723649	0.937936362308526	0.0619290847674497
chr11	1016646	450	34	7.02	1.77141	2	484	1	4	1.00000000188847e-09	1.00002361390279e-09	0.00111380793739263	0.998886194062584
chr11	1016678	551	60	9.82	1.77141	2	611	1	4	1.00000400656326e-09	1.85999469922942e-09	0.0568412780348001	0.943158723105201
chr11	1016690	608	43	6.61	1.77141	2	651	1	4	1.00000000053721e-09	1.00000365502907e-09	0.000550029777732462	0.999449972222264
chr11	1016693	568	40	6.58	1.77141	2	608	1	4	1.00000000048915e-09	1.00000317512195e-09	0.000521506750810709	0.999478495249186
chr11	1016779	655	101	13.36	1.77141	2	756	1	3	1.00566578926282e-09	5.50938670330646e-06	0.721597310962942	0.278397182644689
chr11	1016849	801	66	7.61	1.77141	2	867	1	4	1.00000001074818e-09	1.00029130606297e-09	0.0028774135934354	0.997122588406273
chr11	1016851	809	62	7.12	1.77141	2	871	1	4	1.00000000254991e-09	1.000036647055e-09	0.00131509407741034	0.998684907922553
chr11	1016919	551	58	9.52	1.77141	2	609	1	4	1.00000188677578e-09	1.3258026901187e-09	0.0398493685222652	0.96015063315193
chr11	1016944	563	30	5.06	1.77141	2	593	1	4	1.00000000000289e-09	1.00000000099427e-09	2.45630771341437e-05	0.999975438922866
chr11	1016954	569	34	5.64	1.77141	2	603	1	4	1.0000000000226e-09	1.00000002750687e-09	8.64102887483538e-05	0.999913591711251
chr11	1016961	568	41	6.73	1.77141	2	609	1	4	1.00000000077962e-09	1.00000638013229e-09	0.000679052677826383	0.999320949322167
chr11	1016970	556	43	7.18	1.77141	2	599	1	4	1.00000000304988e-09	1.00004757254752e-09	0.00145138075684216	0.99854862124311
chr11	1016977	536	48	8.22	1.77141	2	584	1	4	1.00000006014506e-09	1.00324865472146e-09	0.00714033217968015	0.992859669817071
chr11	1017024	473	35	6.89	1.77141	2	508	1	4	1.00000000127352e-09	1.00001321839428e-09	0.000894415861338016	0.999105586138649
chr11	1017152	499	27	5.13	1.77141	2	526	1	4	1.00000000000373e-09	1.00000000151235e-09	2.87942422447593e-05	0.999971207757755
chr11	1017211	505	52	9.34	1.77141	2	557	1	4	1.00000119155896e-09	1.17905983485594e-09	0.0319534579198465	0.968046543901093
chr11	1017470	226	40	15.04	1.77141	2	266	1	3	1.06941706186014e-09	8.24278997431257e-05	0.919394919333585	0.0805226556972545
chr11	1017757	382	37	8.83	1.77141	2	419	1	4	1.0000003142591e-09	1.03070804393134e-09	0.0165828602346057	0.983417141734686
chr11	1017806	426	23	5.12	1.77141	2	449	1	4	1.0000000000036e-09	1.00000000142488e-09	2.81514454227199e-05	0.999971850554577
chr11	1017822	457	26	5.38	1.77141	2	483	1	4	1.00000000000914e-09	1.00000000647724e-09	4.99646297745062e-05	0.999950037370225
chr11	1017921	475	66	12.2	1.77141	2	541	1	4	1.00076208888282e-09	5.4438549429512e-07	0.45760023916013	0.542399219453613
chr11	1017932	424	72	14.52	1.77141	2	496	1	3	1.03288958598299e-09	3.77737708675716e-05	0.879951101634991	0.120011127561252
chr11	1017933	418	77	15.56	1.77141	2	495	1	3	1.14463611627675e-09	0.000173441948351651	0.94592992180565	0.0538966391013619
chr11	1017939	410	55	11.83	1.77141	2	465	1	4	1.00037264896217e-09	2.33630856482237e-07	0.36632948917367	0.633670280195101
chr11	1017956	357	25	6.54	1.77141	2	382	1	4	1.00000000043153e-09	1.00000262932167e-09	0.000485588493341578	0.999514413506656
chr11	1017964	332	19	5.41	1.77141	2	351	1	4	1.00000000001016e-09	1.00000000767913e-09	5.32926223555421e-05	0.999946709377644
chr11	1253969	16	17	51.52	1.77141	2	33	1	1	0.999999939181855	6.28181450369155e-08	1.00000001445916e-09	1e-09
chr11	65294523	39	5	11.36	1.77141	2	44	1	4	1.00014176704926e-09	7.38189854637579e-08	0.260436644316381	0.739563284864492
chr11	67490698	154	9	5.52	1.77141	2	163	1	4	1.00000000001493e-09	1.00000001422545e-09	6.73124445206289e-05	0.999932689555479
chr11	67490699	156	9	5.45	1.77141	2	165	1	4	1.0000000000117e-09	1.00000000962212e-09	5.80465291542145e-05	0.999941955470846
chr11	71249152	41	13	24.07	1.77141	2	54	1	2	6.64367231371396e-06	0.737042054811703	0.262903695976946	4.76095390369088e-05
chr11	71507375	21	6	22.22	1.77141	2	27	0	NA	NA	NA	NA	NA
chr12	7869817	36	9	20	1.69103	NA	45	1	NA	NA	NA	NA	NA
chr12	8327883	70	15	17.65	1.69103	NA	85	1	NA	NA	NA	NA	NA
chr12	13229045	35	3	7.89	1.69103	NA	38	1	NA	NA	NA	NA	NA
chr12	42477610	44	9	16.98	1.69103	NA	53	1	NA	NA	NA	NA	NA
chr12	42477617	42	9	17.65	1.69103	NA	51	1	NA	NA	NA	NA	NA
chr12	42477624	41	9	18	1.69103	NA	50	1	NA	NA	NA	NA	NA
chr12	42478612	54	27	33.33	1.69103	NA	81	1	NA	NA	NA	NA	NA
chr12	42479512	55	21	27.63	1.69103	NA	76	1	NA	NA	NA	NA	NA
chr12	42479533	55	23	29.49	1.69103	NA	78	1	NA	NA	NA	NA	NA
chr12	42479540	55	22	28.57	1.69103	NA	77	1	NA	NA	NA	NA	NA
chr12	42479554	50	18	26.47	1.69103	NA	68	1	NA	NA	NA	NA	NA
chr12	42512910	52	23	30.67	1.69103	NA	75	1	NA	NA	NA	NA	NA
chr12	42512924	47	18	27.69	1.69103	NA	65	1	NA	NA	NA	NA	NA
chr12	58217738	25	10	28.57	1.69103	NA	35	1	NA	NA	NA	NA	NA
chr12	58217741	26	10	27.78	1.69103	NA	36	1	NA	NA	NA	NA	NA
chr12	58217744	27	10	27.03	1.69103	NA	37	1	NA	NA	NA	NA	NA
chr12	58220809	63	74	54.01	1.69103	NA	137	1	NA	NA	NA	NA	NA
chr12	58220811	110	48	30.38	1.69103	NA	158	1	NA	NA	NA	NA	NA
chr12	58220816	61	92	60.13	1.69103	NA	153	1	NA	NA	NA	NA	NA
chr12	58220823	66	94	58.75	1.69103	NA	160	1	NA	NA	NA	NA	NA
chr12	58220831	123	32	20.65	1.69103	NA	155	1	NA	NA	NA	NA	NA
chr12	58220841	75	99	56.9	1.69103	NA	174	1	NA	NA	NA	NA	NA
chr12	58220844	75	99	56.9	1.69103	NA	174	1	NA	NA	NA	NA	NA
chr12	58220866	142	37	20.67	1.69103	NA	179	1	NA	NA	NA	NA	NA
chr12	123103016	50	10	16.67	1.69103	NA	60	1	NA	NA	NA	NA	NA
chr12	131649621	26	10	27.78	1.69103	NA	36	1	NA	NA	NA	NA	NA
chr12	131649622	26	10	27.78	1.69103	NA	36	1	NA	NA	NA	NA	NA
chr12	131649643	29	11	27.5	1.69103	NA	40	1	NA	NA	NA	NA	NA
chr13	19414201	120	13	9.77	1.71796	NA	133	1	NA	NA	NA	NA	NA
chr13	19414209	120	12	9.09	1.71796	NA	132	1	NA	NA	NA	NA	NA
chr13	19422896	112	15	11.81	1.71796	NA	127	1	NA	NA	NA	NA	NA
chr13	19422933	83	11	11.7	1.71796	NA	94	1	NA	NA	NA	NA	NA
chr13	19422934	79	11	12.22	1.71796	NA	90	1	NA	NA	NA	NA	NA
chr13	19433845	188	26	12.15	1.71796	NA	214	1	NA	NA	NA	NA	NA
chr13	25671699	145	16	9.94	1.71796	NA	161	1	NA	NA	NA	NA	NA
chr13	25671700	137	16	10.46	1.71796	NA	153	1	NA	NA	NA	NA	NA
chr13	25672111	183	55	23.11	1.71796	NA	238	1	NA	NA	NA	NA	NA
chr13	25672126	181	54	22.98	1.71796	NA	235	1	NA	NA	NA	NA	NA
chr13	25672135	183	44	19.38	1.71796	NA	227	1	NA	NA	NA	NA	NA
chr13	25672139	183	47	20.43	1.71796	NA	230	1	NA	NA	NA	NA	NA
chr13	25672168	179	49	21.49	1.71796	NA	228	1	NA	NA	NA	NA	NA
chr14	19117072	134	11	7.59	1.71939	NA	145	1	NA	NA	NA	NA	NA
chr14	19553451	169	9	5.06	1.71939	NA	178	1	NA	NA	NA	NA	NA
chr14	20002134	36	7	16.28	1.71939	NA	43	1	NA	NA	NA	NA	NA
chr14	21679118	129	14	9.79	1.71939	NA	143	1	NA	NA	NA	NA	NA
chr14	21679132	137	13	8.67	1.71939	NA	150	1	NA	NA	NA	NA	NA
chr14	21679141	138	22	13.75	1.71939	NA	160	1	NA	NA	NA	NA	NA
chr14	21679160	139	24	14.72	1.71939	NA	163	1	NA	NA	NA	NA	NA
chr14	21679176	137	21	13.29	1.71939	NA	158	1	NA	NA	NA	NA	NA
chr14	21679183	150	21	12.28	1.71939	NA	171	1	NA	NA	NA	NA	NA
chr14	21679192	141	19	11.88	1.71939	NA	160	1	NA	NA	NA	NA	NA
chr14	21679197	143	20	12.27	1.71939	NA	163	1	NA	NA	NA	NA	NA
chr14	21679212	138	17	10.97	1.71939	NA	155	1	NA	NA	NA	NA	NA
chr14	24899974	30	3	9.09	1.71939	NA	33	1	NA	NA	NA	NA	NA
chr14	61439187	43	5	10.42	1.71939	NA	48	1	NA	NA	NA	NA	NA
chr14	70924450	116	11	8.66	1.71939	NA	127	1	NA	NA	NA	NA	NA
chr15	23261850	71	8	10.13	1.69596	NA	79	1	NA	NA	NA	NA	NA
chr15	30904655	32	5	13.51	1.69596	NA	37	1	NA	NA	NA	NA	NA
chr15	30904737	64	8	11.11	1.69596	NA	72	1	NA	NA	NA	NA	NA
chr15	38751094	38	14	26.92	1.69596	NA	52	1	NA	NA	NA	NA	NA
chr15	38751105	35	19	35.19	1.69596	NA	54	1	NA	NA	NA	NA	NA
chr15	38751107	36	17	32.08	1.69596	NA	53	1	NA	NA	NA	NA	NA
chr15	38751124	36	22	37.93	1.69596	NA	58	1	NA	NA	NA	NA	NA
chr15	45366615	68	18	20.93	1.69596	NA	86	1	NA	NA	NA	NA	NA
chr15	45366622	71	16	18.39	1.69596	NA	87	1	NA	NA	NA	NA	NA
chr15	78208916	56	6	9.68	1.69596	NA	62	1	NA	NA	NA	NA	NA
chr15	84909248	28	3	9.68	1.69596	NA	31	1	NA	NA	NA	NA	NA
chr15	93569269	51	6	10.53	1.69596	NA	57	1	NA	NA	NA	NA	NA
chr15	100332807	50	6	10.71	1.69596	NA	56	1	NA	NA	NA	NA	NA
chr16	67058	154	31	16.76	1.63558	NA	185	1	NA	NA	NA	NA	NA
chr16	67089	130	25	16.13	1.63558	NA	155	1	NA	NA	NA	NA	NA
chr16	848316	31	5	13.89	1.63558	NA	36	1	NA	NA	NA	NA	NA
chr16	29395442	42	11	20.75	1.63558	NA	53	1	NA	NA	NA	NA	NA
chr16	33366864	64	20	23.81	1.63558	NA	84	1	NA	NA	NA	NA	NA
chr16	33366876	56	15	21.13	1.63558	NA	71	1	NA	NA	NA	NA	NA
chr16	33961672	3	26	89.66	1.63558	NA	29	0	NA	NA	NA	NA	NA
chr16	71098811	31	13	29.55	1.63558	NA	44	1	NA	NA	NA	NA	NA
chr16	90235772	120	9	6.98	1.63558	NA	129	1	NA	NA	NA	NA	NA
chr16	90235773	120	8	6.25	1.63558	NA	128	1	NA	NA	NA	NA	NA
chr16	90235838	125	21	14.38	1.63558	NA	146	1	NA	NA	NA	NA	NA
chr17	417714	160	14	8.05	1.51498	NA	174	1	NA	NA	NA	NA	NA
chr17	417718	159	18	10.17	1.51498	NA	177	1	NA	NA	NA	NA	NA
chr17	1580881	17	3	15	1.51498	NA	20	0	NA	NA	NA	NA	NA
chr17	2222193	46	32	41.03	1.51498	NA	78	1	NA	NA	NA	NA	NA
chr17	4862681	23	7	23.33	1.51498	NA	30	1	NA	NA	NA	NA	NA
chr17	20768550	179	27	13.11	1.51498	NA	206	1	NA	NA	NA	NA	NA
chr17	21562303	82	8	8.89	1.51498	NA	90	1	NA	NA	NA	NA	NA
chr17	21562345	38	11	22.45	1.51498	NA	49	1	NA	NA	NA	NA	NA
chr17	25748640	82	5	5.75	1.51498	NA	87	1	NA	NA	NA	NA	NA
chr17	34499147	91	20	18.02	1.51498	NA	111	1	NA	NA	NA	NA	NA
chr17	34499801	181	25	12.14	1.51498	NA	206	1	NA	NA	NA	NA	NA
chr17	36204722	17	7	29.17	1.51498	NA	24	0	NA	NA	NA	NA	NA
chr17	36204730	16	7	30.43	1.51498	NA	23	0	NA	NA	NA	NA	NA
chr17	36204734	16	6	27.27	1.51498	NA	22	0	NA	NA	NA	NA	NA
chr17	36204735	16	7	30.43	1.51498	NA	23	0	NA	NA	NA	NA	NA
chr17	36204742	18	7	28	1.51498	NA	25	0	NA	NA	NA	NA	NA
chr17	38183023	34	6	15	1.83846	2	40	1	3	1.06557640230890e-09	7.77341494156192e-05	0.916876480476153	0.0830457883088552
chr17	39324348	57	5	8.06	1.83846	2	62	1	4	1.00000003855131e-09	1.0017550945354e-09	0.00566330412154516	0.9943366978767
chr17	39324349	61	5	7.58	1.83846	2	66	1	4	1.00000000985661e-09	1.0002575239259e-09	0.0027466165872096	0.997253385412533
chr17	39406676	165	14	7.82	1.83846	2	179	1	4	1.00000001960437e-09	1.00068170959087e-09	0.00396551954581951	0.996034482453499
chr17	39406679	172	14	7.53	1.83846	2	186	1	4	1.00000000852841e-09	1.00020948501435e-09	0.00254068954885368	0.997459312450937
chr17	39406685	168	15	8.2	1.83846	2	183	1	4	1.00000005690722e-09	1.00300988987659e-09	0.00693818570957747	0.993061816287413
chr17	39406737	164	22	11.83	1.83846	2	186	1	4	1.00037264896217e-09	2.33630856482237e-07	0.36632948917367	0.633670280195101
chr17	45214468	177	14	7.33	1.83846	2	191	1	4	1.0000000047546e-09	1.00009053224165e-09	0.0018508091577913	0.998149192842118
chr17	45214564	746	69	8.47	1.83846	2	815	1	4	1.0000001193856e-09	1.00831235142231e-09	0.0101637418727887	0.989836260118899
chr17	45214606	476	46	8.81	1.83846	2	522	1	4	1.00000029798352e-09	1.0285971546066e-09	0.0161472481599861	0.983852753811417
chr17	45221317	41	122	74.85	1.83846	2	163	1	1	1.000000001	1e-09	1e-09	1e-09
chr17	45221318	29	137	82.53	1.83846	2	166	1	0	NA	NA	NA	NA
chr17	45229200	39	57	59.38	1.83846	2	96	1	1	1.00000000099994	1.00006413455094e-09	1e-09	1e-09
chr17	45229207	44	67	60.36	1.83846	2	111	1	1	1.00000000099999	1.00000906446048e-09	1e-09	1e-09
chr17	45229209	44	69	61.06	1.83846	2	113	1	1	1.000000001	1.00000215979975e-09	1e-09	1e-09
chr17	45229221	48	77	61.6	1.83846	2	125	1	1	1.000000001	1.00000069899405e-09	1e-09	1e-09
chr17	45229228	49	78	61.42	1.83846	2	127	1	1	1.000000001	1.00000102025973e-09	1e-09	1e-09
chr17	45229234	51	76	59.84	1.83846	2	127	1	1	1.00000000099997	1.0000257880846e-09	1e-09	1e-09
chr17	45229240	57	74	56.49	1.83846	2	131	1	1	1.00000000098519	1.01481264108547e-09	1.00000000000011e-09	1e-09
chr17	45229253	57	61	51.69	1.83846	2	118	1	1	0.999999953603691	4.83963093461077e-08	1.00000000985786e-09	1e-09
chr17	45229254	57	61	51.69	1.83846	2	118	1	1	0.999999953603691	4.83963093461077e-08	1.00000000985786e-09	1e-09
chr17	45229261	53	60	53.1	1.83846	2	113	1	1	0.999999996027488	5.97251195204913e-09	1.00000000039035e-09	1e-09
chr17	45232068	67	14	17.28	1.83846	2	81	1	3	2.58295567646744e-09	0.00168401487050446	0.98364243700406	0.0146735495424799
chr17	45232102	72	15	17.24	1.83846	2	87	1	3	2.49754246049338e-09	0.00160154317470241	0.983285566020315	0.0151128923074406
chr17	45232109	71	15	17.44	1.83846	2	86	1	3	2.97619995208599e-09	0.0020563489761691	0.984898232894631	0.0130454191529997
chr17	45232113	67	14	17.28	1.83846	2	81	1	3	2.58295567646744e-09	0.00168401487050446	0.98364243700406	0.0146735495424799
chr17	45232119	64	17	20.99	1.83846	2	81	1	3	2.60030720167818e-07	0.109095364575427	0.889869522316215	0.00103485707763764
chr17	46699588	42	16	27.59	1.83846	2	58	1	2	6.87181982561229e-05	0.986273709076095	0.0136572133117377	3.63413911405393e-07
chr17	74566610	29	16	35.56	1.83846	2	45	1	2	0.0399921558076645	0.959988010812991	1.98363677090996e-05	1.01163559756747e-09
chr17	74566647	45	18	28.57	1.83846	2	63	1	2	0.000133856938173391	0.994014176926538	0.00585187530332291	9.48319654959991e-08
chr17	75212361	141	16	10.19	1.83846	2	157	1	4	1.00000990661906e-09	3.71797539784444e-09	0.0860366358960608	0.913963363385954
chr17	79094407	29	11	27.5	1.83846	2	40	1	2	6.47322581381378e-05	0.985163962068854	0.014770897895181	4.11777826987802e-07
chr17	80047202	33	3	8.33	1.83846	2	36	1	4	1.00000008143536e-09	1.00492808887472e-09	0.00835159528555187	0.99164840670952
chr18	47349541	119	35	22.73	2.14548	2	154	1	3	2.03850889126382e-06	0.427266231865653	0.572504364742866	0.000227368882589608
chr18	47349559	149	34	18.58	2.14548	2	183	1	3	1.0612373668192e-08	0.00813080756344392	0.986127234164118	0.00574195166006473
chr18	47349568	152	34	18.28	2.14548	2	186	1	3	7.33845586996604e-09	0.00570838055060618	0.987184897955892	0.00710671815504552
chr18	47364009	101	6	5.61	2.14548	2	107	1	4	1.00000000002039e-09	1.00000002335574e-09	8.12186970170611e-05	0.999918783302983
chr19	8992971	41	15	26.79	1.50254	NA	56	1	NA	NA	NA	NA	NA
chr19	8992972	41	14	25.45	1.50254	NA	55	1	NA	NA	NA	NA	NA
chr19	8992980	44	13	22.81	1.50254	NA	57	1	NA	NA	NA	NA	NA
chr19	8992988	45	11	19.64	1.50254	NA	56	1	NA	NA	NA	NA	NA
chr19	8999409	110	10	8.33	1.50254	NA	120	1	NA	NA	NA	NA	NA
chr19	8999411	117	10	7.87	1.50254	NA	127	1	NA	NA	NA	NA	NA
chr19	9021069	41	19	31.67	1.50254	NA	60	1	NA	NA	NA	NA	NA
chr19	9021075	34	26	43.33	1.50254	NA	60	1	NA	NA	NA	NA	NA
chr19	9025584	44	17	27.87	1.50254	NA	61	1	NA	NA	NA	NA	NA
chr19	9025604	45	14	23.73	1.50254	NA	59	1	NA	NA	NA	NA	NA
chr19	33490650	16	5	23.81	1.50254	NA	21	0	NA	NA	NA	NA	NA
chr19	36357477	53	7	11.67	1.50254	NA	60	1	NA	NA	NA	NA	NA
chr19	55175058	40	10	20	1.50254	NA	50	1	NA	NA	NA	NA	NA
chr19	55175063	41	8	16.33	1.50254	NA	49	1	NA	NA	NA	NA	NA
chr19	55175082	41	9	18	1.50254	NA	50	1	NA	NA	NA	NA	NA
chr19	55263864	24	9	27.27	1.50254	NA	33	1	NA	NA	NA	NA	NA
chr2	905497	203	20	8.97	1.7417	NA	223	1	NA	NA	NA	NA	NA
chr2	89082422	88	17	16.19	1.7417	NA	105	1	NA	NA	NA	NA	NA
chr2	89082471	49	13	20.97	1.7417	NA	62	1	NA	NA	NA	NA	NA
chr2	95495763	72	8	10	1.7417	NA	80	1	NA	NA	NA	NA	NA
chr2	95495830	74	15	16.85	1.7417	NA	89	1	NA	NA	NA	NA	NA
chr2	95495867	77	12	13.48	1.7417	NA	89	1	NA	NA	NA	NA	NA
chr2	95495911	76	9	10.59	1.7417	NA	85	1	NA	NA	NA	NA	NA
chr2	95511402	50	9	15.25	1.7417	NA	59	1	NA	NA	NA	NA	NA
chr2	95512154	25	14	35.9	1.7417	NA	39	1	NA	NA	NA	NA	NA
chr2	95513854	135	31	18.67	1.7417	NA	166	1	NA	NA	NA	NA	NA
chr2	95514020	83	16	16.16	1.7417	NA	99	1	NA	NA	NA	NA	NA
chr2	95514938	87	32	26.89	1.7417	NA	119	1	NA	NA	NA	NA	NA
chr2	95514946	103	28	21.37	1.7417	NA	131	1	NA	NA	NA	NA	NA
chr2	95514995	115	17	12.88	1.7417	NA	132	1	NA	NA	NA	NA	NA
chr2	95515107	81	12	12.9	1.7417	NA	93	1	NA	NA	NA	NA	NA
chr2	95541398	34	6	15	1.7417	NA	40	1	NA	NA	NA	NA	NA
chr2	95541414	34	6	15	1.7417	NA	40	1	NA	NA	NA	NA	NA
chr2	95541427	31	7	18.42	1.7417	NA	38	1	NA	NA	NA	NA	NA
chr2	95541428	29	7	19.44	1.7417	NA	36	1	NA	NA	NA	NA	NA
chr2	95541442	25	7	21.88	1.7417	NA	32	1	NA	NA	NA	NA	NA
chr2	95541447	24	6	20	1.7417	NA	30	1	NA	NA	NA	NA	NA
chr2	96517636	339	27	7.38	1.7417	NA	366	1	NA	NA	NA	NA	NA
chr2	96592982	102	19	15.7	1.7417	NA	121	1	NA	NA	NA	NA	NA
chr2	96594840	82	11	11.83	1.7417	NA	93	1	NA	NA	NA	NA	NA
chr2	96594858	99	10	9.17	1.7417	NA	109	1	NA	NA	NA	NA	NA
chr2	96594883	106	14	11.67	1.7417	NA	120	1	NA	NA	NA	NA	NA
chr2	96594924	100	13	11.5	1.7417	NA	113	1	NA	NA	NA	NA	NA
chr2	96601489	47	13	21.67	1.7417	NA	60	1	NA	NA	NA	NA	NA
chr2	96601491	44	13	22.81	1.7417	NA	57	1	NA	NA	NA	NA	NA
chr2	114356198	45	9	16.67	1.73688	NA	54	1	NA	NA	NA	NA	NA
chr2	130832873	100	10	9.09	1.73688	NA	110	1	NA	NA	NA	NA	NA
chr2	132044797	177	34	16.11	1.73688	NA	211	1	NA	NA	NA	NA	NA
chr2	132905682	109	22	16.79	1.73688	NA	131	1	NA	NA	NA	NA	NA
chr2	132905693	109	25	18.66	1.73688	NA	134	1	NA	NA	NA	NA	NA
chr2	133015068	39	10	20.41	1.73688	NA	49	1	NA	NA	NA	NA	NA
chr2	170012780	15	17	53.12	1.73688	NA	32	1	NA	NA	NA	NA	NA
chr2	179444854	60	8	11.76	1.73688	NA	68	1	NA	NA	NA	NA	NA
chr2	204055943	140	26	15.66	1.73688	NA	166	1	NA	NA	NA	NA	NA
chr2	212286797	47	11	18.97	1.73688	NA	58	1	NA	NA	NA	NA	NA
chr2	239007234	22	7	24.14	1.73688	NA	29	0	NA	NA	NA	NA	NA
chr2	240985012	50	4	7.41	1.73688	NA	54	1	NA	NA	NA	NA	NA
chr20	25753810	44	6	12	1.65726	NA	50	1	NA	NA	NA	NA	NA
chr20	25754055	40	14	25.93	1.65726	NA	54	1	NA	NA	NA	NA	NA
chr20	25754056	39	12	23.53	1.65726	NA	51	1	NA	NA	NA	NA	NA
chr20	26094525	373	26	6.52	1.65726	NA	399	1	NA	NA	NA	NA	NA
chr20	29611989	23	11	32.35	1.65726	NA	34	1	NA	NA	NA	NA	NA
chr20	29623214	261	31	10.62	1.65726	NA	292	1	NA	NA	NA	NA	NA
chr20	29625946	284	29	9.27	1.65726	NA	313	1	NA	NA	NA	NA	NA
chr20	29625950	270	27	9.09	1.65726	NA	297	1	NA	NA	NA	NA	NA
chr20	29628237	301	24	7.38	1.65726	NA	325	1	NA	NA	NA	NA	NA
chr20	29631704	35	16	31.37	1.65726	NA	51	1	NA	NA	NA	NA	NA
chr20	29631715	45	9	16.67	1.65726	NA	54	1	NA	NA	NA	NA	NA
chr20	29632751	416	58	12.24	1.65726	NA	474	1	NA	NA	NA	NA	NA
chr20	29632792	239	30	11.15	1.65726	NA	269	1	NA	NA	NA	NA	NA
chr20	29633861	154	28	15.38	1.65726	NA	182	1	NA	NA	NA	NA	NA
chr20	29633916	127	148	53.82	1.65726	NA	275	1	NA	NA	NA	NA	NA
chr20	29633987	332	38	10.27	1.65726	NA	370	1	NA	NA	NA	NA	NA
chr20	34090522	45	7	13.46	1.65726	NA	52	1	NA	NA	NA	NA	NA
chr21	9750253	19	5	20.83	1.64981	NA	24	0	NA	NA	NA	NA	NA
chr21	9910525	111	21	15.91	1.64981	NA	132	1	NA	NA	NA	NA	NA
chr21	9910541	107	21	16.41	1.64981	NA	128	1	NA	NA	NA	NA	NA
chr21	9910558	97	14	12.61	1.64981	NA	111	1	NA	NA	NA	NA	NA
chr21	9910615	62	5	7.46	1.64981	NA	67	1	NA	NA	NA	NA	NA
chr21	9910616	59	5	7.81	1.64981	NA	64	1	NA	NA	NA	NA	NA
chr21	9927289	24	8	25	1.64981	NA	32	1	NA	NA	NA	NA	NA
chr21	9967964	177	31	14.9	1.64981	NA	208	1	NA	NA	NA	NA	NA
chr21	11039072	458	52	10.2	1.64981	NA	510	1	NA	NA	NA	NA	NA
chr21	11057869	573	75	11.57	1.64981	NA	648	1	NA	NA	NA	NA	NA
chr21	15216378	125	13	9.42	1.64981	NA	138	1	NA	NA	NA	NA	NA
chr21	15216381	129	13	9.15	1.64981	NA	142	1	NA	NA	NA	NA	NA
chr21	15329614	97	18	15.65	1.64981	NA	115	1	NA	NA	NA	NA	NA
chr21	15329615	97	19	16.38	1.64981	NA	116	1	NA	NA	NA	NA	NA
chr21	15343502	210	17	7.49	1.64981	NA	227	1	NA	NA	NA	NA	NA
chr22	18769179	59	6	9.23	1.61239	NA	65	1	NA	NA	NA	NA	NA
chr22	19246247	53	4	7.02	1.61239	NA	57	1	NA	NA	NA	NA	NA
chr22	19246262	53	5	8.62	1.61239	NA	58	1	NA	NA	NA	NA	NA
chr22	19246267	49	5	9.26	1.61239	NA	54	1	NA	NA	NA	NA	NA
chr22	22661378	47	14	22.95	1.61239	NA	61	1	NA	NA	NA	NA	NA
chr22	22982363	56	9	13.85	1.61239	NA	65	1	NA	NA	NA	NA	NA
chr22	22985653	192	25	11.52	1.61239	NA	217	1	NA	NA	NA	NA	NA
chr22	23659749	53	7	11.67	1.61239	NA	60	1	NA	NA	NA	NA	NA
chr22	23982904	37	8	17.78	1.61239	NA	45	1	NA	NA	NA	NA	NA
chr22	23982929	30	10	25	1.61239	NA	40	1	NA	NA	NA	NA	NA
chr22	23982932	29	9	23.68	1.61239	NA	38	1	NA	NA	NA	NA	NA
chr22	23982933	29	10	25.64	1.61239	NA	39	1	NA	NA	NA	NA	NA
chr22	23982957	27	10	27.03	1.61239	NA	37	1	NA	NA	NA	NA	NA
chr22	23982978	19	7	26.92	1.61239	NA	26	0	NA	NA	NA	NA	NA
chr22	25024136	67	6	8.22	1.61239	NA	73	1	NA	NA	NA	NA	NA
chr22	25044072	112	9	7.44	1.61239	NA	121	1	NA	NA	NA	NA	NA
chr22	38087504	16	6	27.27	1.61239	NA	22	0	NA	NA	NA	NA	NA
chr22	51117766	32	5	13.51	1.61239	NA	37	1	NA	NA	NA	NA	NA
chr3	45800393	27	3	10	1.59837	NA	30	1	NA	NA	NA	NA	NA
chr3	47049886	46	3	6.12	1.59837	NA	49	1	NA	NA	NA	NA	NA
chr3	49724011	75	8	9.64	1.59837	NA	83	1	NA	NA	NA	NA	NA
chr3	49724014	65	10	13.33	1.59837	NA	75	1	NA	NA	NA	NA	NA
chr3	75406018	137	8	5.52	1.59837	NA	145	1	NA	NA	NA	NA	NA
chr3	75406025	138	9	6.12	1.59837	NA	147	1	NA	NA	NA	NA	NA
chr3	75715340	143	158	52.49	1.59837	NA	301	1	NA	NA	NA	NA	NA
chr3	75787829	195	38	16.31	1.59837	NA	233	1	NA	NA	NA	NA	NA
chr3	75790809	61	9	12.86	1.59837	NA	70	1	NA	NA	NA	NA	NA
chr3	75790824	82	5	5.75	1.59837	NA	87	1	NA	NA	NA	NA	NA
chr3	182896406	91	7	7.14	2.00625	2	98	1	4	1.00000000270698e-09	1.00003998626892e-09	0.00135915780978214	0.998640844190178
chr3	184059467	60	8	11.76	2.00625	2	68	1	4	1.00032400978362e-09	1.97849623107544e-07	0.34962384912666	0.650375956023393
chr3	184063373	58	7	10.77	2.00625	2	65	1	4	1.00003863416462e-09	1.5856710393914e-08	0.155411264427057	0.844588722716194
chr3	184063401	63	5	7.35	2.00625	2	68	1	4	1.00000000504265e-09	1.00009854987418e-09	0.00191109447132484	0.998088907528577
chr3	195412864	43	15	25.86	2.00625	2	58	1	2	2.24239681836488e-05	0.938190232616753	0.061783230639058	4.11677600560981e-06
chr3	195505763	65	11	14.47	2.00625	2	76	1	3	1.03058101842908e-09	3.49648768670899e-05	0.875304467211326	0.124660570881226
chr3	195505842	92	9	8.91	2.00625	2	101	1	4	1.00000038848213e-09	1.04076416932318e-09	0.0184335799338496	0.981566422025386
chr3	195507673	204	18	8.11	2.00625	2	222	1	4	1.00000004432247e-09	1.00213011193029e-09	0.00609167528139771	0.993908326716472
chr3	195508230	406	26	6.02	2.00625	2	432	1	4	1.00000000008107e-09	1.00000020400481e-09	0.00018453781754441	0.999815464182455
chr3	195508231	414	28	6.33	2.00625	2	442	1	4	1.00000000022182e-09	1.00000095913844e-09	0.000331546613207319	0.999668455386792
chr3	195508238	393	26	6.21	2.00625	2	419	1	4	1.00000000015078e-09	1.00000053140489e-09	0.000265143699365322	0.999734858300634
chr3	195509879	328	21	6.02	2.00625	2	349	1	4	1.00000000008107e-09	1.00000020400481e-09	0.00018453781754441	0.999815464182455
chr3	195511273	743	44	5.59	2.00625	2	787	1	4	1.00000000001903e-09	1.00000002093283e-09	7.79183890565316e-05	0.999922083610943
chr3	195512631	641	51	7.37	2.00625	2	692	1	4	1.00000000534769e-09	1.00010725430775e-09	0.00197317829285596	0.998026823707037
chr3	195690216	104	16	13.33	2.00625	2	120	1	3	1.00539988750478e-09	5.2188487573062e-06	0.715953052629505	0.284041731516338
chr3	195690233	102	12	10.53	2.00625	2	114	1	4	1.0000222022492e-09	8.47441241253686e-09	0.12281447854953	0.877185515976035
chr3	195690251	95	16	14.41	2.00625	2	111	1	3	1.02801619500595e-09	3.18503466730305e-05	0.869505784860472	0.130462367764838
chr4	248499	158	20	11.24	1.70799	NA	178	1	NA	NA	NA	NA	NA
chr4	4190576	54	15	21.74	1.70799	NA	69	1	NA	NA	NA	NA	NA
chr4	4190577	56	14	20	1.70799	NA	70	1	NA	NA	NA	NA	NA
chr4	47428240	59	11	15.71	1.70799	NA	70	1	NA	NA	NA	NA	NA
chr4	49163852	92	10	9.8	1.70799	NA	102	1	NA	NA	NA	NA	NA
chr4	49241300	122	11	8.27	1.70799	NA	133	1	NA	NA	NA	NA	NA
chr4	49241302	123	11	8.21	1.70799	NA	134	1	NA	NA	NA	NA	NA
chr4	49241312	122	11	8.27	1.70799	NA	133	1	NA	NA	NA	NA	NA
chr4	49241330	125	11	8.09	1.70799	NA	136	1	NA	NA	NA	NA	NA
chr4	49244875	112	20	15.15	1.70799	NA	132	1	NA	NA	NA	NA	NA
chr4	80990562	73	12	14.12	1.70799	NA	85	1	NA	NA	NA	NA	NA
chr4	88534010	71	7	8.97	1.70799	NA	78	1	NA	NA	NA	NA	NA
chr4	190878563	173	19	9.9	1.70799	NA	192	1	NA	NA	NA	NA	NA
chr4	190878654	172	60	25.86	1.70799	NA	232	1	NA	NA	NA	NA	NA
chr5	663252	75	20	21.05	1.94194	2	95	1	3	2.81163576461865e-07	0.115488335119362	0.883522402439135	0.00098898527792609
chr5	663272	88	7	7.37	1.94194	2	95	1	4	1.00000000534769e-09	1.00010725430775e-09	0.00197317829285596	0.998026823707037
chr5	663275	85	7	7.61	1.94194	2	92	1	4	1.00000001074818e-09	1.00029130606297e-09	0.0028774135934354	0.997122588406273
chr5	663280	90	5	5.26	1.94194	2	95	1	4	1.00000000000597e-09	1.00000000324882e-09	3.84707614991824e-05	0.999961531238501
chr5	840644	46	6	11.54	1.94194	2	52	1	4	1.00020682398819e-09	1.1588436135337e-07	0.299072168582481	0.700927718532951
chr5	70074142	102	22	17.74	1.72345	NA	124	1	NA	NA	NA	NA	NA
chr5	140263779	26	7	21.21	1.72345	NA	33	1	NA	NA	NA	NA	NA
chr5	140581356	42	4	8.7	1.72345	NA	46	1	NA	NA	NA	NA	NA
chr5	140616902	30	9	23.08	1.72345	NA	39	1	NA	NA	NA	NA	NA
chr6	29855849	21	8	27.59	2.00319	2	29	0	NA	NA	NA	NA	NA
chr6	70877995	68	9	11.69	2.00319	2	77	1	4	1.00028131431471e-09	1.67224092498749e-07	0.333193061088898	0.666806774686728
chr6	126314984	45	13	22.41	2.00319	2	58	1	3	1.45420496631305e-06	0.350364806686362	0.649321061016235	0.000312682092436631
chr6	158353299	59	10	14.49	2.00319	2	69	1	3	1.03148507584573e-09	3.6064306746587e-05	0.877183077561945	0.122780861099823
chr6	166574258	27	7	20.59	2.00319	2	34	1	3	1.53371528759667e-07	0.0736930555880883	0.924916310557546	0.00139048448283646
chr7	36340237	45	11	19.64	1.74739	NA	56	1	NA	NA	NA	NA	NA
chr7	47467957	42	10	19.23	1.74739	NA	52	1	NA	NA	NA	NA	NA
chr7	57710155	138	10	6.76	1.74739	NA	148	1	NA	NA	NA	NA	NA
chr7	57888090	102	10	8.93	1.74739	NA	112	1	NA	NA	NA	NA	NA
chr7	63204605	85	8	8.6	1.74739	NA	93	1	NA	NA	NA	NA	NA
chr7	63204608	81	9	10	1.74739	NA	90	1	NA	NA	NA	NA	NA
chr7	63204646	65	9	12.16	1.74739	NA	74	1	NA	NA	NA	NA	NA
chr7	63204652	58	10	14.71	1.74739	NA	68	1	NA	NA	NA	NA	NA
chr7	63204667	53	8	13.11	1.74739	NA	61	1	NA	NA	NA	NA	NA
chr7	63204668	51	9	15	1.74739	NA	60	1	NA	NA	NA	NA	NA
chr7	63204681	43	11	20.37	1.74739	NA	54	1	NA	NA	NA	NA	NA
chr7	63213663	61	20	24.69	1.74739	NA	81	1	NA	NA	NA	NA	NA
chr7	63219065	64	6	8.57	1.74739	NA	70	1	NA	NA	NA	NA	NA
chr7	63219234	42	10	19.23	1.74739	NA	52	1	NA	NA	NA	NA	NA
chr7	65304809	56	15	21.13	1.74739	NA	71	1	NA	NA	NA	NA	NA
chr7	65304820	57	13	18.57	1.74739	NA	70	1	NA	NA	NA	NA	NA
chr7	65304841	61	13	17.57	1.74739	NA	74	1	NA	NA	NA	NA	NA
chr7	65304849	61	11	15.28	1.74739	NA	72	1	NA	NA	NA	NA	NA
chr7	65304850	61	11	15.28	1.74739	NA	72	1	NA	NA	NA	NA	NA
chr7	65304857	57	11	16.18	1.74739	NA	68	1	NA	NA	NA	NA	NA
chr7	65306510	76	6	7.32	1.74739	NA	82	1	NA	NA	NA	NA	NA
chr7	102294258	84	6	6.67	1.74739	NA	90	1	NA	NA	NA	NA	NA
chr7	102782077	136	27	16.56	1.74739	NA	163	1	NA	NA	NA	NA	NA
chr7	102782079	135	26	16.15	1.74739	NA	161	1	NA	NA	NA	NA	NA
chr7	102782080	134	27	16.77	1.74739	NA	161	1	NA	NA	NA	NA	NA
chr7	102782082	134	26	16.25	1.74739	NA	160	1	NA	NA	NA	NA	NA
chr7	117188797	64	13	16.88	1.74739	NA	77	1	NA	NA	NA	NA	NA
chr7	142460669	19	7	26.92	1.6949	NA	26	0	NA	NA	NA	NA	NA
chr7	142460671	18	7	28	1.6949	NA	25	0	NA	NA	NA	NA	NA
chr8	255315	105	6	5.41	1.33848	NA	111	1	NA	NA	NA	NA	NA
chr8	7877676	358	20	5.29	1.33848	NA	378	1	NA	NA	NA	NA	NA
chr8	7878345	18	4	18.18	1.33848	NA	22	0	NA	NA	NA	NA	NA
chr8	52731557	108	12	10	1.90607	2	120	1	4	1.00000624446677e-09	2.51498069044771e-09	0.0697757114796032	0.93022428900541
chr8	52731561	105	12	10.26	1.90607	2	117	1	4	1.00001172091687e-09	4.35945932917982e-09	0.0927666425673367	0.907233356073192
chr8	52732764	80	9	10.11	1.90607	2	89	1	4	1.00000816429319e-09	3.1285660759581e-09	0.0788429150969931	0.921157084774433
chr8	86567975	549	53	8.8	2.15696	2	602	1	4	1.0000002901571e-09	1.02759510944281e-09	0.015933348348619	0.984066653623786
chr8	86569794	70	5	6.67	2.15696	2	75	1	4	1.00000000064747e-09	1.00000483473002e-09	0.000611421461593901	0.999388580538401
chr8	139925968	38	20	34.48	1.41775	NA	58	1	NA	NA	NA	NA	NA
chr8	144342202	124	17	12.06	1.41775	NA	141	1	NA	NA	NA	NA	NA
chr9	13092	141	19	11.88	1.79577	2	160	1	4	1.00041143763134e-09	2.62771091038733e-07	0.378409480980569	0.621590259247928
chr9	33798655	60	13	17.81	1.79577	2	73	1	3	4.30156201651519e-09	0.0032423133372822	0.986794770246989	0.00996291611416726
chr9	33798673	51	9	15	1.79577	2	60	1	3	1.06557640230890e-09	7.77341494156192e-05	0.916876480476153	0.0830457883088552
chr9	33798703	37	5	11.9	1.79577	2	42	1	4	1.00042797292706e-09	2.75343241370851e-07	0.383272138774803	0.616727588881528
chr9	38543655	79	15	15.96	1.79577	2	94	1	3	1.25306864598924e-09	0.000301164690943691	0.960073378944278	0.0396254591117097
chr9	38543665	88	17	16.19	1.79577	2	105	1	3	1.34864731162799e-09	0.000410725691880519	0.966351576993484	0.0332376999659887
chr9	38543671	90	17	15.89	1.79577	2	107	1	3	1.22951987455578e-09	0.000273758423201413	0.957915707541701	0.0418105368055776
chr9	38543676	86	18	17.31	1.79577	2	104	1	3	2.65019821010202e-09	0.00174851668483071	0.983898665674969	0.014352818990002
chr9	38543685	83	16	16.16	1.79577	2	99	1	3	1.33439039415437e-09	0.000394543198268552	0.9655986981595	0.0340067613078414
chr9	44076933	156	9	5.45	1.79577	2	165	1	4	1.0000000000117e-09	1.00000000962212e-09	5.80465291542145e-05	0.999941955470846
chr9	44076938	149	14	8.59	1.79577	2	163	1	4	1.0000001652553e-09	1.01292618461744e-09	0.0119946320025965	0.988005369984477
chr9	44076967	176	15	7.85	1.79577	2	191	1	4	1.0000000213466e-09	1.00076839408952e-09	0.00414859188979472	0.995851410109437
chr9	44076969	170	18	9.57	1.79577	2	188	1	4	1.00000214152258e-09	1.38390746336653e-09	0.0423273100678265	0.957672691548264
chr9	45727981	190	15	7.32	1.79577	2	205	1	4	1.00000000461664e-09	1.00008676437075e-09	0.00182132604601861	0.998178675953895
chr9	45728002	221	17	7.14	1.79577	2	238	1	4	1.00000000270698e-09	1.00003998626892e-09	0.00135915780978214	0.998640844190178
chr9	45728020	217	19	8.05	1.79577	2	236	1	4	1.00000003748847e-09	1.00168818753572e-09	0.005581011848339	0.994418990149973
chr9	66502319	161	27	14.36	1.79577	2	188	1	3	1.02603792680144e-09	2.94535420146024e-05	0.864482634322165	0.135487915109782
chr9	66502327	155	18	10.4	1.79577	2	173	1	4	1.00001635617997e-09	6.1036254603846e-09	0.107509910257138	0.89249008663922
chr9	67938749	85	31	26.72	1.79577	2	116	1	2	3.8897912424126e-05	0.970757085364779	0.0292027950506618	1.22567213463346e-06
chr9	67957835	58	10	14.71	1.79577	2	68	1	3	1.04329474135549e-09	5.04750970629878e-05	0.896152407073386	0.103797120786256
chr9	67957841	63	12	16	1.79577	2	75	1	3	1.26758486848254e-09	0.000317973548749242	0.961252185448224	0.038429843735442
chr9	68430215	818	48	5.54	1.79577	2	866	1	4	1.00000000001601e-09	1.0000000158929e-09	7.01987113885942e-05	0.999929803288611
chr9	68430233	880	55	5.88	1.79577	2	935	1	4	1.00000000005094e-09	1.0000000989137e-09	0.000140298346205044	0.999859703653795
chr9	68430315	473	36	7.07	1.79577	2	509	1	4	1.00000000219506e-09	1.00002943882753e-09	0.00121061314024047	0.99878938885973
chr9	78804511	35	8	18.6	1.79577	2	43	1	3	1.08829444710895e-08	0.00832313414443782	0.986015628291891	0.00566123068072668
chr9	127117504	27	3	10	1.79577	2	30	1	4	1.00000624446677e-09	2.51498069044771e-09	0.0697757114796032	0.93022428900541
chr9	131013794	85	5	5.56	1.79577	2	90	1	4	1.00000000001715e-09	1.00000001774907e-09	7.31981578740221e-05	0.999926803842126
chr9	131013824	95	10	9.52	1.79577	2	105	1	4	1.00000188677578e-09	1.3258026901187e-09	0.0398493685222652	0.96015063315193
chr9	131013839	75	10	11.76	1.79577	2	85	1	4	1.00032400978362e-09	1.97849623107544e-07	0.34962384912666	0.650375956023393
chr9	131013841	80	10	11.11	1.79577	2	90	1	4	1.00008264729884e-09	3.87891050371777e-08	0.211663123671657	0.788336840539156
chr9	131025364	63	10	13.7	1.79577	2	73	1	3	1.00966371750632e-09	1.00046624804193e-05	0.779897904505589	0.220092093822267
chr9	135263604	85	19	18.27	1.79577	2	104	1	3	7.25108408087996e-09	0.00564091590740201	0.987201452681634	0.00715762815988046
chrX	1411012	71	9	11.25	1.95125	2	80	1	4	1.00011204233669e-09	5.57395213708585e-08	0.238236508941141	0.761763438319226
chrX	1411020	72	6	7.69	1.95125	2	78	1	4	1.00000001352779e-09	1.00040377151542e-09	0.00325465317662865	0.996745348822968
chrX	7812052	76	40	34.48	1.95125	2	116	1	2	0.0150820099840485	0.984871266281673	4.6726689799229e-05	1.04447888134691e-09
chrX	75649270	59	6	9.23	1.95125	2	65	1	4	1.00000089726461e-09	1.1234575087727e-09	0.0278423610075896	0.972157640868952
chrX	114239785	61	14	18.67	1.95125	2	75	1	3	1.18912869801237e-08	0.00903099986797904	0.985581170558917	0.00538782168181696
chrX	114426279	53	8	13.11	1.95125	2	61	1	3	1.00377555950426e-09	3.47889981667636e-06	0.672165192112289	0.327831331984118
chrX	140994010	229	13	5.37	1.95125	2	242	1	4	1.00000000000882e-09	1.00000000611874e-09	4.88984032404603e-05	0.99995110359676
chrX	140994017	246	16	6.11	1.95125	2	262	1	4	1.00000000010893e-09	1.00000032219111e-09	0.000219392614455382	0.999780609385544
chrX	140994018	249	16	6.04	1.95125	2	265	1	4	1.00000000008659e-09	1.00000022593669e-09	0.000191811394502277	0.999808190605497
chrX	140994031	255	27	9.57	1.95125	2	282	1	4	1.00000214152258e-09	1.38390746336653e-09	0.0423273100678265	0.957672691548264
chrX	140994096	282	30	9.62	1.95125	2	312	1	4	1.00000242957179e-09	1.45195161319047e-09	0.0449392141985383	0.955060787349507
chrX	140994115	252	18	6.67	1.95125	2	270	1	4	1.00000000064747e-09	1.00000483473002e-09	0.000611421461593901	0.999388580538401
chrX	140994122	261	16	5.78	1.95125	2	277	1	4	1.0000000000364e-09	1.00000005838862e-09	0.000114911600267675	0.999885090399732
chrX	155235508	55	9	14.06	1.95125	2	64	1	3	1.01669681302957e-09	1.82373429788778e-05	0.830445967938064	0.169535797702261
