chr	st	BC50T.ref	BC50T.var	BC50T.vaf	BC50T.cn	BC50T.cleancn	BC50T.depth	adequateDepth	cluster	cluster.prob
chr1	13118	63	5	7.35	1.93388	2	68	1	1	1.000000001
chr1	14752	146	8	5.19	1.93388	2	154	1	1	1.000000001
chr1	762546	60	4	6.25	1.93388	2	64	1	1	1.000000001
chr1	762668	81	4	4.71	1.93388	2	85	1	1	1.000000001
chr1	1572893	30	5	14.29	1.93388	2	35	1	1	1.000000001
chr1	5964717	40	3	6.98	1.93388	2	43	1	1	1.000000001
chr1	6285286	38	4	9.52	1.93388	2	42	1	1	1.000000001
chr1	11852293	59	4	6.35	1.93388	2	63	1	1	1.000000001
chr1	12854188	176	14	7.37	1.93388	2	190	1	1	1.000000001
chr1	13183110	147	8	5.16	1.93388	2	155	1	1	1.000000001
chr1	13183115	149	8	5.1	1.93388	2	157	1	1	1.000000001
chr1	13183966	41	11	21.15	1.93388	2	52	1	1	1.000000001
chr1	14035734	27	4	12.9	1.93388	2	31	1	1	1.000000001
chr1	14059395	14	6	30	1.93388	2	20	0	NA	NA
chr1	16534640	39	4	9.3	1.93388	2	43	1	1	1.000000001
chr1	16723208	30	4	11.76	1.93388	2	34	1	1	1.000000001
chr1	16891696	71	16	18.39	1.93388	2	87	1	1	1.000000001
chr1	16892565	107	8	6.96	1.93388	2	115	1	1	1.000000001
chr1	16894472	262	19	6.76	1.93388	2	281	1	1	1.000000001
chr1	16908027	207	33	13.75	1.93388	2	240	1	1	1.000000001
chr1	16913603	98	4	3.92	1.93388	2	102	1	1	1.000000001
chr1	16914176	164	15	8.38	1.93388	2	179	1	1	1.000000001
chr1	16914196	182	27	12.92	1.93388	2	209	1	1	1.000000001
chr1	16920970	30	6	16.67	1.93388	2	36	1	1	1.000000001
chr1	16974585	186	9	4.62	1.93388	2	195	1	1	1.000000001
chr1	17083101	22	7	24.14	1.93388	2	29	0	NA	NA
chr1	17199803	78	16	17.02	1.93388	2	94	1	1	1.000000001
chr1	17312529	19	4	17.39	1.93388	2	23	0	NA	NA
chr1	18958044	39	4	9.3	1.93388	2	43	1	1	1.000000001
chr1	19596154	65	3	4.41	1.93388	2	68	1	1	1.000000001
chr1	20009161	31	4	11.43	1.93388	2	35	1	1	1.000000001
chr1	20518212	70	6	7.89	1.93388	2	76	1	1	1.000000001
chr1	20977237	46	4	8	1.93388	2	50	1	1	1.000000001
chr1	26162049	54	4	6.9	1.93388	2	58	1	1	1.000000001
chr1	26504046	45	4	8.16	1.93388	2	49	1	1	1.000000001
chr1	26620787	62	4	6.06	1.93388	2	66	1	1	1.000000001
chr1	27190857	33	7	17.5	1.93388	2	40	1	1	1.000000001
chr1	27684921	21	4	16	1.93388	2	25	0	NA	NA
chr1	28477048	70	4	5.41	1.93388	2	74	1	1	1.000000001
chr1	29447284	52	4	7.14	1.93388	2	56	1	1	1.000000001
chr1	31345828	29	4	12.12	1.93388	2	33	1	1	1.000000001
chr1	31656685	55	3	5.17	1.93388	2	58	1	1	1.000000001
chr1	33291742	42	4	8.7	1.93388	2	46	1	1	1.000000001
chr1	33359578	39	4	9.3	1.93388	2	43	1	1	1.000000001
chr1	34003062	80	4	4.76	1.93388	2	84	1	1	1.000000001
chr1	36387268	74	4	5.13	1.93388	2	78	1	1	1.000000001
chr1	36645181	46	3	6.12	1.93388	2	49	1	1	1.000000001
chr1	40428594	104	4	3.7	1.93388	2	108	1	1	1.000000001
chr1	40997251	50	3	5.66	1.93388	2	53	1	1	1.000000001
chr1	43893690	45	4	8.16	1.93388	2	49	1	1	1.000000001
chr1	44057493	17	3	15	1.93388	2	20	0	NA	NA
chr1	53730035	81	6	6.9	1.93388	2	87	1	1	1.000000001
chr1	55517953	61	4	6.15	1.93388	2	65	1	1	1.000000001
chr1	64254671	119	19	13.77	1.93388	2	138	1	1	1.000000001
chr1	64254702	112	18	13.85	1.93388	2	130	1	1	1.000000001
chr1	64254712	112	17	13.18	1.93388	2	129	1	1	1.000000001
chr1	64254723	109	16	12.8	1.93388	2	125	1	1	1.000000001
chr1	64254734	109	14	11.38	1.93388	2	123	1	1	1.000000001
chr1	64254813	125	15	10.71	1.93388	2	140	1	1	1.000000001
chr1	64254821	65	15	18.75	1.93388	2	80	1	1	1.000000001
chr1	68627137	338	17	4.79	1.93388	2	355	1	1	1.000000001
chr1	68627192	312	17	5.17	1.93388	2	329	1	1	1.000000001
chr1	68628359	66	15	18.52	1.93388	2	81	1	1	1.000000001
chr1	68628401	113	18	13.74	1.93388	2	131	1	1	1.000000001
chr1	68628769	144	14	8.86	1.93388	2	158	1	1	1.000000001
chr1	68952584	46	4	8	1.93388	2	50	1	1	1.000000001
chr1	78432670	57	4	6.56	1.93388	2	61	1	1	1.000000001
chr1	84946597	50	4	7.41	1.93388	2	54	1	1	1.000000001
chr1	89448896	164	10	5.75	1.93388	2	174	1	1	1.000000001
chr1	89448913	163	12	6.86	1.93388	2	175	1	1	1.000000001
chr1	89448914	162	12	6.9	1.93388	2	174	1	1	1.000000001
chr1	89448924	173	7	3.89	1.93388	2	180	1	1	1.000000001
chr1	89448940	184	8	4.17	1.93388	2	192	1	1	1.000000001
chr1	89652087	51	12	19.05	1.93388	2	63	1	1	1.000000001
chr1	89652088	51	13	20.31	1.93388	2	64	1	1	1.000000001
chr1	89652090	52	13	20	1.93388	2	65	1	1	1.000000001
chr1	89652094	53	13	19.7	1.93388	2	66	1	1	1.000000001
chr1	89652097	56	13	18.84	1.93388	2	69	1	1	1.000000001
chr1	95360373	38	5	11.63	1.93388	2	43	1	1	1.000000001
chr1	111741400	26	4	13.33	1.93388	2	30	1	1	1.000000001
chr1	112042452	54	4	6.9	1.93388	2	58	1	1	1.000000001
chr1	142621003	144	19	11.66	1.93388	2	163	1	1	1.000000001
chr1	142722716	21	4	16	1.93388	2	25	0	NA	NA
chr1	142722717	20	4	16.67	1.93388	2	24	0	NA	NA
chr1	142805295	535	32	5.64	1.93388	2	567	1	1	1.000000001
chr1	142805397	479	25	4.96	1.93388	2	504	1	1	1.000000001
chr1	142816262	433	31	6.68	1.93388	2	464	1	1	1.000000001
chr1	142819579	128	6	4.48	1.93388	2	134	1	1	1.000000001
chr1	142822395	135	6	4.26	1.93388	2	141	1	1	1.000000001
chr1	143188506	39	5	11.36	1.93388	2	44	1	1	1.000000001
chr1	143209665	296	43	12.68	1.93388	2	339	1	1	1.000000001
chr1	143209669	304	42	12.14	1.93388	2	346	1	1	1.000000001
chr1	143209689	309	37	10.69	1.93388	2	346	1	1	1.000000001
chr1	143209711	291	40	12.08	1.93388	2	331	1	1	1.000000001
chr1	143209844	223	13	5.51	1.93388	2	236	1	1	1.000000001
chr1	143225791	78	25	24.27	1.93388	2	103	1	1	1.000000001
chr1	144619516	105	13	11.02	1.93388	2	118	1	1	1.000000001
chr1	144619544	108	10	8.47	1.93388	2	118	1	1	1.000000001
chr1	144619545	105	10	8.7	1.93388	2	115	1	1	1.000000001
chr1	144823738	57	3	5	1.93388	2	60	1	1	1.000000001
chr1	144828860	258	18	6.52	1.93388	2	276	1	1	1.000000001
chr1	145293069	402	40	9.05	1.93388	2	442	1	1	1.000000001
chr1	145323388	45	10	18.18	1.93388	2	55	1	1	1.000000001
chr1	148025763	84	16	16	2.17001	2	100	1	1	1.000000001
chr1	148344469	45	12	21.05	2.17001	2	57	1	1	1.000000001
chr1	148556066	21	5	19.23	2.17001	2	26	0	NA	NA
chr1	148853708	32	5	13.51	2.17001	2	37	1	1	1.000000001
chr1	148864283	78	6	7.14	2.17001	2	84	1	1	1.000000001
chr1	148866662	26	8	23.53	2.17001	2	34	1	1	1.000000001
chr1	149670642	51	4	7.27	2.17001	2	55	1	1	1.000000001
chr1	151209097	75	4	5.06	2.17001	2	79	1	1	1.000000001
chr1	152084256	101	4	3.81	2.17001	2	105	1	1	1.000000001
chr1	152186222	20	6	23.08	2.17001	2	26	0	NA	NA
chr1	154987358	33	4	10.81	2.17001	2	37	1	1	1.000000001
chr1	155232118	27	3	10	2.17001	2	30	1	1	1.000000001
chr1	159170606	61	4	6.15	2.17001	2	65	1	1	1.000000001
chr1	159898603	23	4	14.81	2.17001	2	27	0	NA	NA
chr1	160395425	70	5	6.67	2.17001	2	75	1	1	1.000000001
chr1	161039752	43	4	8.51	2.17001	2	47	1	1	1.000000001
chr1	161487964	50	5	9.09	2.17001	2	55	1	1	1.000000001
chr1	172571280	25	2	7.41	2.17001	2	27	0	NA	NA
chr1	182568061	58	4	6.45	2.17001	2	62	1	1	1.000000001
chr1	186276052	64	4	5.88	2.25543	NA	68	1	NA	NA
chr1	201179173	102	7	6.42	2.25543	NA	109	1	NA	NA
chr1	237905571	16	5	23.81	2.24684	2	21	0	NA	NA
chr1	247920783	53	5	8.62	2.24684	2	58	1	1	1.000000001
chr1	248616401	240	11	4.38	2.24684	2	251	1	1	1.000000001
chr1	248616408	230	10	4.17	2.24684	2	240	1	1	1.000000001
chr10	3819848	41	4	8.89	1.98371	2	45	1	1	1.000000001
chr10	12131144	28	4	12.5	1.98371	2	32	1	1	1.000000001
chr10	26936330	241	29	10.74	1.98371	2	270	1	1	1.000000001
chr10	26936347	239	20	7.72	1.98371	2	259	1	1	1.000000001
chr10	38739274	114	5	4.2	1.98371	2	119	1	1	1.000000001
chr10	38990485	73	8	9.88	1.98371	2	81	1	1	1.000000001
chr10	47709040	74	5	6.33	1.98371	2	79	1	1	1.000000001
chr10	49218553	82	15	15.46	1.98371	2	97	1	1	1.000000001
chr10	51748381	80	10	11.11	1.98371	2	90	1	1	1.000000001
chr10	51748413	91	4	4.21	1.98371	2	95	1	1	1.000000001
chr10	58118452	68	4	5.56	1.98371	2	72	1	1	1.000000001
chr10	63958041	70	4	5.41	1.98371	2	74	1	1	1.000000001
chr10	75559887	72	10	12.2	1.98371	2	82	1	1	1.000000001
chr10	88702225	60	4	6.25	1.98371	2	64	1	1	1.000000001
chr10	93261163	41	4	8.89	1.98371	2	45	1	1	1.000000001
chr10	97804214	19	4	17.39	1.98371	2	23	0	NA	NA
chr10	98983201	56	4	6.67	1.98371	2	60	1	1	1.000000001
chr10	102584615	44	4	8.33	1.98371	2	48	1	1	1.000000001
chr10	103920081	52	4	7.14	1.98371	2	56	1	1	1.000000001
chr10	104140145	45	4	8.16	1.98371	2	49	1	1	1.000000001
chr10	104142013	57	4	6.56	1.98371	2	61	1	1	1.000000001
chr10	119013619	86	4	4.44	1.98371	2	90	1	1	1.000000001
chr10	126677096	541	38	6.56	1.98371	2	579	1	1	1.000000001
chr10	126677253	749	40	5.07	1.98371	2	789	1	1	1.000000001
chr10	126677434	293	15	4.87	1.98371	2	308	1	1	1.000000001
chr10	126677784	186	9	4.62	1.98371	2	195	1	1	1.000000001
chr10	126677807	114	6	5	1.98371	2	120	1	1	1.000000001
chr10	126678092	128	78	37.86	1.98371	2	206	1	1	1.000000001
chr10	126678222	47	14	22.95	1.98371	2	61	1	1	1.000000001
chr10	127585235	89	9	9.18	1.98371	2	98	1	1	1.000000001
chr10	128821473	57	4	6.56	1.98371	2	61	1	1	1.000000001
chr10	135106193	27	3	10	1.98371	2	30	1	1	1.000000001
chr11	128785	97	6	5.83	2.01964	2	103	1	1	1.000000001
chr11	244009	38	4	9.52	2.01964	2	42	1	1	1.000000001
chr11	1011761	66	4	5.71	2.01964	2	70	1	1	1.000000001
chr11	1016619	382	40	9.48	2.01964	2	422	1	1	1.000000001
chr11	1016630	385	43	10.05	2.01964	2	428	1	1	1.000000001
chr11	1016643	452	70	13.41	2.01964	2	522	1	1	1.000000001
chr11	1016645	491	42	7.88	2.01964	2	533	1	1	1.000000001
chr11	1016647	496	49	8.99	2.01964	2	545	1	1	1.000000001
chr11	1016690	717	53	6.88	2.01964	2	770	1	1	1.000000001
chr11	1016693	687	50	6.78	2.01964	2	737	1	1	1.000000001
chr11	1016754	808	61	7.02	2.01964	2	869	1	1	1.000000001
chr11	1016756	765	58	7.05	2.01964	2	823	1	1	1.000000001
chr11	1016777	822	44	5.08	2.01964	2	866	1	1	1.000000001
chr11	1016801	924	48	4.94	2.01964	2	972	1	1	1.000000001
chr11	1016809	970	58	5.64	2.01964	2	1028	1	1	1.000000001
chr11	1016887	860	59	6.42	2.01964	2	919	1	1	1.000000001
chr11	1017200	620	51	7.6	2.01964	2	671	1	1	1.000000001
chr11	1017277	435	34	7.25	2.01964	2	469	1	1	1.000000001
chr11	1017280	434	38	8.05	2.01964	2	472	1	1	1.000000001
chr11	1017848	782	58	6.9	2.01964	2	841	1	1	1.000000001
chr11	1017869	773	100	11.45	2.01964	2	873	1	1	1.000000001
chr11	1017870	872	48	5.22	2.01964	2	920	1	1	1.000000001
chr11	1017921	654	76	10.41	2.01964	2	730	1	1	1.000000001
chr11	1018093	252	10	3.82	2.01964	2	262	1	1	1.000000001
chr11	1018262	208	39	15.79	2.01964	2	247	1	1	1.000000001
chr11	1018348	273	20	6.83	2.01964	2	293	1	1	1.000000001
chr11	7817719	69	4	5.48	2.01964	2	73	1	1	1.000000001
chr11	9598648	34	3	8.11	2.01964	2	37	1	1	1.000000001
chr11	11292851	42	3	6.67	2.01964	2	45	1	1	1.000000001
chr11	13031874	36	4	10	2.01964	2	40	1	1	1.000000001
chr11	13750989	59	4	6.35	2.01964	2	63	1	1	1.000000001
chr11	33667399	34	4	10.53	2.01964	2	38	1	1	1.000000001
chr11	47185831	38	4	9.52	2.01964	2	42	1	1	1.000000001
chr11	47204338	55	4	6.78	2.01964	2	59	1	1	1.000000001
chr11	47310959	64	4	5.88	2.01964	2	68	1	1	1.000000001
chr11	63765071	24	4	14.29	1.97657	2	28	0	NA	NA
chr11	64132835	29	3	9.38	1.97657	2	32	1	1	1.000000001
chr11	64673572	45	3	6.25	1.97657	2	48	1	1	1.000000001
chr11	65046263	53	4	7.02	1.97657	2	57	1	1	1.000000001
chr11	65391442	37	4	9.76	1.97657	2	41	1	1	1.000000001
chr11	66026088	18	3	14.29	1.97657	2	21	0	NA	NA
chr11	70034660	71	4	5.33	1.97657	2	75	1	1	1.000000001
chr11	71504422	59	4	6.35	1.97657	2	63	1	1	1.000000001
chr11	71506038	91	4	4.21	1.97657	2	95	1	1	1.000000001
chr11	93118566	104	4	3.7	1.97657	2	108	1	1	1.000000001
chr11	112119083	63	5	7.35	1.97657	2	68	1	1	1.000000001
chr11	117947927	28	4	12.5	1.97657	2	32	1	1	1.000000001
chr11	118498779	29	3	9.38	1.97657	2	32	1	1	1.000000001
chr11	126293892	39	3	7.14	1.97657	2	42	1	1	1.000000001
chr11	128391909	25	4	13.79	1.97657	2	29	0	NA	NA
chr12	74098	69	9	11.54	2.03045	2	78	1	1	1.000000001
chr12	498449	60	4	6.25	2.03045	2	64	1	1	1.000000001
chr12	1609723	33	4	10.81	2.03045	2	37	1	1	1.000000001
chr12	6833678	32	4	11.11	2.03045	2	36	1	1	1.000000001
chr12	10370738	42	4	8.7	2.03045	2	46	1	1	1.000000001
chr12	10373198	51	4	7.27	2.03045	2	55	1	1	1.000000001
chr12	11243947	38	6	13.64	2.03045	2	44	1	1	1.000000001
chr12	11243960	35	6	14.63	2.03045	2	41	1	1	1.000000001
chr12	11461521	45	4	8.16	2.03045	2	49	1	1	1.000000001
chr12	21712569	81	5	5.81	2.03045	2	86	1	1	1.000000001
chr12	45568452	70	3	4.11	1.95396	2	73	1	1	1.000000001
chr12	50745811	111	22	16.54	1.95396	2	133	1	1	1.000000001
chr12	50757084	59	4	6.35	1.95396	2	63	1	1	1.000000001
chr12	52789851	93	4	4.12	1.95396	2	97	1	1	1.000000001
chr12	54805728	30	4	11.76	1.95396	2	34	1	1	1.000000001
chr12	55714549	84	4	4.55	1.95396	2	88	1	1	1.000000001
chr12	56386825	78	6	7.14	1.95396	2	84	1	1	1.000000001
chr12	56639187	33	4	10.81	1.95396	2	37	1	1	1.000000001
chr12	57108485	41	4	8.89	1.95396	2	45	1	1	1.000000001
chr12	57882869	92	4	4.17	1.95396	2	96	1	1	1.000000001
chr12	58020497	39	3	7.14	1.95396	2	42	1	1	1.000000001
chr12	58130908	24	4	14.29	1.95396	2	28	0	NA	NA
chr12	58217316	60	9	13.04	1.95396	2	69	1	1	1.000000001
chr12	58220866	269	39	12.66	1.95396	2	308	1	1	1.000000001
chr12	98989643	25	4	13.79	1.95396	2	29	0	NA	NA
chr12	109843687	27	4	12.9	1.95396	2	31	1	1	1.000000001
chr12	112657290	26	2	7.14	1.95396	2	28	0	NA	NA
chr12	113314481	38	4	9.52	1.95396	2	42	1	1	1.000000001
chr12	116997264	56	4	6.67	1.95396	2	60	1	1	1.000000001
chr12	120805761	30	4	11.76	1.95396	2	34	1	1	1.000000001
chr12	121201843	75	4	5.06	1.95396	2	79	1	1	1.000000001
chr12	121432025	43	4	8.51	1.95396	2	47	1	1	1.000000001
chr12	122270138	30	3	9.09	1.95396	2	33	1	1	1.000000001
chr12	123041904	44	4	8.33	1.95396	2	48	1	1	1.000000001
chr12	132467041	28	4	12.5	1.95396	2	32	1	1	1.000000001
chr13	20283841	49	3	5.77	2.07556	2	52	1	1	1.000000001
chr13	23899160	69	4	5.48	2.07556	2	73	1	1	1.000000001
chr13	24460594	34	4	10.53	2.07556	2	38	1	1	1.000000001
chr13	24983357	86	4	4.44	2.07556	2	90	1	1	1.000000001
chr13	25671699	161	22	12.02	2.07556	2	183	1	1	1.000000001
chr13	73356167	55	4	6.78	2.07039	2	59	1	1	1.000000001
chr13	79174331	76	4	5	2.07039	2	80	1	1	1.000000001
chr13	114538782	57	4	6.56	2.07039	2	61	1	1	1.000000001
chr14	21945345	56	4	6.67	1.90303	2	60	1	1	1.000000001
chr14	23817705	37	4	9.76	1.90303	2	41	1	1	1.000000001
chr14	23891575	24	3	11.11	1.90303	2	27	0	NA	NA
chr14	24525955	62	4	6.06	1.90303	2	66	1	1	1.000000001
chr14	24900885	43	3	6.52	1.97602	2	46	1	1	1.000000001
chr14	35234136	46	5	9.8	1.97602	2	51	1	1	1.000000001
chr14	39306393	37	3	7.5	1.97602	2	40	1	1	1.000000001
chr14	39783968	54	4	6.9	1.97602	2	58	1	1	1.000000001
chr14	62244769	70	4	5.41	1.97602	2	74	1	1	1.000000001
chr14	67853985	55	5	8.33	1.97602	2	60	1	1	1.000000001
chr14	68028942	54	4	6.9	1.97602	2	58	1	1	1.000000001
chr14	70714300	177	17	8.76	1.97315	2	194	1	1	1.000000001
chr14	70925818	109	20	15.5	1.97315	2	129	1	1	1.000000001
chr14	74193344	44	4	8.33	1.97315	2	48	1	1	1.000000001
chr14	74193618	38	4	9.52	1.97315	2	42	1	1	1.000000001
chr14	77704998	46	4	8	1.97315	2	50	1	1	1.000000001
chr14	90651248	46	4	8	1.97315	2	50	1	1	1.000000001
chr14	103601716	39	4	9.3	1.97315	2	43	1	1	1.000000001
chr14	105410451	153	24	13.56	1.97315	2	177	1	1	1.000000001
chr14	105410460	151	21	12.21	1.97315	2	172	1	1	1.000000001
chr14	105410461	151	21	12.21	1.97315	2	172	1	1	1.000000001
chr14	105410463	147	22	13.02	1.97315	2	169	1	1	1.000000001
chr14	105415242	66	10	13.16	1.97315	2	76	1	1	1.000000001
chr14	105415250	70	11	13.58	1.97315	2	81	1	1	1.000000001
chr14	105415264	70	12	14.63	1.97315	2	82	1	1	1.000000001
chr14	105415265	70	12	14.63	1.97315	2	82	1	1	1.000000001
chr14	105416455	102	4	3.77	1.97315	2	106	1	1	1.000000001
chr14	105617299	16	4	20	1.97315	2	20	0	NA	NA
chr15	22014473	97	16	14.16	1.89264	2	113	1	1	1.000000001
chr15	23282791	153	7	4.38	1.89264	2	160	1	1	1.000000001
chr15	40589844	17	4	19.05	1.89711	2	21	0	NA	NA
chr15	45391874	43	5	10.42	1.97096	2	48	1	1	1.000000001
chr15	49254684	32	3	8.57	1.97096	2	35	1	1	1.000000001
chr15	62145110	64	5	7.25	1.97096	2	69	1	1	1.000000001
chr15	64452382	71	4	5.33	1.97096	2	75	1	1	1.000000001
chr15	75116734	37	4	9.76	1.97096	2	41	1	1	1.000000001
chr15	75586826	104	4	3.7	1.97096	2	108	1	1	1.000000001
chr15	75646080	74	4	5.13	1.97096	2	78	1	1	1.000000001
chr15	76030058	15	9	37.5	1.97096	2	24	0	NA	NA
chr15	76030074	29	10	25.64	1.97096	2	39	1	1	1.000000001
chr15	76030075	30	10	25	1.97096	2	40	1	1	1.000000001
chr15	76030078	31	10	24.39	1.97096	2	41	1	1	1.000000001
chr15	76030115	64	16	20	1.97096	2	80	1	1	1.000000001
chr15	76030135	84	16	16	1.97096	2	100	1	1	1.000000001
chr15	76222284	62	5	7.46	1.97096	2	67	1	1	1.000000001
chr15	78346385	40	4	9.09	1.97096	2	44	1	1	1.000000001
chr15	78390959	28	3	9.68	1.97096	2	31	1	1	1.000000001
chr15	81603633	63	5	7.35	1.97096	2	68	1	1	1.000000001
chr15	82808928	77	3	3.75	1.97096	2	80	1	1	1.000000001
chr15	84909514	30	6	16.67	1.97096	2	36	1	1	1.000000001
chr15	86312538	38	3	7.32	1.97096	2	41	1	1	1.000000001
chr15	96875601	46	3	6.12	1.97096	2	49	1	1	1.000000001
chr15	100272167	41	3	6.82	1.97096	2	44	1	1	1.000000001
chr15	100337524	28	4	12.5	1.97096	2	32	1	1	1.000000001
chr15	101528891	44	5	10.2	1.97096	2	49	1	1	1.000000001
chr16	583899	30	4	11.76	1.82804	2	34	1	1	1.000000001
chr16	775396	39	5	11.36	1.82804	2	44	1	1	1.000000001
chr16	1706532	20	4	16.67	1.82804	2	24	0	NA	NA
chr16	2892170	50	4	7.41	1.82804	2	54	1	1	1.000000001
chr16	3611830	37	4	9.76	1.82804	2	41	1	1	1.000000001
chr16	4932155	27	3	10	1.82804	2	30	1	1	1.000000001
chr16	15198331	55	8	12.7	1.82804	2	63	1	1	1.000000001
chr16	15460577	67	9	11.84	1.82804	2	76	1	1	1.000000001
chr16	15826555	64	4	5.88	1.82804	2	68	1	1	1.000000001
chr16	25264398	42	4	8.7	1.82804	2	46	1	1	1.000000001
chr16	28875842	62	4	6.06	1.82804	2	66	1	1	1.000000001
chr16	28995691	27	4	12.9	1.82804	2	31	1	1	1.000000001
chr16	29394594	95	4	4.04	1.82804	2	99	1	1	1.000000001
chr16	30751069	21	4	16	1.82804	2	25	0	NA	NA
chr16	30975591	31	4	11.43	1.82804	2	35	1	1	1.000000001
chr16	31214216	19	3	13.64	1.82804	2	22	0	NA	NA
chr16	32095764	36	4	10	1.82804	2	40	1	1	1.000000001
chr16	32192555	20	7	25.93	1.82804	2	27	0	NA	NA
chr16	33372694	120	22	15.49	1.82804	2	142	1	1	1.000000001
chr16	33497570	60	16	21.05	1.82804	2	76	1	1	1.000000001
chr16	33497584	48	18	27.27	1.82804	2	66	1	1	1.000000001
chr16	33539625	170	16	8.6	1.82804	2	186	1	1	1.000000001
chr16	33544497	258	39	13.13	1.82804	2	297	1	1	1.000000001
chr16	34620563	33	4	10.81	1.82804	2	37	1	1	1.000000001
chr16	56677951	78	4	4.88	1.82804	2	82	1	1	1.000000001
chr16	57418141	64	4	5.88	1.82804	2	68	1	1	1.000000001
chr16	57685415	66	4	5.71	1.82804	2	70	1	1	1.000000001
chr16	57748750	36	7	16.28	1.82804	2	43	1	1	1.000000001
chr16	57748755	37	7	15.91	1.82804	2	44	1	1	1.000000001
chr16	57748759	34	7	17.07	1.82804	2	41	1	1	1.000000001
chr16	57748767	29	7	19.44	1.82804	2	36	1	1	1.000000001
chr16	57748768	29	7	19.44	1.82804	2	36	1	1	1.000000001
chr16	57786723	28	4	12.5	1.82804	2	32	1	1	1.000000001
chr16	58147668	29	4	12.12	1.82804	2	33	1	1	1.000000001
chr16	67680049	53	4	7.02	1.82804	2	57	1	1	1.000000001
chr16	67692585	62	5	7.46	1.82804	2	67	1	1	1.000000001
chr16	68264782	45	4	8.16	1.82804	2	49	1	1	1.000000001
chr16	68387360	46	4	8	1.82804	2	50	1	1	1.000000001
chr16	68685153	50	4	7.41	1.82804	2	54	1	1	1.000000001
chr16	69333500	16	4	20	1.82804	2	20	0	NA	NA
chr16	70013113	54	10	15.62	1.82804	2	64	1	1	1.000000001
chr16	74951910	50	4	7.41	1.82804	2	54	1	1	1.000000001
chr16	76573626	52	4	7.14	1.82804	2	56	1	1	1.000000001
chr16	77759420	59	4	6.35	1.82804	2	63	1	1	1.000000001
chr16	84954370	71	4	5.33	1.82804	2	75	1	1	1.000000001
chr16	88782562	24	4	14.29	1.82804	2	28	0	NA	NA
chr16	89713610	17	4	19.05	1.82804	2	21	0	NA	NA
chr16	89930315	18	2	10	1.82804	2	20	0	NA	NA
chr16	90161585	30	14	31.82	1.82804	2	44	1	1	1.000000001
chr16	90235125	186	8	4.12	1.82804	2	194	1	1	1.000000001
chr16	90235676	26	2	7.14	1.82804	2	28	0	NA	NA
chr17	263682	45	9	16.67	1.83147	2	54	1	1	1.000000001
chr17	1680443	31	4	11.43	1.83147	2	35	1	1	1.000000001
chr17	1838057	26	4	13.33	1.83147	2	30	1	1	1.000000001
chr17	2376887	64	6	8.57	1.83147	2	70	1	1	1.000000001
chr17	3565821	47	4	7.84	1.83147	2	51	1	1	1.000000001
chr17	4799542	71	4	5.33	1.83147	2	75	1	1	1.000000001
chr17	4907815	47	4	7.84	1.83147	2	51	1	1	1.000000001
chr17	5041182	62	4	6.06	1.83147	2	66	1	1	1.000000001
chr17	5043172	57	3	5	1.83147	2	60	1	1	1.000000001
chr17	7258536	19	4	17.39	1.83147	2	23	0	NA	NA
chr17	10265442	30	4	11.76	1.83147	2	34	1	1	1.000000001
chr17	11872906	48	4	7.69	1.83147	2	52	1	1	1.000000001
chr17	15469278	49	6	10.91	1.83147	2	55	1	1	1.000000001
chr17	15532490	82	4	4.65	1.83147	2	86	1	1	1.000000001
chr17	16068252	21	5	19.23	1.83147	2	26	0	NA	NA
chr17	16097870	105	9	7.89	1.83147	2	114	1	1	1.000000001
chr17	16097899	95	10	9.52	1.83147	2	105	1	1	1.000000001
chr17	16097912	83	9	9.78	1.83147	2	92	1	1	1.000000001
chr17	16593904	58	3	4.92	1.83147	2	61	1	1	1.000000001
chr17	16665742	31	4	11.43	1.83147	2	35	1	1	1.000000001
chr17	18145830	44	4	8.33	1.83147	2	48	1	1	1.000000001
chr17	18160204	20	3	13.04	1.83147	2	23	0	NA	NA
chr17	18326375	88	4	4.35	1.83147	2	92	1	1	1.000000001
chr17	18332283	60	3	4.76	1.83147	2	63	1	1	1.000000001
chr17	18528682	85	4	4.49	1.83147	2	89	1	1	1.000000001
chr17	18880320	39	4	9.3	1.83147	2	43	1	1	1.000000001
chr17	21322847	15	13	46.43	1.83147	2	28	0	NA	NA
chr17	21562303	121	10	7.63	1.83147	2	131	1	1	1.000000001
chr17	21904804	696	34	4.66	1.83147	2	730	1	1	1.000000001
chr17	21904868	765	45	5.56	1.83147	2	809	1	1	1.000000001
chr17	28880686	57	4	6.56	1.83147	2	61	1	1	1.000000001
chr17	34797476	55	4	6.78	1.83147	2	59	1	1	1.000000001
chr17	36499311	52	3	5.45	1.83147	2	55	1	1	1.000000001
chr17	38327886	64	6	8.57	1.83147	2	70	1	1	1.000000001
chr17	38504671	76	4	5	1.83147	2	80	1	1	1.000000001
chr17	39240627	123	5	3.91	1.83147	2	128	1	1	1.000000001
chr17	39394717	38	10	20.83	1.83147	2	48	1	1	1.000000001
chr17	39432065	43	8	15.69	1.83147	2	51	1	1	1.000000001
chr17	39502889	18	3	14.29	1.83147	2	21	0	NA	NA
chr17	43340541	20	2	9.09	1.83147	2	22	0	NA	NA
chr17	45214468	68	14	17.07	1.83147	2	82	1	1	1.000000001
chr17	45214484	68	19	21.84	1.83147	2	87	1	1	1.000000001
chr17	45214493	105	6	5.41	1.83147	2	111	1	1	1.000000001
chr17	45214604	356	30	7.77	1.83147	2	386	1	1	1.000000001
chr17	45214606	324	48	12.9	1.83147	2	372	1	1	1.000000001
chr17	45214684	222	14	5.93	1.83147	2	236	1	1	1.000000001
chr17	45214689	207	14	6.33	1.83147	2	221	1	1	1.000000001
chr17	45214690	197	23	10.45	1.83147	2	220	1	1	1.000000001
chr17	45221273	71	329	82.25	1.83147	2	400	1	1	1.000000001
chr17	45221298	66	389	85.49	1.83147	2	455	1	1	1.000000001
chr17	45221317	393	96	19.63	1.83147	2	489	1	1	1.000000001
chr17	45221318	41	435	91.39	1.83147	2	476	1	1	1.000000001
chr17	45234417	683	61	8.2	1.83147	2	744	1	1	1.000000001
chr17	45234449	554	42	7.05	1.83147	2	596	1	1	1.000000001
chr17	45234707	317	17	5.09	1.83147	2	334	1	1	1.000000001
chr17	45258951	72	6	7.69	1.83147	2	78	1	1	1.000000001
chr17	45258954	72	6	7.69	1.83147	2	78	1	1	1.000000001
chr17	45258971	72	12	14.29	1.83147	2	84	1	1	1.000000001
chr17	45266625	100	11	9.91	1.83147	2	111	1	1	1.000000001
chr17	49257655	49	4	7.55	1.83147	2	53	1	1	1.000000001
chr17	56277764	23	4	14.81	1.83147	2	27	0	NA	NA
chr17	58093274	59	11	15.71	1.83147	2	70	1	1	1.000000001
chr17	58093284	63	7	10	1.83147	2	70	1	1	1.000000001
chr17	71390438	30	5	14.29	1.83147	2	35	1	1	1.000000001
chr17	71419459	19	3	13.64	1.83147	2	22	0	NA	NA
chr17	73509836	35	4	10.26	1.83147	2	39	1	1	1.000000001
chr17	73629920	54	4	6.9	1.83147	2	58	1	1	1.000000001
chr17	74300626	51	3	5.56	1.83147	2	54	1	1	1.000000001
chr17	74671906	43	4	8.51	1.83147	2	47	1	1	1.000000001
chr17	76201327	28	4	12.5	1.83147	2	32	1	1	1.000000001
chr17	79225022	61	4	6.15	1.83147	2	65	1	1	1.000000001
chr17	79888169	55	4	6.78	1.83147	2	59	1	1	1.000000001
chr17	79912121	45	4	8.16	1.83147	2	49	1	1	1.000000001
chr17	80438957	26	4	13.33	1.83147	2	30	1	1	1.000000001
chr18	49548	26	5	16.13	2.02623	2	31	1	1	1.000000001
chr18	49549	25	5	16.67	2.02623	2	30	1	1	1.000000001
chr18	49574	21	8	27.59	2.02623	2	29	0	NA	NA
chr18	218976	58	9	13.43	2.02623	2	67	1	1	1.000000001
chr18	6913754	31	4	11.43	2.02623	2	35	1	1	1.000000001
chr18	9401774	50	4	7.41	2.02623	2	54	1	1	1.000000001
chr18	14183814	111	13	10.48	2.02623	2	124	1	1	1.000000001
chr18	14183823	113	6	5.04	2.02623	2	119	1	1	1.000000001
chr18	14513816	103	4	3.74	2.02623	2	107	1	1	1.000000001
chr18	22902090	70	5	6.67	2.02623	2	75	1	1	1.000000001
chr18	29776492	73	4	5.19	2.02623	2	77	1	1	1.000000001
chr18	43479546	41	4	8.89	2.02623	2	45	1	1	1.000000001
chr18	67844067	54	4	6.9	2.13081	2	58	1	1	1.000000001
chr19	199826	23	3	11.54	1.6929	NA	26	0	NA	NA
chr19	200238	77	3	3.75	1.6929	NA	80	1	NA	NA
chr19	362339	38	4	9.52	1.6929	NA	42	1	NA	NA
chr19	1112918	20	4	16.67	1.6929	NA	24	0	NA	NA
chr19	1371021	19	4	17.39	1.6929	NA	23	0	NA	NA
chr19	1397176	82	4	4.65	1.6929	NA	86	1	NA	NA
chr19	1622053	16	4	20	1.6929	NA	20	0	NA	NA
chr19	2275192	44	3	6.38	1.6929	NA	47	1	NA	NA
chr19	2476221	24	4	14.29	1.6929	NA	28	0	NA	NA
chr19	3661912	22	4	15.38	1.6929	NA	26	0	NA	NA
chr19	3941133	29	4	12.12	1.6929	NA	33	1	NA	NA
chr19	5831211	102	4	3.77	1.6929	NA	106	1	NA	NA
chr19	5867577	25	4	13.79	1.6929	NA	29	0	NA	NA
chr19	7595358	27	4	12.9	1.6929	NA	31	1	NA	NA
chr19	7692123	36	4	10	1.6929	NA	40	1	NA	NA
chr19	7741963	42	4	8.7	1.6929	NA	46	1	NA	NA
chr19	7943935	51	4	7.27	1.6929	NA	55	1	NA	NA
chr19	8159404	60	4	6.25	1.6929	NA	64	1	NA	NA
chr19	9006385	141	29	17.06	1.6929	NA	170	1	NA	NA
chr19	9492480	39	4	9.3	1.6929	NA	43	1	NA	NA
chr19	10080633	37	4	9.76	1.6929	NA	41	1	NA	NA
chr19	10166120	39	4	9.3	1.6929	NA	43	1	NA	NA
chr19	10203618	57	4	6.56	1.6929	NA	61	1	NA	NA
chr19	11233955	31	3	8.82	1.6929	NA	34	1	NA	NA
chr19	12087868	85	4	4.49	1.6929	NA	89	1	NA	NA
chr19	13218648	54	5	8.47	1.6929	NA	59	1	NA	NA
chr19	15533394	72	4	5.26	1.6929	NA	76	1	NA	NA
chr19	17999258	46	4	8	1.6929	NA	50	1	NA	NA
chr19	18964067	57	3	5	1.6929	NA	60	1	NA	NA
chr19	20727618	101	10	9.01	1.6929	NA	111	1	NA	NA
chr19	20727619	101	12	10.62	1.6929	NA	113	1	NA	NA
chr19	20727620	102	12	10.53	1.6929	NA	114	1	NA	NA
chr19	20727621	103	10	8.85	1.6929	NA	113	1	NA	NA
chr19	20727623	104	12	10.34	1.6929	NA	116	1	NA	NA
chr19	20727628	102	12	10.53	1.6929	NA	114	1	NA	NA
chr19	21477175	103	4	3.74	1.6929	NA	107	1	NA	NA
chr19	21493499	18	6	25	1.6929	NA	24	0	NA	NA
chr19	21493507	16	6	27.27	1.6929	NA	22	0	NA	NA
chr19	22939472	79	17	17.71	1.6929	NA	96	1	NA	NA
chr19	23544852	133	14	9.52	1.6929	NA	147	1	NA	NA
chr19	23544853	130	21	13.91	1.6929	NA	151	1	NA	NA
chr19	33687769	38	4	9.52	1.6929	NA	42	1	NA	NA
chr19	39994882	25	4	13.79	1.6929	NA	29	0	NA	NA
chr19	39998643	21	4	16	1.6929	NA	25	0	NA	NA
chr19	40324655	15	4	21.05	1.6929	NA	19	0	NA	NA
chr19	41634256	30	3	9.09	1.6929	NA	33	1	NA	NA
chr19	43920040	62	4	6.06	1.6929	NA	66	1	NA	NA
chr19	44934451	30	4	11.76	1.6929	NA	34	1	NA	NA
chr19	49519883	29	12	29.27	1.70421	NA	41	1	NA	NA
chr19	49558408	22	3	12	1.70421	NA	25	0	NA	NA
chr19	49618627	21	4	16	1.70421	NA	25	0	NA	NA
chr19	52090217	50	4	7.41	1.70421	NA	54	1	NA	NA
chr19	52146813	89	4	4.3	1.70421	NA	93	1	NA	NA
chr19	53116939	32	16	33.33	1.70421	NA	48	1	NA	NA
chr19	53116940	37	16	30.19	1.70421	NA	53	1	NA	NA
chr19	54058413	109	10	8.4	1.70421	NA	119	1	NA	NA
chr19	55693060	36	3	7.69	1.70421	NA	39	1	NA	NA
chr19	57984266	40	4	9.09	1.70421	NA	44	1	NA	NA
chr19	58152957	64	8	11.11	1.70421	NA	72	1	NA	NA
chr19	58281089	22	4	15.38	1.70421	NA	26	0	NA	NA
chr19	58281090	22	4	15.38	1.70421	NA	26	0	NA	NA
chr19	58376381	82	4	4.65	1.70421	NA	86	1	NA	NA
chr19	58557695	58	4	6.45	1.70421	NA	62	1	NA	NA
chr19	59011675	24	4	14.29	1.70421	NA	28	0	NA	NA
chr19	59092873	52	4	7.14	1.70421	NA	56	1	NA	NA
chr2	905497	291	59	16.86	2.01154	2	350	1	1	1.000000001
chr2	8869681	82	4	4.65	2.01154	2	86	1	1	1.000000001
chr2	11798772	55	4	6.78	2.01154	2	59	1	1	1.000000001
chr2	16080413	18	4	18.18	2.01154	2	22	0	NA	NA
chr2	20402205	43	3	6.52	2.01154	2	46	1	1	1.000000001
chr2	20729239	58	4	6.45	2.01154	2	62	1	1	1.000000001
chr2	26467373	22	4	15.38	2.01154	2	26	0	NA	NA
chr2	27359976	29	3	9.38	2.01154	2	32	1	1	1.000000001
chr2	55463861	69	8	10.39	2.01154	2	77	1	1	1.000000001
chr2	55844703	38	3	7.32	2.01154	2	41	1	1	1.000000001
chr2	60689115	19	3	13.64	2.01154	2	22	0	NA	NA
chr2	64862528	63	6	8.7	2.01154	2	69	1	1	1.000000001
chr2	71913730	76	6	7.32	1.9472	2	82	1	1	1.000000001
chr2	73519205	18	4	18.18	1.9472	2	22	0	NA	NA
chr2	73869413	39	4	9.3	1.9472	2	43	1	1	1.000000001
chr2	89104928	64	14	17.95	1.9472	2	78	1	1	1.000000001
chr2	89104985	62	6	8.82	1.9472	2	68	1	1	1.000000001
chr2	89105045	63	8	11.27	1.9472	2	71	1	1	1.000000001
chr2	91809402	261	40	13.29	1.9472	2	301	1	1	1.000000001
chr2	91824833	173	38	18.01	1.9472	2	211	1	1	1.000000001
chr2	92102193	100	15	13.04	1.9472	2	115	1	1	1.000000001
chr2	95427335	130	13	9.09	1.9472	2	143	1	1	1.000000001
chr2	95427337	134	13	8.84	1.9472	2	147	1	1	1.000000001
chr2	95427339	130	17	11.56	1.9472	2	147	1	1	1.000000001
chr2	95474282	77	4	4.94	1.9472	2	81	1	1	1.000000001
chr2	95511854	58	7	10.77	1.9472	2	65	1	1	1.000000001
chr2	95514033	65	9	12.16	1.9472	2	74	1	1	1.000000001
chr2	95519481	24	4	14.29	1.9472	2	28	0	NA	NA
chr2	95558394	123	20	13.99	1.9472	2	143	1	1	1.000000001
chr2	96525610	225	16	6.64	1.9472	2	241	1	1	1.000000001
chr2	96593189	85	9	9.57	1.9472	2	94	1	1	1.000000001
chr2	96604771	63	19	23.17	1.9472	2	82	1	1	1.000000001
chr2	96604785	68	10	12.82	1.9472	2	78	1	1	1.000000001
chr2	96619687	127	10	7.3	1.9472	2	137	1	1	1.000000001
chr2	97499198	56	4	6.67	1.9472	2	60	1	1	1.000000001
chr2	97751376	79	4	4.82	1.9472	2	83	1	1	1.000000001
chr2	97751949	49	4	7.55	1.9472	2	53	1	1	1.000000001
chr2	98128338	148	32	17.78	1.17381	1	180	1	NA	NA
chr2	99758329	61	4	6.15	2.07887	2	65	1	1	1.000000001
chr2	100360767	26	3	10.34	2.07887	2	29	0	NA	NA
chr2	103142690	34	3	8.11	2.07887	2	37	1	1	1.000000001
chr2	110671803	29	2	6.45	1.90435	2	31	1	1	1.000000001
chr2	114352916	92	8	8	1.90435	2	100	1	1	1.000000001
chr2	114355998	170	18	9.57	1.90435	2	188	1	1	1.000000001
chr2	122520601	43	4	8.51	1.90435	2	47	1	1	1.000000001
chr2	128480657	53	3	5.36	1.90435	2	56	1	1	1.000000001
chr2	130909552	74	3	3.9	1.90435	2	77	1	1	1.000000001
chr2	131803874	45	4	8.16	1.90435	2	49	1	1	1.000000001
chr2	131905004	51	4	7.27	1.90435	2	55	1	1	1.000000001
chr2	132236963	45	8	15.09	1.90435	2	53	1	1	1.000000001
chr2	133015309	476	50	9.51	1.90435	2	526	1	1	1.000000001
chr2	133015453	286	33	10.34	1.90435	2	319	1	1	1.000000001
chr2	133015485	285	20	6.56	1.90435	2	305	1	1	1.000000001
chr2	133015522	191	12	5.91	1.90435	2	203	1	1	1.000000001
chr2	163163342	101	4	3.81	2.0942	2	105	1	1	1.000000001
chr2	179527851	34	11	24.44	2.0942	2	45	1	1	1.000000001
chr2	182401200	59	4	6.35	2.0942	2	63	1	1	1.000000001
chr2	197182001	33	3	8.33	2.0942	2	36	1	1	1.000000001
chr2	198353103	67	4	5.63	2.0942	2	71	1	1	1.000000001
chr2	206863631	52	3	5.45	2.0942	2	55	1	1	1.000000001
chr2	218947833	45	3	6.25	2.0942	2	48	1	1	1.000000001
chr2	219941925	29	3	9.38	2.0942	2	32	1	1	1.000000001
chr2	220370414	61	4	6.15	2.0942	2	65	1	1	1.000000001
chr2	233273207	68	7	9.33	2.0942	2	75	1	1	1.000000001
chr2	238726228	73	4	5.19	2.0942	2	77	1	1	1.000000001
chr2	239007218	54	3	5.26	2.0942	2	57	1	1	1.000000001
chr2	241826427	43	4	8.51	2.0942	2	47	1	1	1.000000001
chr2	242092879	41	4	8.89	2.0942	2	45	1	1	1.000000001
chr2	242545806	27	4	12.9	2.0942	2	31	1	1	1.000000001
chr20	25752815	170	15	8.11	1.93979	2	185	1	1	1.000000001
chr20	25752826	155	14	8.28	1.93979	2	169	1	1	1.000000001
chr20	26188973	39	9	18.75	1.93979	2	48	1	1	1.000000001
chr20	29623099	102	10	8.93	1.93979	2	112	1	1	1.000000001
chr20	29624182	84	5	5.62	1.93979	2	89	1	1	1.000000001
chr20	29624191	78	6	7.14	1.93979	2	84	1	1	1.000000001
chr20	29625746	66	7	9.59	1.93979	2	73	1	1	1.000000001
chr20	29628237	473	45	8.69	1.93979	2	518	1	1	1.000000001
chr20	29632643	578	47	7.52	1.93979	2	625	1	1	1.000000001
chr20	29632766	355	34	8.74	1.93979	2	389	1	1	1.000000001
chr20	29632788	230	20	8	1.93979	2	250	1	1	1.000000001
chr20	29633902	316	23	6.78	1.93979	2	339	1	1	1.000000001
chr20	29638065	139	20	12.58	1.93979	2	159	1	1	1.000000001
chr20	29638070	119	18	13.14	1.93979	2	137	1	1	1.000000001
chr20	30662411	46	4	8	1.93979	2	50	1	1	1.000000001
chr20	32678422	63	3	4.55	1.93979	2	66	1	1	1.000000001
chr20	33356383	57	4	6.56	1.93979	2	61	1	1	1.000000001
chr20	33581113	20	4	16.67	1.93979	2	24	0	NA	NA
chr20	33862517	32	3	8.57	1.93979	2	35	1	1	1.000000001
chr20	34263022	29	4	12.12	1.93979	2	33	1	1	1.000000001
chr20	35090298	44	4	8.33	1.93979	2	48	1	1	1.000000001
chr20	43922552	43	4	8.51	1.93979	2	47	1	1	1.000000001
chr20	44528207	93	4	4.12	1.93979	2	97	1	1	1.000000001
chr20	47364481	43	4	8.51	1.93979	2	47	1	1	1.000000001
chr20	49369891	30	4	11.76	1.93979	2	34	1	1	1.000000001
chr20	49507453	68	4	5.56	1.93979	2	72	1	1	1.000000001
chr20	62272003	39	4	9.3	1.93979	2	43	1	1	1.000000001
chr20	62598770	35	4	10.26	1.93979	2	39	1	1	1.000000001
chr20	62853211	34	4	10.53	1.93979	2	38	1	1	1.000000001
chr21	9909273	52	7	11.86	1.93576	2	59	1	1	1.000000001
chr21	9910525	220	39	15.06	1.93576	2	259	1	1	1.000000001
chr21	9926890	49	15	23.44	1.93576	2	64	1	1	1.000000001
chr21	10164497	79	14	15.05	1.93576	2	93	1	1	1.000000001
chr21	11020869	210	24	10.26	1.93576	2	234	1	1	1.000000001
chr21	11057751	80	10	11.11	1.93576	2	90	1	1	1.000000001
chr21	14485496	32	4	11.11	1.93576	2	36	1	1	1.000000001
chr21	14982637	414	25	5.69	1.93576	2	439	1	1	1.000000001
chr21	14982676	405	40	8.99	1.93576	2	445	1	1	1.000000001
chr21	15339762	96	17	15.04	1.93576	2	113	1	1	1.000000001
chr21	15343651	52	6	10.34	1.93576	2	58	1	1	1.000000001
chr21	34400420	117	5	4.1	1.93576	2	122	1	1	1.000000001
chr21	40557458	60	4	6.25	1.93576	2	64	1	1	1.000000001
chr21	43823985	35	3	7.89	1.93576	2	38	1	1	1.000000001
chr21	46020720	24	12	33.33	1.93576	2	36	1	1	1.000000001
chr21	46020721	25	12	32.43	1.93576	2	37	1	1	1.000000001
chr21	46687047	21	4	16	1.93576	2	25	0	NA	NA
chr21	47754303	44	4	8.33	1.93576	2	48	1	1	1.000000001
chr22	18769169	171	34	16.59	1.80939	2	205	1	1	1.000000001
chr22	18769179	170	35	17.07	1.80939	2	205	1	1	1.000000001
chr22	18774819	33	4	10.81	1.80939	2	37	1	1	1.000000001
chr22	18841654	95	7	6.86	1.80939	2	102	1	1	1.000000001
chr22	19028642	37	4	9.76	1.80939	2	41	1	1	1.000000001
chr22	19899020	37	3	7.5	1.80939	2	40	1	1	1.000000001
chr22	20127035	46	4	8	1.80939	2	50	1	1	1.000000001
chr22	20301874	30	4	11.76	1.80939	2	34	1	1	1.000000001
chr22	20366848	17	5	22.73	1.80939	2	22	0	NA	NA
chr22	20366957	25	5	16.67	1.80939	2	30	1	1	1.000000001
chr22	20628359	23	5	17.86	1.80939	2	28	0	NA	NA
chr22	21044890	127	19	13.01	1.80939	2	146	1	1	1.000000001
chr22	21071937	35	3	7.89	1.80939	2	38	1	1	1.000000001
chr22	21328469	16	4	20	1.80939	2	20	0	NA	NA
chr22	24655309	110	20	15.38	1.80939	2	130	1	1	1.000000001
chr22	24657345	70	4	5.41	1.80939	2	74	1	1	1.000000001
chr22	25161405	72	3	4	1.80939	2	75	1	1	1.000000001
chr22	25161449	69	4	5.48	1.80939	2	73	1	1	1.000000001
chr22	25733285	40	4	9.09	1.80939	2	44	1	1	1.000000001
chr22	26222362	51	3	5.56	1.80939	2	54	1	1	1.000000001
chr22	26892038	35	4	10.26	1.80939	2	39	1	1	1.000000001
chr22	29538261	42	7	14.29	1.80939	2	49	1	1	1.000000001
chr22	29907262	42	4	8.7	1.80939	2	46	1	1	1.000000001
chr22	30126618	39	4	9.3	1.80939	2	43	1	1	1.000000001
chr22	30424745	26	4	13.33	1.80939	2	30	1	1	1.000000001
chr22	30819304	42	4	8.7	1.80939	2	46	1	1	1.000000001
chr22	31736841	25	2	7.41	1.80939	2	27	0	NA	NA
chr22	38211441	64	5	7.25	1.80939	2	69	1	1	1.000000001
chr22	38465067	38	7	15.56	1.80939	2	45	1	1	1.000000001
chr22	38616087	73	4	5.19	1.80939	2	77	1	1	1.000000001
chr22	39135920	42	4	8.7	1.80939	2	46	1	1	1.000000001
chr22	42777482	35	5	12.5	1.80939	2	40	1	1	1.000000001
chr22	43088233	28	3	9.68	1.80939	2	31	1	1	1.000000001
chr22	45285737	22	4	15.38	1.80939	2	26	0	NA	NA
chr22	46752932	39	2	4.88	1.80939	2	41	1	1	1.000000001
chr22	51154061	52	4	7.14	1.80939	2	56	1	1	1.000000001
chr3	9291310	40	4	9.09	2.02146	2	44	1	1	1.000000001
chr3	9543883	47	9	16.07	2.02146	2	56	1	1	1.000000001
chr3	10291284	18	2	10	2.02146	2	20	0	NA	NA
chr3	15492939	57	4	6.56	2.02146	2	61	1	1	1.000000001
chr3	25791115	57	4	6.56	2.02146	2	61	1	1	1.000000001
chr3	30733994	72	5	6.49	2.02146	2	77	1	1	1.000000001
chr3	33132016	63	4	5.97	2.02146	2	67	1	1	1.000000001
chr3	37845447	50	4	7.41	2.02146	2	54	1	1	1.000000001
chr3	49947844	36	4	10	2.02146	2	40	1	1	1.000000001
chr3	51992137	37	4	9.76	2.02146	2	41	1	1	1.000000001
chr3	52288869	24	3	11.11	2.02146	2	27	0	NA	NA
chr3	58087953	54	4	6.9	2.09333	2	58	1	1	1.000000001
chr3	64507950	78	4	4.88	2.09333	2	82	1	1	1.000000001
chr3	75472227	99	4	3.88	2.10337	2	103	1	1	1.000000001
chr3	75786073	200	36	15.25	2.10337	2	236	1	1	1.000000001
chr3	75786387	301	26	7.95	2.10337	2	327	1	1	1.000000001
chr3	75786403	326	33	9.19	2.10337	2	359	1	1	1.000000001
chr3	75786415	317	29	8.38	2.10337	2	346	1	1	1.000000001
chr3	75786916	326	43	11.65	2.10337	2	369	1	1	1.000000001
chr3	75786919	323	42	11.51	2.10337	2	365	1	1	1.000000001
chr3	75786921	335	23	6.42	2.10337	2	358	1	1	1.000000001
chr3	75787015	289	34	10.53	2.10337	2	323	1	1	1.000000001
chr3	75787224	162	41	20.2	2.10337	2	203	1	1	1.000000001
chr3	75787299	144	28	16.28	2.10337	2	172	1	1	1.000000001
chr3	75787302	141	29	17.06	2.10337	2	170	1	1	1.000000001
chr3	75787313	150	36	19.35	2.10337	2	186	1	1	1.000000001
chr3	75787321	154	32	17.2	2.10337	2	186	1	1	1.000000001
chr3	75787840	312	34	9.83	2.10337	2	346	1	1	1.000000001
chr3	75787863	362	30	7.65	2.10337	2	392	1	1	1.000000001
chr3	75787864	362	30	7.65	2.10337	2	392	1	1	1.000000001
chr3	101133156	76	4	5	2.10337	2	80	1	1	1.000000001
chr3	101371468	54	4	6.9	2.10337	2	58	1	1	1.000000001
chr3	107647084	41	4	8.89	2.10337	2	45	1	1	1.000000001
chr3	111672777	35	3	7.89	2.10337	2	38	1	1	1.000000001
chr3	124746163	42	4	8.7	2.10337	2	46	1	1	1.000000001
chr3	127439882	28	3	9.68	2.10337	2	31	1	1	1.000000001
chr3	128755787	32	3	8.57	2.10337	2	35	1	1	1.000000001
chr3	178952085	75	13	14.77	2.10337	2	88	1	1	1.000000001
chr3	182660761	25	3	10.71	2.10337	2	28	0	NA	NA
chr3	184603966	44	4	8.33	2.10337	2	48	1	1	1.000000001
chr3	185161273	70	4	5.41	2.10337	2	74	1	1	1.000000001
chr3	187446849	39	4	9.3	2.10337	2	43	1	1	1.000000001
chr3	194476998	41	4	8.89	1.77239	2	45	1	1	1.000000001
chr3	195505907	101	24	19.2	1.77239	2	125	1	1	1.000000001
chr3	195506227	97	5	4.9	1.77239	2	102	1	1	1.000000001
chr3	195506245	92	7	7.07	1.77239	2	99	1	1	1.000000001
chr3	195506267	88	9	9.28	1.77239	2	97	1	1	1.000000001
chr3	195506271	94	7	6.93	1.77239	2	101	1	1	1.000000001
chr3	195507155	216	20	8.47	1.77239	2	236	1	1	1.000000001
chr3	195507604	161	19	10.56	1.77239	2	180	1	1	1.000000001
chr3	195507830	246	11	4.28	1.77239	2	257	1	1	1.000000001
chr3	195508067	234	18	7.14	1.77239	2	252	1	1	1.000000001
chr3	195508070	219	26	10.61	1.77239	2	245	1	1	1.000000001
chr3	195509127	199	9	4.33	1.77239	2	208	1	1	1.000000001
chr3	195510134	239	14	5.53	1.77239	2	253	1	1	1.000000001
chr3	195510709	196	20	9.26	1.77239	2	216	1	1	1.000000001
chr3	195510710	199	20	9.13	1.77239	2	219	1	1	1.000000001
chr3	195511273	551	33	5.65	1.77239	2	584	1	1	1.000000001
chr3	195511369	309	15	4.63	1.77239	2	324	1	1	1.000000001
chr3	195512646	377	18	4.56	1.77239	2	395	1	1	1.000000001
chr3	195513467	271	35	11.44	1.77239	2	306	1	1	1.000000001
chr3	195513470	272	39	12.54	1.77239	2	311	1	1	1.000000001
chr4	247936	92	4	4.17	2.06265	2	96	1	1	1.000000001
chr4	367199	148	15	9.2	2.06265	2	163	1	1	1.000000001
chr4	367201	143	15	9.49	2.06265	2	158	1	1	1.000000001
chr4	367206	148	15	9.2	2.06265	2	163	1	1	1.000000001
chr4	1729542	37	4	9.76	2.06265	2	41	1	1	1.000000001
chr4	2831656	36	4	10	2.06265	2	40	1	1	1.000000001
chr4	7000758	23	3	11.54	2.06265	2	26	0	NA	NA
chr4	8308085	37	4	9.76	2.06265	2	41	1	1	1.000000001
chr4	26432643	71	4	5.33	2.06265	2	75	1	1	1.000000001
chr4	79158792	48	4	7.69	2.06265	2	52	1	1	1.000000001
chr4	90874963	83	4	4.6	2.06265	2	87	1	1	1.000000001
chr4	99399923	51	4	7.27	2.06265	2	55	1	1	1.000000001
chr4	118006462	81	4	4.71	2.12182	2	85	1	1	1.000000001
chr4	119555205	112	10	8.2	2.12182	2	122	1	1	1.000000001
chr4	119555221	107	9	7.76	2.12182	2	116	1	1	1.000000001
chr4	119555222	103	10	8.85	2.12182	2	113	1	1	1.000000001
chr4	119555245	107	8	6.96	2.12182	2	115	1	1	1.000000001
chr4	119555246	101	8	7.34	2.12182	2	109	1	1	1.000000001
chr4	119555489	96	12	11.11	2.12182	2	108	1	1	1.000000001
chr4	119555497	88	13	12.87	2.12182	2	101	1	1	1.000000001
chr4	119555498	90	13	12.62	2.12182	2	103	1	1	1.000000001
chr4	119555528	78	14	15.22	2.12182	2	92	1	1	1.000000001
chr4	128703646	39	4	9.3	2.12182	2	43	1	1	1.000000001
chr4	151170720	44	3	6.38	2.12182	2	47	1	1	1.000000001
chr4	152180016	29	4	12.12	2.12182	2	33	1	1	1.000000001
chr4	154259542	57	4	6.56	2.12182	2	61	1	1	1.000000001
chr4	156276196	67	4	5.63	2.12182	2	71	1	1	1.000000001
chr4	165879759	59	8	11.94	2.12182	2	67	1	1	1.000000001
chr4	169300525	51	4	7.27	2.12182	2	55	1	1	1.000000001
chr4	190878604	347	24	6.47	2.12182	2	371	1	1	1.000000001
chr4	190878625	430	30	6.52	2.12182	2	460	1	1	1.000000001
chr5	256472	57	13	18.57	2.02567	2	70	1	1	1.000000001
chr5	256548	119	6	4.8	2.02567	2	125	1	1	1.000000001
chr5	256573	123	15	10.87	2.02567	2	138	1	1	1.000000001
chr5	256578	124	16	11.43	2.02567	2	140	1	1	1.000000001
chr5	354047	61	4	6.15	2.02567	2	65	1	1	1.000000001
chr5	13735239	30	4	11.76	2.02567	2	34	1	1	1.000000001
chr5	14602358	71	4	5.33	2.02567	2	75	1	1	1.000000001
chr5	21482547	76	3	3.8	2.02567	2	79	1	1	1.000000001
chr5	21497098	54	9	14.29	2.02567	2	63	1	1	1.000000001
chr5	21497180	134	6	4.29	2.02567	2	140	1	1	1.000000001
chr5	34913622	56	4	6.67	2.04372	2	60	1	1	1.000000001
chr5	67576722	51	4	7.27	2.04372	2	55	1	1	1.000000001
chr5	102537681	54	12	18.18	2.04372	2	66	1	1	1.000000001
chr5	111598188	36	4	10	2.04372	2	40	1	1	1.000000001
chr5	135416173	34	4	10.53	2.04372	2	38	1	1	1.000000001
chr5	137548694	60	4	6.25	2.04372	2	64	1	1	1.000000001
chr5	140090940	72	4	5.26	2.04372	2	76	1	1	1.000000001
chr5	140536981	102	4	3.77	2.04372	2	106	1	1	1.000000001
chr5	149375380	61	5	7.58	2.04372	2	66	1	1	1.000000001
chr5	156531628	41	4	8.89	2.04372	2	45	1	1	1.000000001
chr5	159626067	70	4	5.41	2.04372	2	74	1	1	1.000000001
chr5	169702250	43	4	8.51	2.04372	2	47	1	1	1.000000001
chr5	169810885	68	4	5.56	2.04372	2	72	1	1	1.000000001
chr5	176310897	45	6	11.76	2.04372	2	51	1	1	1.000000001
chr5	177483029	135	18	11.76	2.04372	2	153	1	1	1.000000001
chr5	177483035	121	16	11.68	2.04372	2	137	1	1	1.000000001
chr5	178139194	71	4	5.33	2.04372	2	75	1	1	1.000000001
chr5	179071958	69	16	18.82	2.04372	2	85	1	1	1.000000001
chr5	179260758	25	6	19.35	2.04372	2	31	1	1	1.000000001
chr5	180753608	33	10	23.26	2	2	43	1	1	1.000000001
chr6	24583958	48	4	7.69	2.09914	2	52	1	1	1.000000001
chr6	30513707	24	3	11.11	2.09914	2	27	0	NA	NA
chr6	31803105	102	4	3.77	2.09914	2	106	1	1	1.000000001
chr6	32012809	24	5	17.24	2.09914	2	29	0	NA	NA
chr6	32557386	26	7	21.21	2.09914	2	33	1	1	1.000000001
chr6	33140426	32	4	11.11	2.09914	2	36	1	1	1.000000001
chr6	33246024	23	4	14.81	2.09914	2	27	0	NA	NA
chr6	33284637	20	4	16.67	2.09914	2	24	0	NA	NA
chr6	35057580	68	5	6.85	2.09914	2	73	1	1	1.000000001
chr6	35289134	34	4	10.53	2.09914	2	38	1	1	1.000000001
chr6	42946211	31	4	11.43	2.09914	2	35	1	1	1.000000001
chr6	43480124	41	4	8.89	2.09914	2	45	1	1	1.000000001
chr6	43483749	37	4	9.76	2.09914	2	41	1	1	1.000000001
chr6	79700718	57	3	5	2.09914	2	60	1	1	1.000000001
chr6	108985386	91	4	4.21	2.09914	2	95	1	1	1.000000001
chr6	109001868	90	13	12.62	2.09914	2	103	1	1	1.000000001
chr6	117883146	66	4	5.71	2.09914	2	70	1	1	1.000000001
chr6	139583967	29	4	12.12	1.84395	2	33	1	1	1.000000001
chr6	148865084	53	4	7.02	1.84395	2	57	1	1	1.000000001
chr6	151162019	39	3	7.14	1.84395	2	42	1	1	1.000000001
chr6	154407919	26	4	13.33	1.84395	2	30	1	1	1.000000001
chr6	159055133	58	4	6.45	1.84395	2	62	1	1	1.000000001
chr6	159464963	27	4	12.9	1.84395	2	31	1	1	1.000000001
chr6	160236995	18	4	18.18	1.84395	2	22	0	NA	NA
chr6	160875438	63	5	7.35	1.84395	2	68	1	1	1.000000001
chr6	168376881	36	3	7.69	1.84395	2	39	1	1	1.000000001
chr6	168376895	50	4	7.41	1.84395	2	54	1	1	1.000000001
chr6	168377094	124	12	8.82	1.84395	2	136	1	1	1.000000001
chr6	168377145	108	11	9.24	1.84395	2	119	1	1	1.000000001
chr6	170160096	39	4	9.3	1.84395	2	43	1	1	1.000000001
chr7	1608817	18	4	18.18	1.94073	2	22	0	NA	NA
chr7	2255639	24	4	14.29	1.94073	2	28	0	NA	NA
chr7	5399215	34	3	8.11	1.94073	2	37	1	1	1.000000001
chr7	5430128	21	3	12.5	1.94073	2	24	0	NA	NA
chr7	16899172	57	4	6.56	1.94073	2	61	1	1	1.000000001
chr7	23740408	37	4	9.76	1.94073	2	41	1	1	1.000000001
chr7	44150615	57	4	6.56	1.94073	2	61	1	1	1.000000001
chr7	44801218	20	4	16.67	1.94073	2	24	0	NA	NA
chr7	44869340	62	4	6.06	1.94073	2	66	1	1	1.000000001
chr7	44922231	38	4	9.52	1.94073	2	42	1	1	1.000000001
chr7	45223140	61	4	6.15	1.94073	2	65	1	1	1.000000001
chr7	56564521	79	12	13.19	1.94073	2	91	1	1	1.000000001
chr7	56564532	84	16	16	1.94073	2	100	1	1	1.000000001
chr7	56564578	60	17	22.08	1.94073	2	77	1	1	1.000000001
chr7	56872075	27	3	10	1.94073	2	30	1	1	1.000000001
chr7	63022907	25	9	26.47	1.94073	2	34	1	1	1.000000001
chr7	63215344	272	23	7.8	1.94073	2	295	1	1	1.000000001
chr7	66024087	20	2	9.09	1.94073	2	22	0	NA	NA
chr7	72722494	48	4	7.69	1.94073	2	52	1	1	1.000000001
chr7	73114342	32	3	8.57	1.94073	2	35	1	1	1.000000001
chr7	73246275	40	4	9.09	1.94073	2	44	1	1	1.000000001
chr7	75130792	113	5	4.24	1.94073	2	118	1	1	1.000000001
chr7	75729352	28	4	12.5	1.94073	2	32	1	1	1.000000001
chr7	86825162	77	4	4.94	1.94073	2	81	1	1	1.000000001
chr7	89856571	60	5	7.69	1.94073	2	65	1	1	1.000000001
chr7	89933207	18	2	10	1.94073	2	20	0	NA	NA
chr7	94539501	77	5	6.1	1.94073	2	82	1	1	1.000000001
chr7	98449170	51	4	7.27	1.94073	2	55	1	1	1.000000001
chr7	100091878	58	4	6.45	1.94073	2	62	1	1	1.000000001
chr7	100464985	26	4	13.33	1.94073	2	30	1	1	1.000000001
chr7	100961400	31	5	13.89	1.94073	2	36	1	1	1.000000001
chr7	102741289	72	6	7.69	1.94073	2	78	1	1	1.000000001
chr7	103338512	73	4	5.19	1.94073	2	77	1	1	1.000000001
chr7	117188797	80	14	14.89	1.94073	2	94	1	1	1.000000001
chr7	120389610	71	4	5.33	1.94073	2	75	1	1	1.000000001
chr7	120980829	77	4	4.94	1.94073	2	81	1	1	1.000000001
chr7	128294132	104	4	3.7	1.94073	2	108	1	1	1.000000001
chr7	137407181	101	20	16.53	1.94073	2	121	1	1	1.000000001
chr7	138985204	47	4	7.84	1.94073	2	51	1	1	1.000000001
chr7	142479917	50	14	21.88	1.94073	2	64	1	1	1.000000001
chr7	142659035	35	3	7.89	1.94073	2	38	1	1	1.000000001
chr7	143053210	46	4	8	1.94073	2	50	1	1	1.000000001
chr7	143983005	63	4	5.97	1.94073	2	67	1	1	1.000000001
chr7	148702979	41	3	6.82	1.94073	2	44	1	1	1.000000001
chr7	150175197	60	4	6.25	1.94073	2	64	1	1	1.000000001
chr7	150753830	50	4	7.41	1.94073	2	54	1	1	1.000000001
chr7	150779670	16	4	20	1.94073	2	20	0	NA	NA
chr7	151932824	19	9	32.14	1.94073	2	28	0	NA	NA
chr7	151932848	26	5	16.13	1.94073	2	31	1	1	1.000000001
chr7	151932876	28	6	17.65	1.94073	2	34	1	1	1.000000001
chr7	151935906	34	10	22.73	1.94073	2	44	1	1	1.000000001
chr8	255360	159	18	10.17	2.02216	2	177	1	1	1.000000001
chr8	255458	85	5	5.56	2.02216	2	90	1	1	1.000000001
chr8	6856446	35	11	23.91	2.02216	2	46	1	1	1.000000001
chr8	12036227	116	8	6.45	2.02216	2	124	1	1	1.000000001
chr8	12036280	99	7	6.6	2.02216	2	106	1	1	1.000000001
chr8	12036312	72	7	8.86	2.02216	2	79	1	1	1.000000001
chr8	22086297	21	3	12.5	2.02216	2	24	0	NA	NA
chr8	22478833	42	4	8.7	2.02216	2	46	1	1	1.000000001
chr8	22974370	74	3	3.9	2.02216	2	77	1	1	1.000000001
chr8	23297419	53	4	7.02	2.02216	2	57	1	1	1.000000001
chr8	29996088	67	4	5.63	2.02216	2	71	1	1	1.000000001
chr8	38846807	36	5	12.2	2.02216	2	41	1	1	1.000000001
chr8	52731140	78	19	19.59	2.02216	2	97	1	1	1.000000001
chr8	52731210	112	38	25.33	2.02216	2	150	1	1	1.000000001
chr8	52731292	158	8	4.82	2.02216	2	166	1	1	1.000000001
chr8	52731940	134	21	13.55	2.02216	2	155	1	1	1.000000001
chr8	52731996	109	15	12.1	2.02216	2	124	1	1	1.000000001
chr8	52732249	45	4	8.16	2.02216	2	49	1	1	1.000000001
chr8	52732250	40	10	20	2.02216	2	50	1	1	1.000000001
chr8	52732273	43	9	17.31	2.02216	2	52	1	1	1.000000001
chr8	52732287	41	10	19.61	2.02216	2	51	1	1	1.000000001
chr8	52732755	46	5	9.8	2.02216	2	51	1	1	1.000000001
chr8	52733030	108	9	7.69	2.02216	2	117	1	1	1.000000001
chr8	52733110	99	10	9.17	2.02216	2	109	1	1	1.000000001
chr8	53124586	43	4	8.51	2.02216	2	47	1	1	1.000000001
chr8	69437808	131	12	8.39	2.02216	2	143	1	1	1.000000001
chr8	70585156	23	4	14.81	2.02216	2	27	0	NA	NA
chr8	86572085	233	60	20.48	2.01084	2	293	1	1	1.000000001
chr8	86572261	688	44	6.01	2.01084	2	732	1	1	1.000000001
chr8	100865959	80	4	4.76	2.01084	2	84	1	1	1.000000001
chr8	101718932	54	26	32.5	2.01084	2	80	1	1	1.000000001
chr8	101730113	52	4	7.14	2.01084	2	56	1	1	1.000000001
chr8	121209056	55	4	6.78	2.01084	2	59	1	1	1.000000001
chr8	141712800	46	4	8	2.01084	2	50	1	1	1.000000001
chr8	144875166	24	3	11.11	2.01084	2	27	0	NA	NA
chr8	145583326	34	3	8.11	2.01084	2	37	1	1	1.000000001
chr8	145662479	44	4	8.33	2.01084	2	48	1	1	1.000000001
chr8	145739624	43	6	12.24	2.01084	2	49	1	1	1.000000001
chr9	16934	25	6	19.35	2.11506	2	31	1	1	1.000000001
chr9	15510117	19	3	13.64	2.11506	2	22	0	NA	NA
chr9	33803197	35	7	16.67	1.94288	2	42	1	1	1.000000001
chr9	33803224	30	8	21.05	1.94288	2	38	1	1	1.000000001
chr9	33803255	16	7	30.43	1.94288	2	23	0	NA	NA
chr9	37511678	64	4	5.88	1.94288	2	68	1	1	1.000000001
chr9	40704187	61	4	6.15	1.94288	2	65	1	1	1.000000001
chr9	44069987	56	9	13.85	1.94288	2	65	1	1	1.000000001
chr9	44070038	33	7	17.5	1.94288	2	40	1	1	1.000000001
chr9	44118427	56	4	6.67	1.94288	2	60	1	1	1.000000001
chr9	44118444	55	4	6.78	1.94288	2	59	1	1	1.000000001
chr9	45424492	94	7	6.93	1.94288	2	101	1	1	1.000000001
chr9	45424494	96	7	6.8	1.94288	2	103	1	1	1.000000001
chr9	45728216	375	37	8.98	1.94288	2	412	1	1	1.000000001
chr9	45728315	355	56	13.63	1.94288	2	411	1	1	1.000000001
chr9	66499572	20	5	20	1.94288	2	25	0	NA	NA
chr9	67328446	24	7	22.58	1.94288	2	31	1	1	1.000000001
chr9	68427905	203	27	11.74	1.94288	2	230	1	1	1.000000001
chr9	68430416	89	20	18.35	1.94288	2	109	1	1	1.000000001
chr9	68433612	126	14	10	1.94288	2	140	1	1	1.000000001
chr9	68433626	113	10	8.13	1.94288	2	123	1	1	1.000000001
chr9	69082975	106	17	13.82	1.94288	2	123	1	1	1.000000001
chr9	69390986	148	12	7.5	1.94288	2	160	1	1	1.000000001
chr9	69390991	147	11	6.96	1.94288	2	158	1	1	1.000000001
chr9	69391206	80	7	8.05	1.94288	2	87	1	1	1.000000001
chr9	69398669	31	10	24.39	1.94288	2	41	1	1	1.000000001
chr9	69417648	35	5	12.5	1.94288	2	40	1	1	1.000000001
chr9	69423550	107	8	6.96	1.94288	2	115	1	1	1.000000001
chr9	69423558	122	13	9.63	1.94288	2	135	1	1	1.000000001
chr9	72968318	48	3	5.88	1.94288	2	51	1	1	1.000000001
chr9	73029353	63	4	5.97	1.94288	2	67	1	1	1.000000001
chr9	88287508	49	4	7.55	1.94288	2	53	1	1	1.000000001
chr9	95030565	36	4	10	1.94288	2	40	1	1	1.000000001
chr9	97329575	40	5	11.11	1.94288	2	45	1	1	1.000000001
chr9	107584793	27	6	18.18	1.94288	2	33	1	1	1.000000001
chr9	111745534	46	4	8	1.94288	2	50	1	1	1.000000001
chr9	117119102	40	4	9.09	1.94288	2	44	1	1	1.000000001
chr9	117405518	48	4	7.69	1.94288	2	52	1	1	1.000000001
chr9	130474557	47	4	7.84	1.94288	2	51	1	1	1.000000001
chr9	130703015	56	4	6.67	1.94288	2	60	1	1	1.000000001
chr9	131021382	90	4	4.26	1.94288	2	94	1	1	1.000000001
chr9	131023405	49	4	7.55	1.94288	2	53	1	1	1.000000001
chr9	131028580	92	4	4.17	1.94288	2	96	1	1	1.000000001
chr9	131262607	37	4	9.76	1.94288	2	41	1	1	1.000000001
chr9	135203642	52	4	7.14	1.94288	2	56	1	1	1.000000001
chr9	135787679	45	4	8.16	1.94288	2	49	1	1	1.000000001
chr9	135962189	73	14	16.09	1.94288	2	87	1	1	1.000000001
chr9	139565397	41	4	8.89	1.94288	2	45	1	1	1.000000001
chr9	139565590	43	6	12.24	1.94288	2	49	1	1	1.000000001
chr9	139748053	16	4	20	1.94288	2	20	0	NA	NA
chr9	139749287	49	4	7.55	1.94288	2	53	1	1	1.000000001
chr9	139908300	33	4	10.81	1.94288	2	37	1	1	1.000000001
chr9	140099218	19	3	13.64	1.94288	2	22	0	NA	NA
chr9	140396210	34	5	12.82	1.94288	2	39	1	1	1.000000001
chrX	209714	45	4	8.16	1.35867	NA	49	1	NA	NA
chrX	214230	40	4	9.09	1.35867	NA	44	1	NA	NA
chrX	1561222	59	4	6.35	2.02301	2	63	1	1	1.000000001
chrX	1583408	96	4	4	2.02301	2	100	1	1	1.000000001
chrX	2990091	66	4	5.71	2.02301	2	70	1	1	1.000000001
chrX	22112100	78	4	4.88	2.02301	2	82	1	1	1.000000001
chrX	38420880	48	5	9.43	2.02301	2	53	1	1	1.000000001
chrX	47842745	24	4	14.29	2.02301	2	28	0	NA	NA
chrX	48922681	28	3	9.68	2.02301	2	31	1	1	1.000000001
chrX	55033103	55	4	6.78	2.02301	2	59	1	1	1.000000001
chrX	64754542	41	4	8.89	2.02301	2	45	1	1	1.000000001
chrX	70349682	37	4	9.76	2.02301	2	41	1	1	1.000000001
chrX	70602533	63	4	5.97	2.02301	2	67	1	1	1.000000001
chrX	71495423	37	4	9.76	2.02301	2	41	1	1	1.000000001
chrX	72783141	38	3	7.32	2.02301	2	41	1	1	1.000000001
chrX	73803016	142	30	17.44	2.02301	2	172	1	1	1.000000001
chrX	73803023	143	27	15.88	2.02301	2	170	1	1	1.000000001
chrX	73803029	145	27	15.7	2.02301	2	172	1	1	1.000000001
chrX	73803042	155	25	13.89	2.02301	2	180	1	1	1.000000001
chrX	73803044	158	24	13.19	2.02301	2	182	1	1	1.000000001
chrX	75648554	42	4	8.7	2.02301	2	46	1	1	1.000000001
chrX	101381590	33	3	8.33	2.02301	2	36	1	1	1.000000001
chrX	114141266	77	12	13.48	2.02301	2	89	1	1	1.000000001
chrX	118212792	116	5	4.13	2.02301	2	121	1	1	1.000000001
chrX	118602690	61	4	6.15	2.02301	2	65	1	1	1.000000001
chrX	119739292	26	3	10.34	2.02301	2	29	0	NA	NA
chrX	131203669	50	4	7.41	2.02301	2	54	1	1	1.000000001
chrX	135958730	87	4	4.4	2.02301	2	91	1	1	1.000000001
chrX	151896652	122	6	4.69	2.02301	2	128	1	1	1.000000001
chrX	153009350	38	8	17.39	2.02301	2	46	1	1	1.000000001
chrX	153630854	103	6	5.5	2.02301	2	109	1	1	1.000000001
chrX	153693836	73	4	5.19	2.02301	2	77	1	1	1.000000001
chrX	155239824	25	4	13.79	2.02301	2	29	0	NA	NA
chrX	155252581	59	5	7.81	2.02301	2	64	1	1	1.000000001
