chr	st	BC51T.ref	BC51T.var	BC51T.vaf	BC51T.cn	BC51T.cleancn	BC51T.depth	adequateDepth	cluster	cluster.prob.1	cluster.prob.2
chr1	13813	38	3	7.32	1.60492	NA	41	1	NA	NA	NA
chr1	13838	39	3	7.14	1.60492	NA	42	1	NA	NA	NA
chr1	762472	18	4	18.18	1.60492	NA	22	0	NA	NA	NA
chr1	789099	21	17	44.74	1.60492	NA	38	1	NA	NA	NA
chr1	853350	18	9	33.33	1.60492	NA	27	0	NA	NA	NA
chr1	12939624	112	7	5.88	1.60492	NA	119	1	NA	NA	NA
chr1	13183138	161	12	6.94	1.60492	NA	173	1	NA	NA	NA
chr1	16892238	126	7	5.26	1.60492	NA	133	1	NA	NA	NA
chr1	16894699	129	8	5.84	1.60492	NA	137	1	NA	NA	NA
chr1	16903798	61	11	15.28	1.60492	NA	72	1	NA	NA	NA
chr1	16956644	27	2	6.9	1.60492	NA	29	0	NA	NA	NA
chr1	16972134	55	14	20.29	1.60492	NA	69	1	NA	NA	NA
chr1	16972239	40	4	9.09	1.60492	NA	44	1	NA	NA	NA
chr1	16975005	45	6	11.76	1.60492	NA	51	1	NA	NA	NA
chr1	17023480	18	4	18.18	1.60492	NA	22	0	NA	NA	NA
chr1	17081584	295	43	12.72	1.60492	NA	338	1	NA	NA	NA
chr1	17199654	36	8	18.18	1.60492	NA	44	1	NA	NA	NA
chr1	21943996	18	3	14.29	1.60492	NA	21	0	NA	NA	NA
chr1	32096377	24	3	11.11	1.60492	NA	27	0	NA	NA	NA
chr1	32131605	55	3	5.17	1.60492	NA	58	1	NA	NA	NA
chr1	33979816	66	24	26.67	1.60492	NA	90	1	NA	NA	NA
chr1	46867854	20	3	13.04	1.60492	NA	23	0	NA	NA	NA
chr1	68627004	54	68	55.74	1.60492	NA	122	1	NA	NA	NA
chr1	68627881	75	19	20.21	1.60492	NA	94	1	NA	NA	NA
chr1	68627894	76	20	20.83	1.60492	NA	96	1	NA	NA	NA
chr1	68628282	56	13	18.84	1.60492	NA	69	1	NA	NA	NA
chr1	82436040	52	14	21.21	1.60492	NA	66	1	NA	NA	NA
chr1	142619283	116	14	10.77	2.79898	3	130	1	NA	NA	NA
chr1	142619486	94	19	16.81	2.79898	3	113	1	NA	NA	NA
chr1	142620969	125	22	14.97	2.79898	3	147	1	NA	NA	NA
chr1	142621003	209	15	6.7	2.79898	3	224	1	NA	NA	NA
chr1	142660072	48	10	17.24	2.79898	3	58	1	NA	NA	NA
chr1	142660187	58	17	22.67	2.79898	3	75	1	NA	NA	NA
chr1	142805268	305	57	15.75	2.79898	3	362	1	NA	NA	NA
chr1	142805295	442	72	14.01	2.79898	3	514	1	NA	NA	NA
chr1	142805397	511	56	9.88	2.79898	3	567	1	NA	NA	NA
chr1	142805940	184	16	8	2.79898	3	200	1	NA	NA	NA
chr1	142805942	193	16	7.66	2.79898	3	209	1	NA	NA	NA
chr1	142806294	303	51	14.41	2.79898	3	354	1	NA	NA	NA
chr1	142806785	455	54	10.61	2.79898	3	509	1	NA	NA	NA
chr1	142806888	376	58	13.36	2.79898	3	434	1	NA	NA	NA
chr1	142806894	328	53	13.91	2.79898	3	381	1	NA	NA	NA
chr1	142808185	291	28	8.78	2.79898	3	319	1	NA	NA	NA
chr1	142810346	80	9	10.11	2.79898	3	89	1	NA	NA	NA
chr1	142810859	235	33	12.31	2.79898	3	268	1	NA	NA	NA
chr1	142815359	368	18	4.66	2.79898	3	386	1	NA	NA	NA
chr1	142815884	991	91	8.41	2.79898	3	1082	1	NA	NA	NA
chr1	142820347	247	16	6.08	2.79898	3	263	1	NA	NA	NA
chr1	142822658	283	16	5.35	2.79898	3	299	1	NA	NA	NA
chr1	142824422	195	14	6.7	2.79898	3	209	1	NA	NA	NA
chr1	142826847	394	26	6.19	2.79898	3	420	1	NA	NA	NA
chr1	142826849	397	20	4.8	2.79898	3	417	1	NA	NA	NA
chr1	142826855	406	21	4.92	2.79898	3	427	1	NA	NA	NA
chr1	142828338	70	36	33.96	2.79898	3	106	1	NA	NA	NA
chr1	142847036	103	13	11.21	2.79898	3	116	1	NA	NA	NA
chr1	143166719	94	16	14.55	2.79898	3	110	1	NA	NA	NA
chr1	143166735	84	14	14.29	2.79898	3	98	1	NA	NA	NA
chr1	143209689	699	131	15.78	2.79898	3	830	1	NA	NA	NA
chr1	143209711	635	110	14.77	2.79898	3	745	1	NA	NA	NA
chr1	143209767	586	88	13.06	2.79898	3	674	1	NA	NA	NA
chr1	143217610	167	27	13.92	2.79898	3	194	1	NA	NA	NA
chr1	143217649	140	17	10.83	2.79898	3	157	1	NA	NA	NA
chr1	143767628	377	87	18.75	2.79898	3	464	1	NA	NA	NA
chr1	143767643	287	171	37.34	2.79898	3	458	1	NA	NA	NA
chr1	144619401	101	12	10.62	2.79898	3	113	1	NA	NA	NA
chr1	144828860	413	55	11.75	2.5238	NA	468	1	NA	NA	NA
chr1	145112288	95	32	25.2	2.5238	NA	127	1	NA	NA	NA
chr1	145284371	154	38	19.79	2.5238	NA	192	1	NA	NA	NA
chr1	145296675	104	18	14.75	2.5238	NA	122	1	NA	NA	NA
chr1	145296698	103	14	11.97	2.5238	NA	117	1	NA	NA	NA
chr1	145297661	304	19	5.88	2.5238	NA	323	1	NA	NA	NA
chr1	145302562	27	17	38.64	2.5238	NA	44	1	NA	NA	NA
chr1	145302704	41	7	14.58	2.5238	NA	48	1	NA	NA	NA
chr1	145305770	46	16	25.81	2.5238	NA	62	1	NA	NA	NA
chr1	148010915	202	19	8.6	2.5238	NA	221	1	NA	NA	NA
chr1	148891474	77	19	19.79	2.5238	NA	96	1	NA	NA	NA
chr1	148891481	80	19	19.19	2.5238	NA	99	1	NA	NA	NA
chr1	148903444	53	13	19.7	2.5238	NA	66	1	NA	NA	NA
chr1	149262467	177	35	16.51	2.5238	NA	212	1	NA	NA	NA
chr1	149281996	119	13	9.85	2.5238	NA	132	1	NA	NA	NA
chr1	149290779	46	9	16.36	2.5238	NA	55	1	NA	NA	NA
chr1	152188964	559	39	6.52	4.23394	4	598	1	NA	NA	NA
chr1	152189016	428	22	4.89	4.23394	4	450	1	NA	NA	NA
chr1	161577204	56	15	21.13	2.57326	NA	71	1	NA	NA	NA
chr1	196712522	91	17	15.74	2.57326	NA	108	1	NA	NA	NA
chr1	201178768	566	87	13.32	2.57326	NA	653	1	NA	NA	NA
chr1	201179173	285	31	9.81	2.57326	NA	316	1	NA	NA	NA
chr1	228295380	21	4	16	2.57326	NA	25	0	NA	NA	NA
chr1	248436582	65	15	18.75	2.57326	NA	80	1	NA	NA	NA
chr10	15050032	129	18	12.24	1.67168	NA	147	1	NA	NA	NA
chr10	15050147	197	22	10.05	1.67168	NA	219	1	NA	NA	NA
chr10	15050159	189	16	7.8	1.67168	NA	205	1	NA	NA	NA
chr10	26934563	209	10	4.57	1.70917	NA	219	1	NA	NA	NA
chr10	38475397	27	6	18.18	1.70917	NA	33	1	NA	NA	NA
chr10	38475410	29	5	14.71	1.70917	NA	34	1	NA	NA	NA
chr10	38475415	36	6	14.29	1.70917	NA	42	1	NA	NA	NA
chr10	38475420	36	7	16.28	1.70917	NA	43	1	NA	NA	NA
chr10	38475425	40	9	18.37	1.70917	NA	49	1	NA	NA	NA
chr10	38475431	43	10	18.87	1.70917	NA	53	1	NA	NA	NA
chr10	38475451	44	10	18.52	1.70917	NA	54	1	NA	NA	NA
chr10	38475454	50	10	16.67	1.70917	NA	60	1	NA	NA	NA
chr10	38475472	51	10	16.39	1.70917	NA	61	1	NA	NA	NA
chr10	38475503	48	6	11.11	1.70917	NA	54	1	NA	NA	NA
chr10	38939433	145	12	7.64	1.70917	NA	157	1	NA	NA	NA
chr10	42832104	117	12	9.3	1.70917	NA	129	1	NA	NA	NA
chr10	42949923	71	13	15.48	1.70917	NA	84	1	NA	NA	NA
chr10	49239470	86	18	17.31	1.70917	NA	104	1	NA	NA	NA
chr10	49239581	97	9	8.49	1.70917	NA	106	1	NA	NA	NA
chr10	75573331	30	3	9.09	1.70917	NA	33	1	NA	NA	NA
chr10	81317292	70	23	24.73	1.70917	NA	93	1	NA	NA	NA
chr10	126677013	654	40	5.76	1.70917	NA	694	1	NA	NA	NA
chr10	126677057	862	69	7.41	1.70917	NA	931	1	NA	NA	NA
chr10	126677378	412	39	8.65	1.70917	NA	451	1	NA	NA	NA
chr10	126677380	413	39	8.63	1.70917	NA	452	1	NA	NA	NA
chr10	126677391	422	59	12.27	1.70917	NA	481	1	NA	NA	NA
chr10	126677392	429	53	11	1.70917	NA	482	1	NA	NA	NA
chr10	126677444	418	36	7.93	1.70917	NA	454	1	NA	NA	NA
chr10	126677784	265	33	11.07	1.70917	NA	298	1	NA	NA	NA
chr10	126683226	58	14	19.44	1.70917	NA	72	1	NA	NA	NA
chr11	128758	65	8	10.96	1.71107	NA	73	1	NA	NA	NA
chr11	1016628	370	33	8.19	1.71107	NA	403	1	NA	NA	NA
chr11	1016662	491	35	6.65	1.71107	NA	526	1	NA	NA	NA
chr11	1016693	509	38	6.95	1.71107	NA	547	1	NA	NA	NA
chr11	1016777	686	61	8.17	1.71107	NA	747	1	NA	NA	NA
chr11	1016785	756	35	4.42	1.71107	NA	792	1	NA	NA	NA
chr11	1016833	763	87	10.24	1.71107	NA	850	1	NA	NA	NA
chr11	1016836	756	52	6.44	1.71107	NA	807	1	NA	NA	NA
chr11	1016887	598	66	9.94	1.71107	NA	664	1	NA	NA	NA
chr11	1017059	422	41	8.86	1.71107	NA	463	1	NA	NA	NA
chr11	1017066	469	22	4.48	1.71107	NA	491	1	NA	NA	NA
chr11	1017085	531	30	5.35	1.71107	NA	561	1	NA	NA	NA
chr11	1017090	539	31	5.44	1.71107	NA	570	1	NA	NA	NA
chr11	1017111	360	34	8.63	1.71107	NA	394	1	NA	NA	NA
chr11	1017116	422	30	6.64	1.71107	NA	452	1	NA	NA	NA
chr11	1017152	435	22	4.81	1.71107	NA	457	1	NA	NA	NA
chr11	1017200	580	70	10.77	1.71107	NA	650	1	NA	NA	NA
chr11	1017211	543	50	8.43	1.71107	NA	593	1	NA	NA	NA
chr11	1017221	589	34	5.46	1.71107	NA	623	1	NA	NA	NA
chr11	1017822	444	26	5.53	1.71107	NA	470	1	NA	NA	NA
chr11	1017833	483	54	10.06	1.71107	NA	537	1	NA	NA	NA
chr11	1017841	552	33	5.64	1.71107	NA	585	1	NA	NA	NA
chr11	1017870	585	42	6.7	1.71107	NA	627	1	NA	NA	NA
chr11	1017875	607	29	4.56	1.71107	NA	636	1	NA	NA	NA
chr11	1018275	252	21	7.69	1.71107	NA	273	1	NA	NA	NA
chr11	1018279	189	58	23.48	1.71107	NA	247	1	NA	NA	NA
chr11	1018289	226	31	12.06	1.71107	NA	257	1	NA	NA	NA
chr11	1018312	223	21	8.61	1.71107	NA	244	1	NA	NA	NA
chr11	1018321	231	21	8.33	1.71107	NA	252	1	NA	NA	NA
chr11	1018331	209	13	5.86	1.71107	NA	222	1	NA	NA	NA
chr11	1018333	212	12	5.36	1.71107	NA	224	1	NA	NA	NA
chr11	1018334	210	12	5.41	1.71107	NA	222	1	NA	NA	NA
chr11	1651229	17	5	22.73	1.71107	NA	22	0	NA	NA	NA
chr11	4967831	120	10	7.69	1.71107	NA	130	1	NA	NA	NA
chr11	5345325	55	23	29.49	1.71107	NA	78	1	NA	NA	NA
chr11	65144119	26	3	10.34	1.40522	NA	29	0	NA	NA	NA
chr11	66082735	34	3	8.11	1.40522	NA	37	1	NA	NA	NA
chr11	67079739	27	7	20.59	1.40522	NA	34	1	NA	NA	NA
chr11	67562096	62	5	7.46	1.40522	NA	67	1	NA	NA	NA
chr11	68846328	34	3	8.11	1.40522	NA	37	1	NA	NA	NA
chr11	71527072	171	18	9.52	1.40522	NA	189	1	NA	NA	NA
chr11	102713205	17	10	37.04	1.40522	NA	27	0	NA	NA	NA
chr12	9456729	44	11	20	1.69725	NA	55	1	NA	NA	NA
chr12	11183133	189	27	12.5	1.69725	NA	216	1	NA	NA	NA
chr12	11183142	199	27	11.95	1.69725	NA	226	1	NA	NA	NA
chr12	11183174	188	14	6.93	1.69725	NA	202	1	NA	NA	NA
chr12	11183177	198	13	6.16	1.69725	NA	211	1	NA	NA	NA
chr12	11183178	198	13	6.16	1.69725	NA	211	1	NA	NA	NA
chr12	11214264	238	23	8.81	1.69725	NA	261	1	NA	NA	NA
chr12	42477389	86	23	21.1	1.69725	NA	109	1	NA	NA	NA
chr12	42477390	83	24	22.43	1.69725	NA	107	1	NA	NA	NA
chr12	42477397	89	25	21.93	1.69725	NA	114	1	NA	NA	NA
chr12	42477402	86	25	22.52	1.69725	NA	111	1	NA	NA	NA
chr12	42477465	88	24	21.43	1.69725	NA	112	1	NA	NA	NA
chr12	42477498	79	19	19.39	1.69725	NA	98	1	NA	NA	NA
chr12	42477499	80	19	19.19	1.69725	NA	99	1	NA	NA	NA
chr12	42477500	81	19	19	1.69725	NA	100	1	NA	NA	NA
chr12	42480041	81	17	17.35	1.69725	NA	98	1	NA	NA	NA
chr12	42480054	99	17	14.66	1.69725	NA	116	1	NA	NA	NA
chr12	42480067	108	16	12.9	1.69725	NA	124	1	NA	NA	NA
chr12	42480073	107	16	13.01	1.69725	NA	123	1	NA	NA	NA
chr12	42480074	102	16	13.56	1.69725	NA	118	1	NA	NA	NA
chr12	57864652	41	3	6.82	1.69725	NA	44	1	NA	NA	NA
chr12	69247799	48	4	7.69	1.69725	NA	52	1	NA	NA	NA
chr12	109725664	22	2	8.33	1.69725	NA	24	0	NA	NA	NA
chr12	112080092	61	5	7.58	1.69725	NA	66	1	NA	NA	NA
chr12	113710498	46	15	24.59	1.69725	NA	61	1	NA	NA	NA
chr12	115121707	28	6	17.65	1.69725	NA	34	1	NA	NA	NA
chr12	123892646	23	11	32.35	1.69725	NA	34	1	NA	NA	NA
chr12	123892672	26	5	16.13	1.69725	NA	31	1	NA	NA	NA
chr12	123892684	33	6	15.38	1.69725	NA	39	1	NA	NA	NA
chr12	123893372	22	9	29.03	1.69725	NA	31	1	NA	NA	NA
chr12	123893377	22	10	31.25	1.69725	NA	32	1	NA	NA	NA
chr12	123893397	25	7	21.88	1.69725	NA	32	1	NA	NA	NA
chr12	123893416	22	8	26.67	1.69725	NA	30	1	NA	NA	NA
chr13	19412953	194	9	4.43	1.83147	2	203	1	2	0.318861311071629	0.681138690928371
chr13	19419995	91	20	18.02	1.83147	2	111	1	1	0.999143480267829	0.000856521732171263
chr13	19420033	87	14	13.86	1.83147	2	101	1	1	0.924339857347764	0.0756601446522361
chr13	19420035	89	14	13.59	1.83147	2	103	1	1	0.904434921045701	0.0955650809542989
chr13	19422896	111	14	11.2	1.83147	2	125	1	1	0.563628652911398	0.436371349088602
chr13	28536826	27	3	10	1.80876	2	30	1	2	0.370595474244317	0.629404527755683
chr13	50466829	86	11	11.34	1.80876	2	97	1	1	0.588520632472133	0.411479369527867
chr14	19110364	171	25	12.76	1.72118	NA	196	1	NA	NA	NA
chr15	20776106	92	10	9.8	1.65806	NA	102	1	NA	NA	NA
chr15	20776116	94	9	8.74	1.65806	NA	103	1	NA	NA	NA
chr15	20776245	72	11	13.25	1.65806	NA	83	1	NA	NA	NA
chr15	20776249	71	11	13.41	1.65806	NA	82	1	NA	NA	NA
chr15	23282589	83	21	20.19	1.65806	NA	104	1	NA	NA	NA
chr15	23501265	123	8	6.11	1.65806	NA	131	1	NA	NA	NA
chr15	24414346	38	4	9.52	1.65806	NA	42	1	NA	NA	NA
chr15	28989968	35	8	18.6	1.65806	NA	43	1	NA	NA	NA
chr15	42442353	31	3	8.82	1.65806	NA	34	1	NA	NA	NA
chr15	48054522	21	10	32.26	1.65806	NA	31	1	NA	NA	NA
chr15	75651040	18	13	41.94	1.62619	NA	31	1	NA	NA	NA
chr15	76030074	47	12	20.34	1.62619	NA	59	1	NA	NA	NA
chr15	76030075	50	12	19.35	1.62619	NA	62	1	NA	NA	NA
chr15	76030078	53	12	18.46	1.62619	NA	65	1	NA	NA	NA
chr15	76030115	83	15	15.31	1.62619	NA	98	1	NA	NA	NA
chr15	76030135	88	14	13.73	1.62619	NA	102	1	NA	NA	NA
chr15	100340264	41	13	24.07	1.62619	NA	54	1	NA	NA	NA
chr15	100340266	42	12	22.22	1.62619	NA	54	1	NA	NA	NA
chr15	100340278	56	13	18.84	1.62619	NA	69	1	NA	NA	NA
chr15	100340308	73	7	8.75	1.62619	NA	80	1	NA	NA	NA
chr15	102517868	77	29	27.36	1.62619	NA	106	1	NA	NA	NA
chr16	64480	16	9	36	1.37345	NA	25	0	NA	NA	NA
chr16	779099	20	2	9.09	1.37345	NA	22	0	NA	NA	NA
chr16	1306700	58	4	6.45	1.37345	NA	62	1	NA	NA	NA
chr16	29496770	142	15	9.55	1.37345	NA	157	1	NA	NA	NA
chr16	29496772	147	17	10.37	1.37345	NA	164	1	NA	NA	NA
chr16	29496929	110	7	5.98	1.37345	NA	117	1	NA	NA	NA
chr16	29496932	103	11	9.65	1.37345	NA	114	1	NA	NA	NA
chr16	32192620	19	6	24	1.37345	NA	25	0	NA	NA	NA
chr16	32192638	22	7	24.14	1.37345	NA	29	0	NA	NA	NA
chr16	33544302	285	21	6.86	1.37345	NA	306	1	NA	NA	NA
chr16	33961506	27	7	20.59	1.37345	NA	34	1	NA	NA	NA
chr16	33961714	20	5	20	1.37345	NA	25	0	NA	NA	NA
chr16	57748750	37	22	37.29	1.37345	NA	59	1	NA	NA	NA
chr16	74444687	19	2	9.52	1.37345	NA	21	0	NA	NA	NA
chr16	90235125	124	7	5.34	1.37345	NA	131	1	NA	NA	NA
chr16	90235881	131	9	6.43	1.37345	NA	140	1	NA	NA	NA
chr17	7350157	18	3	14.29	1.57767	NA	21	0	NA	NA	NA
chr17	15640806	29	5	14.71	1.57767	NA	34	1	NA	NA	NA
chr17	15641409	63	5	7.35	1.57767	NA	68	1	NA	NA	NA
chr17	16068278	47	21	30.88	1.57767	NA	68	1	NA	NA	NA
chr17	16705600	77	43	35.83	1.57767	NA	120	1	NA	NA	NA
chr17	20768132	109	18	14.17	1.57767	NA	127	1	NA	NA	NA
chr17	20768134	110	18	14.06	1.57767	NA	128	1	NA	NA	NA
chr17	20768137	114	17	12.98	1.57767	NA	131	1	NA	NA	NA
chr17	20768142	127	19	13.01	1.57767	NA	146	1	NA	NA	NA
chr17	39389493	171	12	6.56	1.56949	NA	183	1	NA	NA	NA
chr17	43189859	22	3	12	1.56949	NA	25	0	NA	NA	NA
chr17	45214690	290	30	9.38	1.56949	NA	320	1	NA	NA	NA
chr17	45221281	32	12	27.27	1.56949	NA	44	1	NA	NA	NA
chr17	63223437	27	3	10	1.56949	NA	30	1	NA	NA	NA
chr17	63639879	42	3	6.67	1.56949	NA	45	1	NA	NA	NA
chr17	71167480	42	10	19.23	1.56949	NA	52	1	NA	NA	NA
chr18	48137	207	32	13.39	1.68144	NA	239	1	NA	NA	NA
chr18	14183574	39	9	18.75	1.6874	NA	48	1	NA	NA	NA
chr18	14183814	137	22	13.84	1.6874	NA	159	1	NA	NA	NA
chr18	14183823	149	12	7.45	1.6874	NA	161	1	NA	NA	NA
chr18	14183848	136	10	6.85	1.6874	NA	146	1	NA	NA	NA
chr18	14184151	100	19	15.97	1.6874	NA	119	1	NA	NA	NA
chr18	14184254	28	10	26.32	1.6874	NA	38	1	NA	NA	NA
chr18	14217977	96	10	9.43	1.71868	NA	106	1	NA	NA	NA
chr18	14218132	116	41	26.11	1.71868	NA	157	1	NA	NA	NA
chr18	14341718	103	7	6.36	1.71868	NA	110	1	NA	NA	NA
chr18	14341733	78	6	7.14	1.71868	NA	84	1	NA	NA	NA
chr18	15271452	104	7	6.31	1.71868	NA	111	1	NA	NA	NA
chr18	15325567	103	21	16.94	1.71868	NA	124	1	NA	NA	NA
chr19	199789	55	5	8.33	1.52573	NA	60	1	NA	NA	NA
chr19	199826	50	8	13.79	1.52573	NA	58	1	NA	NA	NA
chr19	1482736	18	2	10	1.52573	NA	20	0	NA	NA	NA
chr19	8993450	35	3	7.89	1.52573	NA	38	1	NA	NA	NA
chr19	8993452	32	3	8.57	1.52573	NA	35	1	NA	NA	NA
chr19	9006797	40	8	16.67	1.52573	NA	48	1	NA	NA	NA
chr19	9006805	36	8	18.18	1.52573	NA	44	1	NA	NA	NA
chr19	17330006	18	2	10	1.52573	NA	20	0	NA	NA	NA
chr19	22155783	324	17	4.99	1.52573	NA	341	1	NA	NA	NA
chr19	22846680	37	11	22.92	1.52573	NA	48	1	NA	NA	NA
chr19	48453662	418	22	5	1.52573	NA	440	1	NA	NA	NA
chr19	49527496	22	7	24.14	1.52573	NA	29	0	NA	NA	NA
chr19	53391453	22	10	31.25	1.52573	NA	32	1	NA	NA	NA
chr19	55271931	16	9	36	1.52573	NA	25	0	NA	NA	NA
chr2	905578	503	36	6.68	1.68564	NA	539	1	NA	NA	NA
chr2	905579	512	36	6.57	1.68564	NA	548	1	NA	NA	NA
chr2	905651	174	16	8.42	1.68564	NA	190	1	NA	NA	NA
chr2	905662	175	9	4.89	1.68564	NA	184	1	NA	NA	NA
chr2	905744	313	15	4.57	1.68564	NA	328	1	NA	NA	NA
chr2	26615162	52	21	28.77	1.68564	NA	73	1	NA	NA	NA
chr2	70524416	53	16	23.19	1.70811	NA	69	1	NA	NA	NA
chr2	89072199	79	10	11.24	1.70811	NA	89	1	NA	NA	NA
chr2	89072302	118	7	5.6	1.70811	NA	125	1	NA	NA	NA
chr2	89103982	42	6	12.5	1.70811	NA	48	1	NA	NA	NA
chr2	89104158	77	25	24.51	1.70811	NA	102	1	NA	NA	NA
chr2	89104182	86	37	30.08	1.70811	NA	123	1	NA	NA	NA
chr2	91927343	22	4	15.38	1.70811	NA	26	0	NA	NA	NA
chr2	92076569	59	10	14.49	1.70811	NA	69	1	NA	NA	NA
chr2	92080373	84	5	5.62	1.70811	NA	89	1	NA	NA	NA
chr2	95502527	54	10	15.62	1.70811	NA	64	1	NA	NA	NA
chr2	95511185	144	20	12.2	1.70811	NA	164	1	NA	NA	NA
chr2	95511218	116	16	12.12	1.70811	NA	132	1	NA	NA	NA
chr2	95511925	111	7	5.93	1.70811	NA	118	1	NA	NA	NA
chr2	95512022	83	28	25.23	1.70811	NA	111	1	NA	NA	NA
chr2	95512033	85	27	24.11	1.70811	NA	112	1	NA	NA	NA
chr2	95513554	101	14	12.17	1.70811	NA	115	1	NA	NA	NA
chr2	95514073	71	7	8.97	1.70811	NA	78	1	NA	NA	NA
chr2	95515026	101	19	15.83	1.70811	NA	120	1	NA	NA	NA
chr2	95515028	98	19	16.24	1.70811	NA	117	1	NA	NA	NA
chr2	95515041	96	5	4.95	1.70811	NA	101	1	NA	NA	NA
chr2	95515042	91	8	8.08	1.70811	NA	99	1	NA	NA	NA
chr2	96515985	317	31	8.91	1.70811	NA	348	1	NA	NA	NA
chr2	96516084	80	31	27.93	1.70811	NA	111	1	NA	NA	NA
chr2	96517733	345	30	8	1.70811	NA	375	1	NA	NA	NA
chr2	96525453	21	8	27.59	1.70811	NA	29	0	NA	NA	NA
chr2	96601666	22	10	31.25	1.70811	NA	32	1	NA	NA	NA
chr2	96601703	18	9	33.33	1.70811	NA	27	0	NA	NA	NA
chr2	96610525	37	12	24.49	1.70811	NA	49	1	NA	NA	NA
chr2	96610540	30	11	26.83	1.70811	NA	41	1	NA	NA	NA
chr2	97829946	131	14	9.66	1.70811	NA	145	1	NA	NA	NA
chr2	97871699	144	23	13.77	1.70811	NA	167	1	NA	NA	NA
chr2	114352916	72	13	15.29	1.70811	NA	85	1	NA	NA	NA
chr2	120438618	52	3	5.45	1.70811	NA	55	1	NA	NA	NA
chr2	130912165	18	2	10	1.70811	NA	20	0	NA	NA	NA
chr2	132045038	150	9	5.66	1.70811	NA	159	1	NA	NA	NA
chr2	132045049	142	9	5.96	1.70811	NA	151	1	NA	NA	NA
chr2	132045060	145	9	5.84	1.70811	NA	154	1	NA	NA	NA
chr2	132861111	114	16	12.31	1.70811	NA	130	1	NA	NA	NA
chr2	132861114	108	16	12.9	1.70811	NA	124	1	NA	NA	NA
chr2	132861139	114	29	20.28	1.70811	NA	143	1	NA	NA	NA
chr2	132861198	114	16	12.31	1.70811	NA	130	1	NA	NA	NA
chr2	132905601	62	24	27.91	1.70811	NA	86	1	NA	NA	NA
chr2	133015055	33	5	13.16	1.70811	NA	38	1	NA	NA	NA
chr2	133015085	26	12	31.58	1.70811	NA	38	1	NA	NA	NA
chr2	133015095	39	12	23.53	1.70811	NA	51	1	NA	NA	NA
chr2	133015191	453	32	6.6	1.70811	NA	485	1	NA	NA	NA
chr2	133015216	542	27	4.75	1.70811	NA	568	1	NA	NA	NA
chr2	133015268	80	21	20.79	1.70811	NA	101	1	NA	NA	NA
chr2	133015276	301	19	5.94	1.70811	NA	320	1	NA	NA	NA
chr2	133015285	381	20	4.99	1.70811	NA	401	1	NA	NA	NA
chr2	133015299	414	25	5.69	1.70811	NA	439	1	NA	NA	NA
chr2	133015300	397	34	7.89	1.70811	NA	431	1	NA	NA	NA
chr2	133015321	474	34	6.69	1.70811	NA	508	1	NA	NA	NA
chr2	133015368	280	26	8.5	1.70811	NA	306	1	NA	NA	NA
chr2	133015408	14	42	75	1.70811	NA	56	1	NA	NA	NA
chr2	219082298	18	3	14.29	1.77006	2	21	0	NA	NA	NA
chr2	233273207	31	11	26.19	1.77006	2	42	1	1	0.999999993325765	8.67423527002371e-09
chr20	25752826	173	10	5.46	3.43355	NA	183	1	NA	NA	NA
chr20	25752845	187	10	5.08	3.43355	NA	197	1	NA	NA	NA
chr20	26063442	44	11	20	1.59085	NA	55	1	NA	NA	NA
chr20	26063469	42	9	17.65	1.59085	NA	51	1	NA	NA	NA
chr20	26063490	34	7	17.07	1.59085	NA	41	1	NA	NA	NA
chr20	29628273	235	11	4.47	1.59085	NA	246	1	NA	NA	NA
chr20	29628282	208	10	4.59	1.59085	NA	218	1	NA	NA	NA
chr20	29632562	218	21	8.79	1.59085	NA	239	1	NA	NA	NA
chr20	29632680	593	37	5.87	1.59085	NA	630	1	NA	NA	NA
chr20	29637939	540	69	11.33	1.59085	NA	609	1	NA	NA	NA
chr21	9892273	56	22	28.21	1.68986	NA	78	1	NA	NA	NA
chr21	9921329	21	10	32.26	1.68986	NA	31	1	NA	NA	NA
chr21	9921352	23	9	28.12	1.68986	NA	32	1	NA	NA	NA
chr21	9922099	19	8	29.63	1.68986	NA	27	0	NA	NA	NA
chr21	9926700	56	3	5.08	1.68986	NA	59	1	NA	NA	NA
chr21	9926702	56	3	5.08	1.68986	NA	59	1	NA	NA	NA
chr21	9927034	258	15	5.49	1.68986	NA	273	1	NA	NA	NA
chr21	9927289	40	9	18.37	1.68986	NA	49	1	NA	NA	NA
chr21	11020740	93	9	8.82	1.68986	NA	102	1	NA	NA	NA
chr21	11020869	152	32	17.39	1.68986	NA	184	1	NA	NA	NA
chr21	38123476	50	19	27.54	1.68986	NA	69	1	NA	NA	NA
chr21	46020720	34	31	47.69	1.68986	NA	65	1	NA	NA	NA
chr21	46020721	34	27	44.26	1.68986	NA	61	1	NA	NA	NA
chr21	46020742	55	49	47.12	1.68986	NA	104	1	NA	NA	NA
chr22	18314804	8	14	63.64	1.02847	1	22	0	NA	NA	NA
chr22	18774819	24	10	29.41	2.25793	NA	34	1	NA	NA	NA
chr22	18774874	33	3	8.33	2.25793	NA	36	1	NA	NA	NA
chr22	18840900	49	8	14.04	2.25793	NA	57	1	NA	NA	NA
chr22	20366957	25	5	16.67	2.25793	NA	30	1	NA	NA	NA
chr22	22985902	290	31	9.66	2.28105	NA	321	1	NA	NA	NA
chr22	23660709	104	8	7.14	2.28105	NA	112	1	NA	NA	NA
chr22	25048011	92	35	27.56	2.28105	NA	127	1	NA	NA	NA
chr22	31602587	17	8	32	1.16159	1	25	0	NA	NA	NA
chr22	31658237	21	2	8.7	1.16159	1	23	0	NA	NA	NA
chr22	50686187	19	2	9.52	1.11065	1	21	0	NA	NA	NA
chr22	51229759	22	4	15.38	1.11065	1	26	0	NA	NA	NA
chr3	8730201	175	14	7.41	1.7358	NA	189	1	NA	NA	NA
chr3	49723823	63	14	18.18	1.75589	2	77	1	1	0.999295950053489	0.000704051946510615
chr3	75713955	82	10	10.87	1.75589	2	92	1	1	0.505934212160158	0.494065789839842
chr3	75713958	69	21	23.33	1.75589	2	90	1	1	0.999999362983612	6.39016388258273e-07
chr3	75713963	72	17	19.1	1.75589	2	89	1	1	0.999778031147612	0.000221970852387525
chr3	75714034	77	12	13.48	1.75589	2	89	1	1	0.895209929177116	0.104790072822884
chr3	75714231	185	27	12.74	1.75589	2	212	1	1	0.814804086760246	0.185195915239754
chr3	100174916	61	18	22.78	1.75589	2	79	1	1	0.999998568874767	1.43312523317671e-06
chr3	141762448	50	13	20.63	1.75589	2	63	1	1	0.999970467208834	2.95347911664152e-05
chr3	141762454	51	14	21.54	1.75589	2	65	1	1	0.999991576210349	8.42578965086452e-06
chr3	141762471	64	14	17.95	1.75589	2	78	1	1	0.999067203148875	0.000932798851125078
chr3	141762477	70	14	16.67	1.75589	2	84	1	1	0.995781244440175	0.00421875755982523
chr3	195506590	53	7	11.67	1.75589	2	60	1	1	0.647031274791193	0.352968727208806
chr3	195507205	239	16	6.27	1.75589	2	255	1	2	0.170691441587645	0.829308560412355
chr3	195507592	296	25	7.79	1.75589	2	321	1	2	0.187103994105196	0.812896007894803
chr3	195507604	259	25	8.8	1.75589	2	284	1	2	0.243484767122388	0.756515234877612
chr3	195507605	272	17	5.88	1.75589	2	289	1	2	0.1806581961339	0.8193418058661
chr3	195507614	251	17	6.34	1.75589	2	268	1	2	0.169625635167964	0.830374366832036
chr3	195507620	263	17	6.07	1.75589	2	280	1	2	0.174903835522319	0.825096166477681
chr3	195507702	202	36	15.13	1.75589	2	238	1	1	0.977589553131921	0.0224104488680785
chr3	195510133	146	13	8.18	1.75589	2	159	1	2	0.204140341706353	0.795859660293647
chr3	195511412	375	41	9.86	1.75589	2	416	1	2	0.352014761060061	0.647985240939938
chr3	195511431	327	28	7.89	1.75589	2	355	1	2	0.190946766202937	0.809053235797063
chr3	195511877	630	71	10.13	1.75589	2	701	1	2	0.388723020525729	0.611276981474271
chr3	195513621	381	21	5.22	1.75589	2	402	1	2	0.217790505844108	0.782209496155892
chr3	195690139	83	10	10.75	1.75589	2	93	1	2	0.485562543670416	0.514437458329584
chr4	8983308	281	29	9.35	1.79801	2	310	1	2	0.292799609093079	0.707200392906921
chr4	8983339	297	28	8.62	1.79801	2	325	1	2	0.230395417953907	0.769604584046093
chr4	8983347	296	27	8.36	1.79801	2	323	1	2	0.213934572136607	0.786065429863393
chr4	8983355	295	26	8.1	1.79801	2	321	1	2	0.200188933278134	0.799811068721866
chr4	9232229	254	18	6.62	1.79801	2	272	1	2	0.167300039093329	0.832699962906671
chr4	9565142	103	10	8.85	1.79801	2	113	1	2	0.24737731548586	0.752622686514139
chr4	16037352	26	41	61.19	1.79801	2	67	1	1	1.000000001	1e-09
chr4	49214312	36	9	20	1.79801	2	45	1	1	0.999931260563581	6.87414364191428e-05
chr4	49214878	202	13	6.05	1.79801	2	215	1	2	0.175425480143547	0.824574521856453
chr4	119555245	120	10	7.69	1.79801	2	130	1	2	0.183611251262199	0.8163887507378
chr4	119555246	123	10	7.52	1.79801	2	133	1	2	0.178459934003382	0.821540067996618
chr4	190805495	300	20	6.25	1.79801	2	320	1	2	0.171033617752136	0.828966384247864
chr5	75537486	80	29	26.61	1.85228	2	109	1	1	0.999999997108375	4.89162532342618e-09
chr5	176026138	23	12	34.29	1.73568	NA	35	1	NA	NA	NA
chr5	176026143	26	12	31.58	1.73568	NA	38	1	NA	NA	NA
chr6	29945394	27	4	12.9	1.69056	NA	31	1	NA	NA	NA
chr6	31896533	22	11	33.33	1.69056	NA	33	1	NA	NA	NA
chr6	57398226	63	61	49.19	1.69056	NA	124	1	NA	NA	NA
chr6	111179601	45	10	18.18	1.34649	NA	55	1	NA	NA	NA
chr6	111179602	48	10	17.24	1.34649	NA	58	1	NA	NA	NA
chr6	161054859	198	37	15.74	1.29711	NA	235	1	NA	NA	NA
chr6	161056112	42	10	19.23	1.29711	NA	52	1	NA	NA	NA
chr7	11860871	88	32	26.67	1.70055	NA	120	1	NA	NA	NA
chr7	56899383	25	12	32.43	1.6747	NA	37	1	NA	NA	NA
chr7	56899399	31	11	26.19	1.6747	NA	42	1	NA	NA	NA
chr7	63208347	38	4	9.52	1.6747	NA	42	1	NA	NA	NA
chr7	63213634	199	22	9.95	1.6747	NA	221	1	NA	NA	NA
chr7	63213718	193	30	13.45	1.6747	NA	223	1	NA	NA	NA
chr7	63221567	17	8	32	1.6747	NA	25	0	NA	NA	NA
chr7	63222577	36	11	23.4	1.6747	NA	47	1	NA	NA	NA
chr7	102782263	77	7	8.33	1.72692	NA	84	1	NA	NA	NA
chr7	102782288	77	6	7.23	1.72692	NA	83	1	NA	NA	NA
chr7	102782290	74	6	7.5	1.72692	NA	80	1	NA	NA	NA
chr7	102782306	75	6	7.41	1.72692	NA	81	1	NA	NA	NA
chr7	117188850	98	12	10.91	1.72692	NA	110	1	NA	NA	NA
chr7	124403991	27	9	25	1.72692	NA	36	1	NA	NA	NA
chr7	127011669	101	19	15.83	1.72692	NA	120	1	NA	NA	NA
chr7	128210643	33	13	28.26	1.72692	NA	46	1	NA	NA	NA
chr7	128292569	95	30	24	1.72692	NA	125	1	NA	NA	NA
chr7	142457301	47	14	22.95	1.72692	NA	61	1	NA	NA	NA
chr7	142457304	45	14	23.73	1.72692	NA	59	1	NA	NA	NA
chr7	142457313	46	15	24.59	1.72692	NA	61	1	NA	NA	NA
chr7	142457316	48	16	25	1.72692	NA	64	1	NA	NA	NA
chr7	142457343	57	19	25	1.72692	NA	76	1	NA	NA	NA
chr7	142457347	57	19	25	1.72692	NA	76	1	NA	NA	NA
chr7	142457365	52	15	22.39	1.72692	NA	67	1	NA	NA	NA
chr7	142457375	42	13	23.64	1.72692	NA	55	1	NA	NA	NA
chr7	142457382	39	10	20.41	1.72692	NA	49	1	NA	NA	NA
chr7	142457386	38	9	19.15	1.72692	NA	47	1	NA	NA	NA
chr7	142457402	36	6	14.29	1.72692	NA	42	1	NA	NA	NA
chr7	151932824	18	12	40	1.72692	NA	30	1	NA	NA	NA
chr7	151932848	28	5	15.15	1.72692	NA	33	1	NA	NA	NA
chr7	151932876	32	8	20	1.72692	NA	40	1	NA	NA	NA
chr7	151945101	349	21	5.68	1.72692	NA	370	1	NA	NA	NA
chr7	151962153	58	9	13.43	1.72692	NA	67	1	NA	NA	NA
chr7	158663833	41	3	6.82	1.72692	NA	44	1	NA	NA	NA
chr8	10465086	164	26	13.68	1.7358	NA	190	1	NA	NA	NA
chr8	12285972	27	9	25	1.7358	NA	36	1	NA	NA	NA
chr8	12285998	24	7	22.58	1.7358	NA	31	1	NA	NA	NA
chr8	52732768	75	25	25	1.7358	NA	100	1	NA	NA	NA
chr8	52732781	78	24	23.53	1.7358	NA	102	1	NA	NA	NA
chr8	52733121	152	13	7.88	1.7358	NA	165	1	NA	NA	NA
chr8	52733143	98	33	25.19	1.7358	NA	131	1	NA	NA	NA
chr8	86572085	365	102	21.84	1.7358	NA	467	1	NA	NA	NA
chr8	145096293	22	3	12	1.7358	NA	25	0	NA	NA	NA
chr9	13061	98	19	16.24	1.8908	2	117	1	1	0.993156200710374	0.00684380128962612
chr9	14810	48	8	14.29	1.8908	2	56	1	1	0.948864928923219	0.0511350730767808
chr9	117800	95	10	9.52	1.8908	2	105	1	2	0.311057755513448	0.688942246486552
chr9	33386144	24	13	35.14	1.69279	NA	37	1	NA	NA	NA
chr9	33386146	22	13	37.14	1.69279	NA	35	1	NA	NA	NA
chr9	44091315	79	9	10.23	1.69279	NA	88	1	NA	NA	NA
chr9	45080311	45	3	6.25	1.69279	NA	48	1	NA	NA	NA
chr9	45727963	166	38	18.63	1.69279	NA	204	1	NA	NA	NA
chr9	66500754	102	6	5.56	1.69279	NA	108	1	NA	NA	NA
chr9	66500772	116	8	6.45	1.69279	NA	124	1	NA	NA	NA
chr9	66553736	85	5	5.56	1.69279	NA	90	1	NA	NA	NA
chr9	67273407	20	4	16.67	1.69279	NA	24	0	NA	NA	NA
chr9	67293352	55	9	14.06	1.69279	NA	64	1	NA	NA	NA
chr9	67293386	54	20	27.03	1.69279	NA	74	1	NA	NA	NA
chr9	67957940	111	10	8.26	1.69279	NA	121	1	NA	NA	NA
chr9	67957948	113	7	5.83	1.69279	NA	120	1	NA	NA	NA
chr9	67957954	101	5	4.72	1.69279	NA	106	1	NA	NA	NA
chr9	68427809	371	29	7.25	1.69279	NA	400	1	NA	NA	NA
chr9	68427840	405	59	12.72	1.69279	NA	464	1	NA	NA	NA
chr9	68427854	411	55	11.8	1.69279	NA	466	1	NA	NA	NA
chr9	68427876	325	47	12.63	1.69279	NA	372	1	NA	NA	NA
chr9	68427905	221	19	7.92	1.69279	NA	240	1	NA	NA	NA
chr9	68430193	726	34	4.47	1.69279	NA	761	1	NA	NA	NA
chr9	68430416	225	46	16.97	1.69279	NA	271	1	NA	NA	NA
chr9	68433560	215	26	10.79	1.69279	NA	241	1	NA	NA	NA
chr9	68433612	172	31	15.27	1.69279	NA	203	1	NA	NA	NA
chr9	68433626	158	19	10.73	1.69279	NA	177	1	NA	NA	NA
chr9	69083077	214	11	4.89	1.69279	NA	225	1	NA	NA	NA
chr9	69390903	64	5	7.25	1.69279	NA	69	1	NA	NA	NA
chr9	69390986	167	24	12.57	1.69279	NA	191	1	NA	NA	NA
chr9	69390991	169	24	12.44	1.69279	NA	193	1	NA	NA	NA
chr9	69423664	222	24	9.76	1.69279	NA	246	1	NA	NA	NA
chr9	69901397	28	7	20	1.69279	NA	35	1	NA	NA	NA
chr9	69901398	26	7	21.21	1.69279	NA	33	1	NA	NA	NA
chr9	70919325	118	33	21.85	1.69279	NA	151	1	NA	NA	NA
chr9	139100528	17	7	29.17	1.69279	NA	24	0	NA	NA	NA
chrX	8434497	82	13	13.68	1.75078	2	95	1	1	0.911491901041369	0.088508100958631
chrX	8434503	80	11	12.09	1.75078	2	91	1	1	0.718528343276024	0.281471658723976
chrX	48775919	23	3	11.54	1.75078	2	26	0	NA	NA	NA
chrX	53441727	29	9	23.68	1.75078	2	38	1	1	0.999999622302194	3.79697806329433e-07
chrX	70683741	22	3	12	1.75078	2	25	0	NA	NA	NA
chrX	73803042	215	16	6.93	1.75078	2	231	1	2	0.168060568432445	0.831939433567555
chrX	73803044	210	14	6.25	1.75078	2	224	1	2	0.171033617752136	0.828966384247864
chrX	73803057	209	14	6.28	1.75078	2	223	1	2	0.170526694066959	0.829473307933041
chrX	73803082	196	24	10.91	1.75078	2	220	1	1	0.512811408924396	0.487188593075604
chrX	153008318	18	7	28	1.75163	2	25	0	NA	NA	NA
chrX	153008320	21	7	25	1.75163	2	28	0	NA	NA	NA
chrX	153008343	19	8	29.63	1.75163	2	27	0	NA	NA	NA
chrX	153008347	22	8	26.67	1.75163	2	30	1	1	0.999999997470328	4.52967194237736e-09
chrX	153008360	25	7	21.88	1.75163	2	32	1	1	0.999994781437157	5.2205628425195e-06
chrX	153008363	22	7	24.14	1.75163	2	29	0	NA	NA	NA
chrX	153008476	35	9	20.45	1.75163	2	44	1	1	0.999962329442128	3.76725578714832e-05
chrX	153008483	34	10	22.73	1.75163	2	44	1	1	0.999998460690309	1.54130969139455e-06
chrX	153214313	57	4	6.56	1.75163	2	61	1	2	0.167547841016428	0.832452160983572
chrX	155252882	21	3	12.5	1.75163	2	24	0	NA	NA	NA
chrX	155255142	71	4	5.33	1.75163	2	75	1	2	0.209360607418192	0.790639394581807
